1.554619999999999891e-01
-2.271380000000000066e-01
-6.110379999999999701e-01
-6.135380000000000278e-01
-2.327380000000000004e-01
1.527620000000000089e-01
-1.014737999999999918e+00
-1.063037999999999927e+00
-7.227379999999999916e-01
-2.838379999999999792e-01
-8.236379999999999812e-01
7.984620000000000051e-01
3.931620000000000115e-01
-6.159379999999999855e-01
-8.957380000000000342e-01
-1.664380000000000026e-01
8.458620000000000028e-01
1.130562000000000067e+00
5.657619999999999871e-01
-2.257379999999999942e-01
1.659162000000000026e+00
1.275620000000000087e-01
-1.398938000000000015e+00
-1.223038000000000070e+00
-1.541838000000000042e+00
-1.187437999999999994e+00
-1.679937999999999931e+00
-3.914380000000000082e-01
1.933062000000000058e+00
1.437961999999999962e+00
-1.445379999999999998e-01
-5.093379999999999574e-01
6.396200000000000496e-02
2.526161999999999797e+00
2.009161999999999892e+00
1.061461999999999906e+00
1.167561999999999989e+00
-5.351380000000000026e-01
7.986200000000000243e-02
