-7.298350000000000115e-01
-7.654349999999999765e-01
-5.993349999999999511e-01
-3.740350000000000064e-01
-3.181350000000000011e-01
-5.258350000000000524e-01
-1.951350000000000029e-01
3.766499999999999709e-02
1.230649999999999938e-01
-4.923500000000000099e-02
-4.650349999999999762e-01
-9.864349999999999508e-01
5.214649999999999563e-01
2.090650000000000008e-01
2.697649999999999770e-01
3.436499999999999971e-02
3.101650000000000240e-01
4.830650000000000222e-01
5.429650000000000309e-01
4.241650000000000142e-01
4.327650000000000108e-01
5.848649999999999682e-01
4.156499999999999778e-02
-8.564349999999999463e-01
-6.279350000000000209e-01
-1.019435000000000091e+00
-1.115834999999999910e+00
1.617064999999999975e+00
1.285650000000000126e-01
5.401650000000000063e-01
-1.043935000000000057e+00
2.651649999999999840e-01
5.664649999999999963e-01
6.702649999999999997e-01
5.721650000000000347e-01
-2.498350000000000015e-01
1.547064999999999912e+00
