-2.643090000000000162e-01
-2.394090000000000107e-01
-9.940899999999999737e-02
1.169100000000000000e-02
-7.509000000000000050e-03
-1.455089999999999995e-01
1.736910000000000120e-01
2.556910000000000016e-01
1.327909999999999924e-01
1.699910000000000032e-01
-2.750899999999999873e-02
-1.612089999999999912e-01
-3.659089999999999843e-01
-3.695089999999999764e-01
-2.706089999999999884e-01
1.857910000000000117e-01
5.447910000000000252e-01
4.417909999999999893e-01
-1.200090000000000046e-01
1.127191000000000054e+00
2.874909999999999966e-01
3.967910000000000048e-01
1.171391000000000071e+00
-5.538089999999999957e-01
-4.240900000000000225e-02
-2.561089999999999756e-01
-3.514090000000000269e-01
-4.726090000000000013e-01
-7.229090000000000238e-01
-5.507090000000000041e-01
7.322910000000000252e-01
-6.105089999999999684e-01
