4.214209000000000316e+00
3.802408999999999928e+00
2.722808999999999813e+00
2.020309000000000133e+00
2.356008999999999798e+00
3.492709000000000064e+00
1.509409000000000001e+00
5.970090000000000119e-01
-4.229910000000000059e-01
-1.271090999999999971e+00
-1.113491000000000009e+00
-1.221909999999999941e-01
7.305089999999999639e-01
3.965108999999999995e+00
4.532208999999999932e+00
5.400900000000000145e-02
-2.285191000000000194e+00
-2.070190999999999892e+00
-3.300590999999999831e+00
-4.292290999999999634e+00
-3.657690999999999804e+00
-1.890991000000000088e+00
1.209808999999999912e+00
9.856089999999999574e-01
-3.187909999999999910e-01
-8.721910000000000496e-01
-2.193591000000000069e+00
2.425708999999999893e+00
-4.290491000000000277e+00
-7.156909999999999661e-01
1.142908999999999953e+00
8.884090000000000042e-01
2.166509000000000018e+00
-5.752909999999999968e-01
1.486509000000000080e+00
4.255508999999999986e+00
3.317108999999999863e+00
4.245308999999999777e+00
5.358508999999999745e+00
-3.462690999999999963e+00
-5.365690999999999988e+00
-2.815790999999999933e+00
-1.302391000000000076e+00
-2.136591000000000129e+00
1.694908999999999999e+00
-8.002909999999999746e-01
-2.430490999999999957e+00
-2.987391000000000130e+00
-2.210891000000000162e+00
3.064608999999999916e+00
3.014809000000000072e+00
2.164209000000000049e+00
-5.184390999999999750e+00
-3.626691000000000109e+00
-4.604290999999999912e+00
-7.798910000000000009e-01
-4.409099999999999825e-02
-2.727910000000000057e-01
