-5.710680000000000200e-01
-3.103679999999999772e-01
1.573319999999999996e-01
3.735319999999999752e-01
1.391320000000000057e-01
-3.283679999999999932e-01
8.276320000000000343e-01
1.059932000000000096e+00
8.639320000000000332e-01
3.830319999999999836e-01
1.126432000000000100e+00
-1.089679999999999954e-01
-2.032680000000000042e-01
-1.455967999999999929e+00
-1.612568000000000001e+00
-5.069679999999999742e-01
7.471320000000000183e-01
8.940320000000000489e-01
-6.378679999999999906e-01
-5.392679999999999696e-01
-6.894679999999999698e-01
1.418932000000000082e+00
1.916319999999999968e-01
1.870432000000000095e+00
1.555431999999999926e+00
-9.631680000000000241e-01
-2.335767999999999844e+00
-2.598568000000000211e+00
1.619531999999999972e+00
1.891432000000000002e+00
-3.846800000000000219e-02
-9.743680000000000119e-01
-3.522680000000000256e-01
-8.927680000000000060e-01
