-8.330980000000000052e-01
-6.833979999999999499e-01
-2.680980000000000030e-01
7.002000000000000411e-03
-1.186979999999999980e-01
-5.520979999999999777e-01
4.184019999999999961e-01
7.325019999999999865e-01
6.592019999999999547e-01
2.033020000000000105e-01
1.039401999999999937e+00
-1.577979999999999938e-01
-2.034980000000000122e-01
-1.478097999999999912e+00
-1.663597999999999910e+00
-5.657980000000000231e-01
7.122020000000000017e-01
9.080019999999999758e-01
-7.317979999999999485e-01
-9.719980000000000286e-01
5.680199999999999833e-02
2.149302000000000046e+00
3.287002000000000201e+00
-6.000980000000000203e-01
-1.881598000000000104e+00
1.056902000000000008e+00
1.684201999999999977e+00
1.630702000000000096e+00
-1.045498000000000038e+00
-2.362497999999999987e+00
-2.679498000000000157e+00
1.549501999999999935e+00
1.108019999999999977e-01
-1.494698000000000082e+00
-8.699980000000000491e-01
-1.287797999999999998e+00
7.723020000000000440e-01
-9.663979999999999793e-01
2.373020000000000129e-01
4.176601999999999926e+00
3.260702000000000211e+00
3.374201999999999924e+00
-1.735298000000000007e+00
-2.534997999999999863e+00
-2.339998000000000022e+00
