-2.007525999999999922e+00
-2.584725999999999857e+00
-2.672525999999999957e+00
-2.150526000000000160e+00
-1.518126000000000086e+00
-1.483726000000000100e+00
-2.258325999999999834e+00
-1.754825999999999997e+00
-1.113426000000000027e+00
-1.004326000000000052e+00
-5.968259999999999676e-01
6.407739999999999547e-01
1.918873999999999969e+00
2.986174000000000106e+00
2.783074000000000048e+00
1.524474000000000107e+00
4.510739999999999750e-01
-9.014259999999999495e-01
-3.120125999999999955e+00
-1.977260000000000129e-01
4.161774000000000306e+00
5.262173999999999907e+00
-8.021260000000000057e-01
-1.050826000000000038e+00
-4.767259999999999831e-01
-2.752625999999999795e+00
-1.885925999999999991e+00
-1.671259999999999968e-01
2.079873999999999779e+00
3.581573999999999813e+00
1.423473999999999906e+00
9.427399999999999669e-02
-1.349126000000000047e+00
-3.569726000000000177e+00
-3.073926000000000158e+00
6.109873999999999583e+00
5.557973999999999748e+00
5.033173999999999815e+00
-2.100925999999999849e+00
-8.951259999999999772e-01
-4.400259999999999727e-01
-2.359259999999999968e-01
-1.444325999999999999e+00
