8.983299999999999619e-01
3.825299999999999812e-01
1.611299999999999955e-01
4.703300000000000258e-01
1.017530000000000046e+00
1.209130000000000038e+00
2.249299999999999911e-01
5.152299999999999658e-01
1.056929999999999925e+00
1.319530000000000092e+00
1.483299999999999896e-01
1.742729999999999890e+00
5.442999999999999922e-02
-1.331700000000000106e-01
-3.558700000000000196e-01
-1.477870000000000017e+00
-2.094269999999999854e+00
-1.596870000000000012e+00
-4.817699999999999760e-01
9.073299999999999699e-01
6.249299999999999855e-01
-6.980699999999999683e-01
-1.741470000000000073e+00
-1.460269999999999957e+00
-1.046070000000000055e+00
-3.478270000000000195e+00
1.355930000000000080e+00
1.752299999999999969e-01
1.150230000000000086e+00
2.667730000000000157e+00
-3.648700000000000276e-01
1.802300000000000013e-01
1.143300000000000011e-01
-1.863469999999999960e+00
-2.071769999999999889e+00
-1.089699999999999974e-01
1.946229999999999905e+00
1.442630000000000079e+00
-2.774970000000000159e+00
-2.284670000000000201e+00
1.846729999999999983e+00
2.101929999999999854e+00
1.006930000000000103e+00
-6.887699999999999934e-01
