4.391570000000000196e-01
1.042570000000000024e-01
-2.138430000000000053e-01
-1.970429999999999959e-01
1.410569999999999879e-01
4.713570000000000260e-01
1.595570000000000044e-01
1.300556999999999963e+00
1.318756999999999957e+00
1.964569999999999927e-01
-9.428429999999999866e-01
-9.598430000000000017e-01
8.095700000000000118e-02
7.872569999999999846e-01
2.182570000000000066e-01
-5.933429999999999538e-01
-2.005942999999999810e+00
-3.123543000000000180e+00
2.188657000000000075e+00
2.212356999999999907e+00
-1.821442999999999923e+00
-1.857642999999999933e+00
-1.697430000000000050e-01
3.157570000000000099e-01
1.292356999999999978e+00
1.023057000000000105e+00
-4.254430000000000156e-01
6.085700000000000137e-02
