-6.378230000000000288e-01
-1.283223000000000003e+00
-1.286423000000000094e+00
-6.054230000000000445e-01
1.227769999999999972e-01
5.277699999999999753e-02
-6.688229999999999453e-01
-1.682300000000000115e-02
7.371769999999999712e-01
8.216769999999999907e-01
1.446277000000000035e+00
1.213176999999999950e+00
9.047700000000000187e-02
-3.162299999999999833e-02
-1.122122999999999982e+00
-2.123723000000000027e+00
-2.027623000000000175e+00
-9.317229999999999679e-01
6.929769999999999541e-01
-1.986823000000000006e+00
-3.228922999999999988e+00
-3.439623000000000097e+00
1.635977000000000015e+00
2.137477000000000071e+00
2.137776999999999816e+00
-1.381229999999999958e-01
2.523376999999999981e+00
1.198876999999999970e+00
7.234770000000000367e-01
-1.170123000000000024e+00
-9.174229999999999885e-01
1.708876999999999979e+00
3.660769999999999857e-01
-2.491023000000000209e+00
-2.005123000000000211e+00
2.426776999999999962e+00
9.886770000000000280e-01
2.144677000000000167e+00
2.943176999999999932e+00
