3.540590000000000126e-01
7.192589999999999817e-01
9.397590000000000110e-01
7.871590000000000531e-01
4.043590000000000240e-01
1.990590000000000137e-01
1.032459000000000016e+00
9.136589999999999989e-01
5.446590000000000042e-01
2.770589999999999997e-01
4.338589999999999947e-01
7.685589999999999922e-01
6.315589999999999815e-01
1.791658999999999891e+00
1.744758999999999949e+00
5.369589999999999641e-01
-6.408409999999999940e-01
-6.113410000000000233e-01
-1.826409999999999978e-01
8.783590000000000009e-01
-1.849140999999999924e+00
-3.034940999999999889e+00
-3.027041000000000093e+00
-1.832840999999999942e+00
-1.380409999999999970e-01
1.139958999999999945e+00
1.103558999999999957e+00
-5.933410000000000073e-01
1.396590000000000054e-01
1.797458999999999918e+00
2.746159000000000017e+00
2.650259000000000142e+00
5.229589999999999517e-01
4.971590000000000176e-01
-1.108540999999999999e+00
1.157259000000000038e+00
7.178590000000000249e-01
-1.876840999999999982e+00
-3.962540999999999869e+00
-3.949841000000000157e+00
-1.877640999999999893e+00
5.987590000000000412e-01
-1.129540999999999906e+00
-2.131409999999999971e-01
