1.793751000000000095e+00
1.082451000000000052e+00
6.264509999999999801e-01
8.995509999999999895e-01
1.643351000000000006e+00
2.074351000000000056e+00
4.218509999999999760e-01
6.878509999999999902e-01
1.429850999999999983e+00
1.917950999999999961e+00
1.700450999999999935e+00
4.907509999999999928e-01
3.456509999999999860e-01
1.305510000000000004e-01
-9.148999999999999147e-03
4.235099999999999976e-02
2.491510000000000113e-01
3.950509999999999855e-01
2.777251000000000136e+00
8.022510000000000474e-01
-9.624900000000000122e-02
2.337509999999999866e-01
-6.190489999999999604e-01
-7.857490000000000308e-01
-8.685490000000000155e-01
-9.485489999999999755e-01
-8.668489999999999807e-01
-2.042749000000000148e+00
-2.039549000000000056e+00
-3.226849000000000078e+00
-4.326449000000000211e+00
-2.970248999999999917e+00
-5.424899999999999861e-02
8.495099999999999874e-02
2.765509999999999913e-01
2.139151000000000025e+00
2.473551000000000055e+00
-1.596490000000000131e-01
3.198509999999999964e-01
5.308509999999999618e-01
3.360050999999999899e+00
3.095350999999999964e+00
2.650509999999999811e-01
1.132150999999999907e+00
-9.027490000000000236e-01
1.172509999999999941e-01
-9.234489999999999643e-01
-2.127349000000000157e+00
-2.943248999999999782e+00
-2.084449000000000218e+00
-1.124649000000000010e+00
-3.806548999999999960e+00
-1.056448999999999971e+00
6.033509999999999707e-01
-1.599490000000000078e-01
