-3.297100000000000031e-02
-2.224710000000000021e-01
-2.526709999999999789e-01
-9.217100000000000293e-02
1.141289999999999943e-01
1.449290000000000023e-01
-1.395710000000000006e-01
6.028999999999999637e-03
2.114290000000000058e-01
2.724289999999999767e-01
3.301290000000000058e-01
-1.320370999999999961e+00
-9.443709999999999605e-01
-1.879971000000000059e+00
-1.641971000000000069e+00
-4.712709999999999955e-01
4.632290000000000019e-01
2.205290000000000028e-01
2.934289999999999954e-01
-4.004710000000000214e-01
1.734828999999999954e+00
-5.247099999999999681e-02
8.380290000000000239e-01
9.415289999999999493e-01
-2.802871000000000112e+00
-2.371471000000000107e+00
-2.951710000000000167e-01
9.511290000000000022e-01
8.186290000000000511e-01
3.492290000000000116e-01
-5.551709999999999701e-01
-3.915710000000000024e-01
2.154529000000000138e+00
1.549328999999999956e+00
2.473529000000000089e+00
