-1.017546000000000062e+00
-3.795459999999999945e-01
2.700540000000000163e-01
2.869539999999999869e-01
-3.537460000000000049e-01
-1.015246000000000093e+00
-3.383459999999999801e-01
-1.303746000000000071e+00
-1.275446000000000080e+00
-3.058460000000000067e-01
6.521540000000000115e-01
6.414539999999999687e-01
-3.901459999999999928e-01
-1.660646000000000067e+00
-1.670460000000000000e-01
1.689853999999999967e+00
1.045053999999999927e+00
-9.998460000000000125e-01
-4.711460000000000092e-01
5.530540000000000456e-01
1.050354000000000010e+00
5.185539999999999594e-01
-4.778459999999999930e-01
-9.713460000000000427e-01
-2.323446000000000122e+00
-2.091946000000000083e+00
-3.402346000000000092e+00
1.050753999999999966e+00
1.557754000000000083e+00
9.674540000000000362e-01
1.659254000000000007e+00
2.007539999999999880e-01
-2.083445999999999909e+00
1.440954000000000068e+00
1.412253999999999898e+00
8.505400000000000460e-02
-8.761459999999999804e-01
-2.127746000000000137e+00
-2.116645999999999805e+00
6.204539999999999500e-01
2.215554000000000023e+00
9.392540000000000333e-01
2.417454000000000214e+00
1.834953999999999974e+00
3.560539999999999816e-01
-2.034245999999999999e+00
-1.001446000000000058e+00
9.708539999999999948e-01
1.851053999999999977e+00
-8.742459999999999676e-01
-1.749146000000000090e+00
2.307954000000000061e+00
2.269454000000000082e+00
9.157539999999999569e-01
-3.621460000000000234e-01
-5.102459999999999773e-01
9.001540000000000097e-01
