1.775385999999999909e+00
1.496385999999999994e+00
9.643859999999999655e-01
6.910859999999999781e-01
9.448860000000000037e-01
1.521686000000000094e+00
9.578599999999999615e-02
-2.858140000000000125e-01
-2.771399999999999905e-02
5.534860000000000335e-01
1.835285999999999973e+00
1.773586000000000107e+00
-8.126139999999999475e-01
-3.971140000000000225e-01
3.034859999999999780e-01
6.438859999999999584e-01
-4.781139999999999834e-01
-6.435140000000000304e-01
4.796860000000000013e-01
3.455860000000000043e-01
-9.352139999999999898e-01
-2.048713999999999924e+00
-1.911113999999999979e+00
-3.305013999999999896e+00
-3.568414000000000197e+00
-1.091013999999999928e+00
-1.368713999999999986e+00
1.378986000000000045e+00
2.693686000000000025e+00
-6.481399999999999662e-02
2.328386000000000067e+00
2.213686000000000043e+00
1.574086000000000096e+00
2.176385999999999932e+00
-1.487214000000000036e+00
-4.371400000000000285e-02
1.655386000000000024e+00
-5.591399999999999842e-02
3.758600000000000135e-02
-1.457713999999999954e+00
1.452185999999999977e+00
-2.791214000000000084e+00
-4.578214000000000006e+00
-3.535213999999999857e+00
-2.867614000000000107e+00
-1.462013999999999925e+00
-5.509140000000000148e-01
-2.314513999999999960e+00
3.392186000000000146e+00
2.961285999999999863e+00
2.793686000000000114e+00
