7.101330000000000142e-01
8.067330000000000334e-01
8.622330000000000272e-01
8.203329999999999789e-01
7.211330000000000240e-01
6.668330000000000091e-01
8.812330000000000441e-01
8.443330000000000002e-01
7.482330000000000370e-01
6.879330000000000167e-01
7.025329999999999631e-01
5.645329999999999515e-01
8.514329999999999954e-01
5.946329999999999671e-01
-7.124669999999999614e-01
-1.647067000000000059e+00
-2.709067000000000114e+00
-1.929067000000000087e+00
-7.922670000000000545e-01
-2.244867000000000168e+00
-1.391866999999999965e+00
-2.498670000000000058e-01
4.853299999999999975e-02
4.805329999999999879e-01
1.658733000000000013e+00
8.943330000000000446e-01
1.128732999999999986e+00
1.388233000000000050e+00
1.368433000000000010e+00
-2.975670000000000259e-01
9.254329999999999501e-01
8.111329999999999929e-01
6.022330000000000183e-01
1.453133000000000008e+00
-3.417669999999999875e-01
-1.173267000000000060e+00
-2.098167000000000115e+00
-1.083666999999999936e+00
-3.546266999999999836e+00
-3.073567000000000160e+00
-3.132267000000000134e+00
-1.624066999999999927e+00
9.087330000000000130e-01
2.128833000000000197e+00
2.375233000000000150e+00
1.412633000000000028e+00
