3.632540000000000213e-01
2.320540000000000103e-01
-8.894599999999999729e-02
-2.944459999999999855e-01
-2.004460000000000131e-01
1.627540000000000098e-01
-6.375459999999999461e-01
-7.844459999999999766e-01
-5.268460000000000365e-01
-6.041459999999999608e-01
5.960539999999999727e-01
3.413539999999999908e-01
4.494540000000000202e-01
-5.841460000000000541e-01
-6.187460000000000182e-01
5.435539999999999816e-01
1.727854000000000001e+00
1.748053999999999997e+00
6.316540000000000488e-01
5.749539999999999651e-01
1.476253999999999955e+00
-4.260459999999999803e-01
-5.229460000000000219e-01
-1.285145999999999900e+00
-3.727460000000000218e-01
8.484540000000000415e-01
-1.077545999999999893e+00
-1.229346000000000050e+00
-2.087946000000000080e+00
-8.385460000000000136e-01
1.894254000000000104e+00
-7.678460000000000285e-01
-1.066346000000000016e+00
-1.369345999999999952e+00
-9.966460000000000319e-01
3.610539999999999861e-01
6.615539999999999754e-01
3.672540000000000249e-01
6.952540000000000386e-01
-1.522445999999999966e+00
-1.576246000000000036e+00
2.652153999999999900e+00
2.699654000000000220e+00
-1.162245999999999890e+00
4.999540000000000095e-01
-1.761846000000000023e+00
-2.067245999999999917e+00
-4.085460000000000202e-01
-1.355045999999999973e+00
2.536754000000000175e+00
2.427454000000000001e+00
1.742753999999999914e+00
