3.815950000000000175e-01
6.905949999999999589e-01
6.119949999999999557e-01
1.816949999999999954e-01
-1.688050000000000106e-01
-2.430500000000000022e-02
6.869500000000000606e-02
-3.910049999999999915e-01
-7.608049999999999535e-01
-6.386049999999999782e-01
-1.222504999999999953e+00
-8.427050000000000374e-01
4.521950000000000136e-01
6.676950000000000385e-01
-3.825049999999999839e-01
-1.642505000000000104e+00
-1.870405000000000095e+00
-3.545050000000000145e-01
1.113895000000000080e+00
-1.170705000000000107e+00
1.932595000000000063e+00
2.994295000000000151e+00
2.803595000000000059e+00
1.551395000000000080e+00
-1.908004999999999951e+00
3.420949999999999824e-01
-4.348049999999999971e-01
-9.438050000000000050e-01
-2.253050000000000053e-01
-2.447004999999999875e+00
-2.864704999999999835e+00
-1.103050000000000003e-01
-2.141049999999999898e-01
1.349494999999999889e+00
1.179095000000000004e+00
-4.147049999999999903e-01
-2.134005000000000152e+00
2.102994999999999948e+00
3.967894999999999950e+00
3.627495000000000136e+00
1.446194999999999897e+00
-2.590005000000000113e+00
-2.528605000000000214e+00
-1.180805000000000105e+00
