-4.589499999999999830e-02
-4.139500000000000124e-02
-1.889499999999999860e-02
-9.794999999999999887e-03
-1.239499999999999977e-02
-1.169500000000000053e-02
-1.694999999999999892e-03
-1.794999999999999938e-03
-1.169500000000000053e-02
-1.799500000000000058e-02
-4.459500000000000269e-02
-6.159499999999999698e-02
4.604999999999999719e-03
2.105000000000000100e-03
-1.549500000000000009e-02
-3.189499999999999974e-02
5.036049999999999693e-01
-4.479500000000000148e-02
-5.939500000000000335e-02
-7.929500000000000437e-02
