-8.305749999999999522e-01
-8.552750000000000075e-01
-4.068749999999999867e-01
8.812499999999999500e-02
1.664249999999999896e-01
-3.333749999999999769e-01
5.977249999999999508e-01
1.005225000000000035e+00
7.707249999999999934e-01
1.088025000000000020e+00
-4.427500000000000185e-02
-3.622750000000000137e-01
-1.397275000000000045e+00
-1.247474999999999890e+00
-1.367874999999999952e+00
-2.666749999999999954e-01
9.394249999999999545e-01
1.060824999999999907e+00
-5.907500000000000251e-02
-2.600975000000000037e+00
-2.725074999999999914e+00
2.233025000000000038e+00
3.228025000000000144e+00
1.435424999999999951e+00
1.851525000000000087e+00
1.534825000000000106e+00
-1.148750000000000049e-01
-7.535749999999999948e-01
-1.453675000000000050e+00
-1.756974999999999953e+00
-2.119975000000000165e+00
-3.029749999999999943e-01
1.776124999999999954e+00
-9.334750000000000547e-01
-3.745874999999999844e+00
-2.038275000000000059e+00
-2.575274999999999981e+00
4.003625000000000433e+00
2.814725000000000144e+00
3.698224999999999874e+00
