-5.150670000000000526e-01
-3.025669999999999749e-01
1.287329999999999863e-01
3.642329999999999735e-01
1.708330000000000126e-01
-2.981670000000000154e-01
9.168330000000000091e-01
1.018933000000000089e+00
1.484132999999999925e+00
4.182330000000000214e-01
-5.002670000000000172e-01
-5.367669999999999941e-01
-8.815669999999999895e-01
-1.348567000000000071e+00
-2.547867000000000104e+00
-2.991670000000000162e-01
3.258329999999999838e-01
1.928033000000000108e+00
1.766432999999999920e+00
1.645032999999999967e+00
2.446232999999999880e+00
7.975330000000000474e-01
-8.675669999999999771e-01
-8.361669999999999936e-01
-3.815669999999999895e-01
-8.613669999999999938e-01
-7.280670000000000197e-01
-1.681367000000000056e+00
-7.072669999999999790e-01
-1.176669999999999938e-01
