1.141019999999999951e-01
4.781020000000000270e-01
9.713019999999999987e-01
1.103401999999999994e+00
7.578019999999999756e-01
2.683019999999999849e-01
1.594602000000000075e+00
1.735001999999999933e+00
1.406601999999999908e+00
9.026020000000000154e-01
1.549901999999999891e+00
3.386020000000000141e-01
1.965020000000000100e-01
-1.025997999999999966e+00
-1.223597999999999963e+00
-1.880979999999999874e-01
1.047001999999999988e+00
1.231802000000000064e+00
-1.660979999999999956e-01
3.323019999999999863e-01
-3.609979999999999856e-01
4.019019999999999815e-01
-1.372997999999999941e+00
-1.686898000000000009e+00
-2.158097999999999850e+00
2.121501999999999999e+00
2.420701999999999909e+00
1.739702000000000082e+00
-5.031980000000000341e-01
-1.847197999999999896e+00
-2.179797999999999902e+00
1.869302000000000019e+00
2.208002000000000020e+00
2.717019999999999991e-01
-4.726980000000000071e-01
5.873019999999999907e-01
-4.779800000000000021e-02
-2.754198000000000146e+00
-1.116098000000000035e+00
-1.451797999999999922e+00
-2.233098000000000027e+00
-1.700398000000000076e+00
-3.158997999999999973e+00
