-3.630380000000000273e-01
1.277619999999999867e-01
7.315620000000000456e-01
8.489619999999999944e-01
3.660619999999999985e-01
-2.431379999999999930e-01
1.474661999999999917e+00
1.662862000000000062e+00
1.241562000000000054e+00
5.524620000000000086e-01
1.520761999999999947e+00
3.400619999999999754e-01
2.771620000000000195e-01
1.388061999999999907e+00
1.360162000000000093e+00
2.127620000000000067e-01
-9.268380000000000507e-01
-8.975379999999999470e-01
-7.723379999999999690e-01
7.562000000000000145e-03
-2.103038000000000185e+00
1.956199999999999953e-02
-3.230437999999999921e+00
-3.207638000000000211e+00
-2.061437999999999882e+00
1.076619999999999938e-01
1.222461999999999938e+00
2.184461999999999904e+00
2.359361999999999959e+00
1.845261999999999958e+00
-5.217380000000000351e-01
2.312161999999999829e+00
2.260261999999999993e+00
-9.523800000000000321e-02
-1.588238000000000039e+00
3.657619999999999760e-01
-4.511379999999999835e-01
-2.151238000000000206e+00
5.430620000000000447e-01
-1.057137999999999911e+00
1.402619999999999978e-01
-4.119037999999999755e+00
-4.078537999999999997e+00
-2.098637999999999781e+00
9.512620000000000520e-01
2.097161999999999971e+00
1.445262000000000047e+00
