4.721949999999999759e-01
2.559949999999999726e-01
1.436949999999999894e-01
2.498950000000000060e-01
4.734949999999999992e-01
5.823949999999999960e-01
1.238950000000000051e-01
2.219949999999999979e-01
4.544949999999999823e-01
5.632949999999999902e-01
5.403949999999999587e-01
-7.529050000000000464e-01
-8.817049999999999610e-01
-1.037104999999999944e+00
-1.103504999999999958e+00
-1.011204999999999909e+00
-8.579050000000000287e-01
-7.912050000000000471e-01
8.110950000000000104e-01
1.428949999999999942e-01
7.756950000000000234e-01
-6.862049999999999539e-01
1.013949999999999990e-01
8.577949999999999742e-01
1.328494999999999981e+00
-1.228604999999999947e+00
-1.096405000000000074e+00
-1.222504999999999953e+00
-1.063404999999999934e+00
-7.998049999999999882e-01
1.700595000000000079e+00
5.269499999999999879e-02
-2.320499999999999993e-02
2.229949999999999988e-01
1.756094999999999962e+00
-1.900500000000000106e-02
7.431950000000000500e-01
