9.564000000000000279e-01
5.941999999999999504e-01
-1.034999999999999948e-01
-4.763000000000000012e-01
-1.414999999999999869e-01
6.048000000000000043e-01
-5.432000000000000162e-01
2.078000000000000125e-01
-1.736000000000000043e-01
-1.316799999999999971e+00
-2.071200000000000152e+00
-1.687200000000000033e+00
9.575000000000000178e-01
9.771999999999999575e-01
-1.833199999999999941e+00
-1.649599999999999955e+00
-1.279500000000000082e+00
6.159000000000000030e-01
4.248000000000000109e-01
1.150300000000000100e+00
9.083999999999999853e-01
1.970499999999999918e+00
1.166700000000000070e+00
-4.116000000000000214e-01
1.105499999999999927e+00
-2.959499999999999797e+00
-2.288800000000000168e+00
6.927999999999999714e-01
1.482900000000000107e+00
1.208800000000000097e+00
1.525700000000000056e+00
-2.233000000000000096e+00
-2.253000000000000114e+00
-7.566000000000000503e-01
-7.016000000000000014e-01
-2.208699999999999886e+00
9.126999999999999558e-01
1.741400000000000059e+00
2.747799999999999798e+00
2.497399999999999842e+00
1.814300000000000024e+00
3.578000000000000069e-01
7.207000000000000073e-01
-5.667999999999999705e-01
-4.339000000000000079e-01
-1.253200000000000092e+00
