2.117332999999999910e+00
1.268432999999999922e+00
3.626329999999999831e-01
3.033330000000000193e-01
1.131532999999999900e+00
2.031733000000000011e+00
-6.098670000000000480e-01
-7.145669999999999522e-01
1.056330000000000047e-01
1.041133000000000086e+00
2.963232999999999784e+00
1.334632999999999958e+00
4.083300000000000124e-02
7.692329999999999446e-01
7.286329999999999751e-01
1.431732999999999922e+00
1.397032999999999969e+00
2.097932999999999826e+00
-1.760467000000000004e+00
-1.346367000000000091e+00
-2.355767000000000166e+00
-1.927767000000000008e+00
-2.931067000000000089e+00
-2.499766999999999850e+00
2.705433000000000199e+00
3.564833000000000141e+00
7.094329999999999803e-01
2.013832999999999984e+00
5.041330000000000533e-01
-1.001667000000000085e+00
3.154330000000000189e-01
1.812232999999999983e+00
1.210433000000000092e+00
-3.139669999999999961e-01
9.473329999999999806e-01
2.472932999999999826e+00
1.881532999999999900e+00
3.580329999999999901e-01
2.063232999999999873e+00
1.616033000000000053e+00
3.148833000000000215e+00
-1.975467000000000084e+00
-2.699567000000000050e+00
-1.259266999999999914e+00
-3.545670000000000210e-01
-2.450566999999999940e+00
-3.343266999999999989e+00
-1.835266999999999982e+00
-9.380669999999999842e-01
-3.033466999999999913e+00
-3.918267000000000166e+00
-3.233966999999999814e+00
-2.413867000000000207e+00
-1.531867000000000090e+00
