2.374138999999999999e+00
2.294338999999999906e+00
1.968139000000000083e+00
1.684339000000000031e+00
1.722739000000000020e+00
2.112439000000000178e+00
1.273338999999999999e+00
1.248739000000000043e+00
7.042389999999999484e-01
1.433138999999999941e+00
-8.387609999999999788e-01
-1.607161000000000062e+00
-1.714760999999999980e+00
-2.419560999999999851e+00
-3.037460999999999967e+00
-2.956561000000000217e+00
-2.249061000000000199e+00
2.193738999999999884e+00
2.571139000000000063e+00
-2.119761000000000006e+00
-2.732861000000000207e+00
2.920389999999999930e-01
1.963338999999999945e+00
6.967389999999999972e-01
2.282138999999999918e+00
9.818390000000000173e-01
2.404739000000000182e+00
8.716390000000000526e-01
-1.233660999999999897e+00
-1.095261000000000040e+00
-1.249060999999999977e+00
-2.488160999999999845e+00
-3.589860999999999969e+00
-3.460660999999999987e+00
2.543839000000000183e+00
2.486038999999999888e+00
2.517039000000000026e+00
2.820939000000000085e+00
-2.523960999999999899e+00
-3.819761000000000184e+00
-2.304460999999999871e+00
