1.818826000000000054e+00
8.258259999999999490e-01
-4.145739999999999981e-01
-6.856740000000000057e-01
2.864260000000000139e-01
1.551325999999999983e+00
3.125999999999999873e-03
6.925999999999999865e-03
-2.806739999999999791e-01
-5.528739999999999766e-01
-5.826740000000000252e-01
-2.965740000000000043e-01
1.092025999999999941e+00
2.612026000000000181e+00
-3.076074000000000197e+00
-2.107473999999999847e+00
-3.208739999999999926e-01
-1.672474000000000016e+00
7.734259999999999469e-01
1.017525999999999931e+00
8.674260000000000304e-01
1.107126000000000055e+00
1.501625999999999905e+00
1.657726000000000033e+00
1.418725999999999932e+00
-8.936739999999999684e-01
2.132259999999999989e-01
-8.236740000000000173e-01
-3.157739999999999991e-01
3.589260000000000228e-01
2.022225999999999857e+00
2.683625999999999845e+00
3.492226000000000052e+00
-4.077473999999999599e+00
-3.145674000000000081e+00
-2.764273999999999898e+00
-2.095774000000000026e+00
-2.496074000000000126e+00
-2.018273999999999901e+00
-1.694873999999999992e+00
-2.392173999999999801e+00
5.499260000000000259e-01
1.714226000000000028e+00
5.611260000000000137e-01
9.863260000000000360e-01
1.688525999999999971e+00
1.965726000000000084e+00
1.541825999999999919e+00
-8.923740000000000006e-01
-7.179740000000000011e-01
