3.882530000000000148e-01
5.176530000000000298e-01
4.778530000000000277e-01
3.063529999999999864e-01
1.589530000000000109e-01
1.902530000000000054e-01
2.822529999999999761e-01
1.213530000000000025e-01
-1.124700000000000005e-02
-3.647000000000000068e-03
-2.116470000000000018e-01
2.906529999999999947e-01
8.665299999999999392e-02
-6.647000000000000131e-03
-1.819469999999999976e-01
-2.054469999999999907e-01
-1.209469999999999990e-01
3.655300000000000216e-02
9.075300000000000034e-02
7.039530000000000509e-01
-2.528469999999999884e-01
-1.619247000000000103e+00
-1.906470000000000109e-01
-1.322470000000000034e-01
-3.766470000000000096e-01
8.991529999999999800e-01
9.465300000000000102e-02
-1.111469999999999958e-01
-8.069469999999999699e-01
8.848530000000000006e-01
4.575300000000000200e-02
1.375530000000000086e-01
-5.597469999999999946e-01
1.345530000000000059e-01
8.054529999999999745e-01
7.376530000000000031e-01
-1.635347000000000106e+00
-2.207447000000000159e+00
-2.065747000000000000e+00
-2.214470000000000049e-01
8.305529999999999857e-01
-9.677470000000000239e-01
7.243530000000000246e-01
1.433353000000000099e+00
1.509352999999999945e+00
