-4.620900000000000007e-02
-4.250899999999999818e-02
-1.890899999999999873e-02
-8.108999999999999889e-03
-1.000900000000000054e-02
-9.908999999999999406e-03
9.909999999999999105e-04
2.791000000000000078e-03
-7.008999999999999606e-03
-1.440899999999999993e-02
-4.070900000000000213e-02
-6.490899999999999448e-02
-1.130899999999999961e-02
4.590999999999999595e-03
8.890999999999999598e-03
-2.860899999999999901e-02
5.115910000000000180e-01
-4.180899999999999894e-02
-6.340899999999999315e-02
-8.390899999999999748e-02
-9.094090000000000229e-01
-3.308999999999999875e-03
8.755910000000000082e-01
