-2.110430000000000084e-01
-1.619430000000000036e-01
5.756999999999999965e-03
1.438570000000000126e-01
1.363570000000000060e-01
-7.604299999999999948e-02
2.955570000000000142e-01
4.091569999999999929e-01
3.949570000000000025e-01
3.267570000000000197e-01
5.256570000000000409e-01
-3.572429999999999772e-01
-3.164429999999999743e-01
-1.246842999999999924e+00
-1.235143000000000102e+00
-2.759429999999999938e-01
6.683569999999999789e-01
6.490569999999999951e-01
-1.586430000000000062e-01
-2.964430000000000121e-01
4.402570000000000094e-01
-2.526430000000000065e-01
5.143569999999999531e-01
1.575757000000000074e+00
2.567570000000000130e-01
-1.207343000000000055e+00
-2.001742999999999828e+00
-1.975043000000000104e+00
1.427256999999999998e+00
1.407656999999999936e+00
7.211570000000000480e-01
-8.950430000000000330e-01
-2.657430000000000070e-01
-4.289430000000000187e-01
1.121756999999999893e+00
-5.453430000000000222e-01
8.871569999999999734e-01
