1.346394000000000091e+00
2.297939999999999983e-01
-9.026060000000000194e-01
-1.034605999999999915e+00
2.282939999999999969e-01
1.323493999999999948e+00
2.668940000000000201e-01
2.457094000000000111e+00
3.413939999999999753e-01
8.101939999999999698e-01
8.622940000000000049e-01
3.787940000000000196e-01
-1.480059999999999987e-01
-1.980059999999999876e-01
-1.965206000000000008e+00
-1.756005999999999956e+00
4.114940000000000264e-01
1.709400000000000155e-02
9.353939999999999477e-01
2.517793999999999865e+00
3.290493999999999808e+00
-4.484060000000000268e-01
1.217494000000000076e+00
1.194993999999999890e+00
1.284793999999999992e+00
-5.182060000000000555e-01
-5.864059999999999828e-01
-2.329105999999999899e+00
-1.453205999999999998e+00
-2.848806000000000171e+00
-2.064006000000000007e+00
-2.661706000000000127e+00
-1.112206000000000028e+00
9.122940000000000493e-01
