6.554950000000000498e-01
6.749950000000000117e-01
5.560950000000000060e-01
4.103950000000000098e-01
3.711949999999999972e-01
4.922949999999999826e-01
2.975949999999999984e-01
1.470950000000000035e-01
1.066949999999999982e-01
2.178950000000000053e-01
-6.740500000000000658e-02
-5.120500000000000052e-02
-1.910050000000000081e-01
-1.518049999999999955e-01
-2.923049999999999815e-01
-4.582049999999999734e-01
-5.002050000000000107e-01
-3.680050000000000265e-01
5.226950000000000207e-01
8.286949999999999594e-01
-2.230050000000000088e-01
1.047295000000000087e+00
-6.564050000000000162e-01
-9.749050000000000216e-01
-6.718049999999999855e-01
-7.282049999999999912e-01
5.859500000000000125e-02
-1.023705000000000087e+00
7.496950000000000003e-01
6.979499999999999593e-02
-8.904999999999999721e-03
-5.565050000000000274e-01
-3.992049999999999765e-01
1.209499999999999985e-02
5.732949999999999990e-01
8.489950000000000552e-01
9.219950000000000090e-01
-8.705049999999999732e-01
-1.581404999999999950e+00
2.117950000000000110e-01
