3.950330000000000230e-01
1.710329999999999906e-01
-7.956699999999999884e-02
-1.142669999999999936e-01
1.099330000000000029e-01
3.793329999999999758e-01
6.923300000000000287e-02
1.220733000000000068e+00
1.181032999999999999e+00
-1.126699999999999924e-02
-1.163367000000000040e+00
-1.122467000000000104e+00
1.973330000000000084e-01
5.775329999999999631e-01
-6.096700000000000036e-02
-6.576670000000000016e-01
-4.122669999999999946e-01
2.161332999999999949e+00
2.084133000000000013e+00
-2.096867000000000036e+00
-2.031467000000000134e+00
2.973299999999999901e-02
3.830330000000000124e-01
1.047933000000000003e+00
7.779329999999999856e-01
-8.664669999999999872e-01
-1.515166999999999931e+00
2.173329999999999984e-01
4.313330000000000219e-01
-1.302167000000000074e+00
