6.696689999999999587e-01
-1.133100000000000079e-02
-8.842309999999999892e-01
-1.267430999999999974e+00
-8.250309999999999588e-01
-1.160331000000000001e+00
-1.192630999999999997e+00
-1.923100000000000157e-02
4.733689999999999842e-01
9.356899999999999940e-02
-2.365231000000000083e+00
-1.549830999999999959e+00
-2.106231000000000186e+00
-2.618831000000000131e+00
1.669969000000000037e+00
4.130690000000000195e-01
1.754269000000000078e+00
2.202968999999999955e+00
1.291468999999999978e+00
-2.963100000000000109e-02
-4.639309999999999823e-01
-9.904309999999999503e-01
-6.099310000000000009e-01
1.719568999999999903e+00
1.501768999999999910e+00
3.489768999999999899e+00
4.423868999999999829e+00
-3.010031000000000123e+00
-2.358030999999999988e+00
-4.091310000000000224e-01
-2.141230999999999884e+00
-1.218231000000000064e+00
-2.109731000000000023e+00
1.174069000000000029e+00
2.454368999999999801e+00
-1.513730999999999938e+00
-1.521131000000000011e+00
-1.650310000000000110e-01
6.766900000000000692e-02
1.829768999999999979e+00
4.396689999999999765e-01
2.092969000000000079e+00
5.380169000000000423e+00
4.106669000000000125e+00
4.582868999999999637e+00
-3.649531000000000081e+00
-2.869930999999999788e+00
-2.920431000000000221e+00
-1.851131000000000082e+00
