2.656251000000000140e+00
2.864650999999999836e+00
3.040550999999999782e+00
2.998151000000000010e+00
2.770650999999999975e+00
2.633051000000000030e+00
3.152451000000000114e+00
3.544550999999999785e+00
2.700550999999999924e+00
2.734850999999999921e+00
1.282351000000000019e+00
3.770510000000000250e-01
-8.829489999999999839e-01
-1.654249000000000080e+00
-2.919649000000000161e+00
-3.414448999999999845e+00
-2.670548999999999840e+00
-1.407748999999999917e+00
2.391751000000000182e+00
2.901050999999999824e+00
-3.633548999999999918e+00
-4.432849000000000039e+00
-3.255649000000000015e+00
-2.520548999999999928e+00
-4.664049000000000333e+00
-4.560749000000000386e+00
2.212950999999999890e+00
3.918550999999999895e+00
3.489650999999999836e+00
4.596851000000000020e+00
3.193350999999999829e+00
3.648051000000000155e+00
1.886351000000000111e+00
1.381051000000000029e+00
8.515509999999999469e-01
5.734510000000000440e-01
-1.269349000000000061e+00
-8.166489999999999583e-01
2.852250999999999870e+00
2.305350999999999928e+00
3.057151000000000174e+00
2.770751000000000186e+00
-5.008048999999999751e+00
-5.139749000000000123e+00
-3.804848999999999926e+00
-3.127749000000000112e+00
-1.582748999999999961e+00
-2.343049000000000159e+00
-5.569149000000000349e+00
-4.158049000000000106e+00
-3.948849000000000053e+00
