2.187835999999999892e+00
1.990536000000000083e+00
1.391335999999999906e+00
9.637360000000000371e-01
1.106935999999999920e+00
1.737236000000000002e+00
3.701360000000000205e-01
-7.936400000000000399e-02
4.103600000000000303e-02
6.557359999999999856e-01
-4.471640000000000059e-01
-1.110964000000000063e+00
-1.081463999999999981e+00
-6.910640000000000116e-01
-6.861639999999999961e-01
-1.068264000000000102e+00
-1.473764000000000074e+00
-1.476563999999999988e+00
2.003636000000000195e+00
2.434835999999999778e+00
-1.055963999999999903e+00
-1.162863999999999898e+00
-9.036640000000000228e-01
-9.199640000000000040e-01
-1.297663999999999929e+00
-1.470463999999999993e+00
-1.407864000000000004e+00
4.507360000000000255e-01
3.913360000000000172e-01
1.721935999999999911e+00
1.970035999999999898e+00
2.658236000000000043e+00
-2.374064000000000174e+00
-1.071639999999999954e-01
-5.460639999999999938e-01
-1.138864000000000098e+00
4.378360000000000030e-01
-3.744640000000000191e-01
-1.819164000000000003e+00
-1.817363999999999979e+00
1.383736000000000077e+00
2.425936000000000092e+00
2.310236000000000178e+00
2.899236000000000146e+00
-7.889639999999999986e-01
-1.707464000000000093e+00
-1.644263999999999948e+00
1.167936000000000085e+00
8.544359999999999733e-01
-3.477640000000000176e-01
9.873600000000000432e-02
3.481736000000000164e+00
-2.695564000000000071e+00
-2.273563999999999918e+00
-3.167164000000000090e+00
