9.096640000000000281e-01
-8.736000000000000709e-03
-4.616359999999999908e-01
3.696399999999999686e-02
9.939639999999999587e-01
1.405264000000000069e+00
-4.098359999999999781e-01
6.886399999999999466e-02
1.012464000000000031e+00
1.481864000000000070e+00
1.560464000000000073e+00
5.231639999999999624e-01
5.676400000000000196e-02
-7.490360000000000351e-01
-1.224736000000000047e+00
-9.041360000000000507e-01
-1.172360000000000069e-01
3.448640000000000039e-01
2.332863999999999827e+00
-5.184360000000000079e-01
-1.361536000000000080e+00
-1.048135999999999957e+00
-2.205935999999999897e+00
1.034640000000000004e-01
-1.154336000000000029e+00
-3.044359999999999844e-01
2.070764000000000049e+00
2.353063999999999822e+00
-1.026435999999999904e+00
-1.835836000000000023e+00
1.551639999999999964e-01
9.357640000000000402e-01
3.015064000000000188e+00
2.630964000000000080e+00
-1.211135999999999990e+00
-1.903360000000000052e-01
-2.382235999999999798e+00
-1.686436000000000046e+00
-3.175035999999999969e+00
-9.892360000000000042e-01
4.988639999999999741e-01
4.745639999999999858e-01
