2.073855000000000004e+00
1.657655000000000101e+00
9.725549999999999473e-01
6.718549999999999800e-01
1.057355000000000045e+00
1.789055000000000062e+00
-3.494499999999999690e-02
-3.885449999999999737e-01
-7.564500000000000390e-02
6.753550000000000386e-01
-4.303449999999999775e-01
-1.313344999999999985e+00
-9.665449999999999875e-01
-1.252245000000000053e+00
-9.102449999999999708e-01
-2.217449999999999977e-01
5.305499999999999799e-02
-3.151450000000000085e-01
2.196254999999999846e+00
1.946155000000000079e+00
6.805550000000000210e-01
9.180549999999999544e-01
1.273549999999999960e-01
1.412455000000000016e+00
-1.168744999999999923e+00
-2.563344999999999985e+00
-2.779444999999999943e+00
-9.613450000000000051e-01
9.643549999999999622e-01
-1.498450000000000060e-01
-1.149045000000000094e+00
-1.723745000000000083e+00
-9.714499999999999524e-02
2.517854999999999954e+00
2.705655000000000143e+00
1.629755000000000065e+00
2.467354999999999965e+00
1.380354999999999999e+00
-1.934500000000000108e-02
1.618055000000000021e+00
1.640554999999999986e+00
2.190354999999999830e+00
1.420155000000000056e+00
-2.724645000000000206e+00
-2.866744999999999877e+00
-3.178045000000000009e+00
-3.446944999999999926e+00
-2.991544999999999899e+00
-3.037345000000000184e+00
