2.233213999999999810e+00
9.827139999999999764e-01
-9.568599999999999328e-02
9.511400000000000410e-02
1.362414000000000014e+00
2.413714000000000137e+00
1.586913999999999936e+00
1.408714000000000022e+00
1.600513999999999992e+00
2.017914000000000208e+00
2.207314000000000220e+00
1.988313999999999915e+00
7.912139999999999729e-01
3.736813999999999858e+00
2.314114000000000004e+00
-1.840386000000000077e+00
-1.174886000000000097e+00
1.399713999999999903e+00
2.057140000000000080e-01
-1.040859999999999980e-01
7.598139999999999894e-01
2.778140000000000054e-01
-1.219286000000000092e+00
-2.061885999999999886e+00
-1.500186000000000019e+00
-1.779786000000000090e+00
-3.158786000000000094e+00
-3.989885999999999822e+00
-3.445485999999999827e+00
1.109914000000000067e+00
2.527413999999999827e+00
2.141713999999999896e+00
-1.458859999999999879e-01
1.588214000000000015e+00
3.972913999999999835e+00
4.422113999999999656e+00
-2.769086000000000158e+00
-2.086685999999999819e+00
-1.192986000000000102e+00
-9.970860000000000278e-01
-1.870486000000000093e+00
1.810213999999999990e+00
6.911140000000000061e-01
5.107140000000000013e-01
8.102139999999999898e-01
-1.546186000000000060e+00
-2.085186000000000206e+00
-1.143086000000000046e+00
-3.586285999999999863e+00
-5.065286000000000399e+00
-4.107986000000000359e+00
