3.786001999999999867e+00
3.291101999999999972e+00
2.339802000000000159e+00
1.863402000000000003e+00
2.301102000000000203e+00
3.292301999999999840e+00
1.706301999999999985e+00
7.257019999999999582e-01
-4.446979999999999822e-01
-1.364198000000000022e+00
-1.185497999999999941e+00
3.420200000000000323e-02
9.532019999999999937e-01
3.844501999999999864e+00
3.790601999999999805e+00
3.708020000000000205e-01
1.352702000000000071e+00
-2.117398000000000113e+00
-2.520598000000000116e+00
-2.279198000000000057e+00
-3.229497999999999980e+00
-3.799398000000000053e+00
-3.579397999999999858e+00
-2.195397999999999961e+00
1.086402000000000090e+00
1.191402000000000072e+00
2.522801999999999989e+00
-6.620979999999999643e-01
1.850502000000000091e+00
4.331101999999999563e+00
3.177702000000000027e+00
3.438102000000000213e+00
4.508601999999999776e+00
1.437702000000000035e+00
2.331301999999999985e+00
1.050702000000000025e+00
-3.155197999999999947e+00
-1.405297999999999936e+00
-2.172498000000000040e+00
-2.899497999999999909e+00
-3.998597999999999875e+00
-3.227597999999999967e+00
-4.850597999999999743e+00
-3.628298000000000023e+00
-4.331097999999999892e+00
-2.100398000000000209e+00
-1.431597999999999926e+00
