-4.430900000000000116e-02
-5.096089999999999787e-01
-5.966089999999999449e-01
-1.901090000000000002e-01
3.164910000000000223e-01
3.495909999999999851e-01
-2.847089999999999899e-01
1.090909999999999935e-01
6.261910000000000531e-01
7.260910000000000419e-01
8.742910000000000403e-01
-9.228089999999999904e-01
1.387691000000000008e+00
-1.638209000000000026e+00
2.673890999999999796e+00
3.688091000000000008e+00
3.426890999999999909e+00
2.151190999999999853e+00
1.135591000000000017e+00
-3.031909000000000187e+00
-3.731809000000000154e+00
-3.046508999999999912e+00
-1.661208999999999936e+00
-9.594089999999999563e-01
2.931909999999999794e-01
-8.782090000000000174e-01
1.070991000000000026e+00
-7.300900000000000445e-02
-1.608999999999999970e-03
-8.117090000000000138e-01
7.988910000000000178e-01
8.357909999999999506e-01
-1.281309000000000031e+00
-8.695089999999999764e-01
2.897291000000000061e+00
4.684591000000000172e+00
4.218690999999999747e+00
1.946091000000000015e+00
1.437910000000000021e-01
-3.581909000000000010e+00
-4.814109000000000194e+00
-3.593008999999999897e+00
-1.125208999999999904e+00
1.235910000000000064e-01
5.753909999999999858e-01
-5.976089999999999458e-01
1.378910000000000136e-01
-1.364908999999999928e+00
1.485991000000000062e+00
1.897391000000000050e+00
-9.500089999999999923e-01
-3.839090000000000003e-01
1.012491000000000030e+00
-4.716090000000000004e-01
-3.481090000000000018e-01
-1.824208999999999969e+00
