-3.401649999999999952e-01
-6.065000000000000079e-03
5.744350000000000289e-01
7.901350000000000318e-01
4.678350000000000009e-01
-1.024650000000000005e-01
1.561735000000000095e+00
1.474834999999999896e+00
8.067349999999999799e-01
4.978350000000000275e-01
-4.214649999999999785e-01
-2.731649999999999912e-01
1.696350000000000080e-01
2.256135000000000002e+00
-8.366500000000000326e-02
-1.369650000000000034e-01
-3.953650000000000220e-01
-6.003650000000000375e-01
-5.512650000000000050e-01
-2.969649999999999790e-01
-7.671649999999999858e-01
-6.807649999999999535e-01
6.603499999999999648e-02
7.535000000000000031e-03
1.364735000000000031e+00
-3.734649999999999914e-01
-1.394650000000000056e-01
-7.968650000000000455e-01
-2.536499999999999866e-02
-6.993650000000000144e-01
1.507350000000000079e-01
-4.459650000000000003e-01
-7.990650000000000253e-01
-2.563650000000000095e-01
-8.569649999999999768e-01
-1.453664999999999985e+00
3.187349999999999905e-01
1.941350000000000020e-01
-9.867650000000000032e-01
7.879350000000000520e-01
