6.392980000000000329e-01
3.410980000000000123e-01
-4.840200000000000058e-02
-1.500019999999999964e-01
1.430980000000000030e-01
5.543979999999999464e-01
3.219799999999999746e-02
1.143597999999999892e+00
1.008998000000000062e+00
-2.057019999999999960e-01
-1.307201999999999975e+00
-1.191302000000000083e+00
4.397980000000000222e-01
8.337980000000000391e-01
-3.214020000000000210e-01
-8.606019999999999781e-01
-6.017019999999999591e-01
-1.390201999999999938e+00
-1.065601999999999938e+00
7.529800000000000382e-02
3.807980000000000254e-01
-4.540020000000000167e-01
-1.606502000000000097e+00
-1.907901999999999987e+00
2.188498000000000054e+00
3.007298000000000027e+00
2.332097999999999782e+00
-1.716020000000000045e-01
-1.091501999999999972e+00
-1.368020000000000069e-01
1.151698000000000111e+00
1.566597999999999935e+00
2.108398000000000216e+00
-2.276202000000000059e+00
-2.074301999999999868e+00
2.238980000000000137e-01
7.354979999999999851e-01
1.266397999999999913e+00
1.130797999999999970e+00
-1.174701999999999913e+00
-1.653202000000000060e+00
4.149800000000000016e-02
1.654980000000000062e-01
-1.526302000000000048e+00
-2.348602000000000078e+00
-1.511401999999999912e+00
7.356979999999999631e-01
1.263098000000000054e+00
-2.272702000000000222e+00
-2.805302000000000184e+00
-1.590199999999999947e-02
7.645979999999999999e-01
-9.985020000000000007e-01
1.880198000000000036e+00
2.607597999999999860e+00
1.474898000000000042e+00
9.308980000000000032e-01
