-4.693527999999999700e+00
-4.759427999999999770e+00
-4.387027999999999928e+00
-3.919728000000000101e+00
-3.801527999999999796e+00
-4.214827999999999797e+00
-3.480027999999999899e+00
-3.080728000000000133e+00
-3.260527999999999871e+00
-4.164827999999999975e+00
-5.253627999999999965e+00
-2.548928000000000083e+00
-1.811128000000000071e+00
-2.612127999999999783e+00
-2.873727999999999838e+00
-1.482828000000000035e+00
-4.723280000000000256e-01
7.565720000000000223e-01
1.693472000000000088e+00
1.416171999999999986e+00
2.038719999999999977e-01
-7.354279999999999706e-01
2.392571999999999921e+00
2.455972000000000044e+00
3.166771999999999920e+00
4.121871999999999758e+00
3.373972000000000193e+00
5.214672000000000196e+00
3.978171999999999819e+00
2.369472000000000023e+00
6.148071999999999981e+00
5.589771999999999963e+00
6.322572000000000081e+00
4.622671999999999670e+00
-3.806427999999999923e+00
-4.479327999999999754e+00
-5.323728000000000016e+00
-5.548327999999999705e+00
-3.388027999999999818e+00
-1.878028000000000031e+00
-3.573328000000000060e+00
-2.085427999999999837e+00
-1.960228000000000081e+00
-3.658528000000000002e+00
-1.034227999999999925e+00
-2.396128000000000036e+00
9.895720000000000072e-01
2.640471999999999930e+00
-2.052800000000000111e-02
-1.673527999999999905e+00
2.970072000000000045e+00
4.566571999999999854e+00
5.825872000000000384e+00
4.762272000000000283e+00
3.431972000000000023e+00
6.380772000000000332e+00
7.083472000000000435e+00
5.900371999999999950e+00
