-3.917789999999999884e-01
-1.627790000000000070e-01
2.747209999999999930e-01
4.838210000000000011e-01
2.931210000000000204e-01
-1.751790000000000014e-01
9.298210000000000086e-01
1.034721000000000002e+00
6.544210000000000305e-01
6.161210000000000298e-01
1.119520999999999988e+00
-4.349790000000000045e-01
-3.994789999999999730e-01
4.122100000000000070e-02
-1.247900000000000051e-02
1.008620999999999990e+00
2.090320999999999874e+00
2.142720999999999876e+00
1.171421000000000046e+00
1.003420999999999896e+00
2.058920999999999779e+00
-2.239790000000000114e-01
-3.878789999999999738e-01
-7.568789999999999685e-01
-1.455079000000000011e+00
-9.473789999999999711e-01
-9.032790000000000541e-01
-1.034879000000000104e+00
-2.060078999999999994e+00
-1.650679000000000007e+00
-3.141379000000000143e+00
1.146821000000000090e+00
1.376521000000000106e+00
1.185221000000000080e+00
-4.238790000000000058e-01
-3.175790000000000002e-01
-7.744790000000000285e-01
-2.376790000000000014e-01
-7.293789999999999996e-01
-7.649789999999999646e-01
-8.497789999999999511e-01
2.897921000000000191e+00
2.990420999999999996e+00
6.104209999999999914e-01
2.210621000000000169e+00
-1.064678999999999931e+00
5.763209999999999722e-01
-1.652679000000000009e+00
-2.405778999999999890e+00
-1.184979000000000005e+00
-9.101789999999999603e-01
-8.597899999999999987e-02
-2.376978999999999953e+00
