-1.315449999999999953e-01
1.718550000000000078e-01
6.705550000000000122e-01
8.721550000000000136e-01
5.906550000000000411e-01
9.595499999999999863e-02
1.359255000000000102e+00
1.577355000000000063e+00
1.333355000000000068e+00
8.184550000000000436e-01
1.580254999999999965e+00
4.203549999999999787e-01
3.542549999999999866e-01
1.435454999999999925e+00
1.397555000000000103e+00
2.771549999999999847e-01
-8.155449999999999644e-01
-7.911449999999999871e-01
-2.562450000000000006e-01
-4.444499999999999840e-02
-1.930145000000000000e+00
-3.030644999999999811e+00
-3.028245000000000076e+00
-1.926844999999999919e+00
1.964655000000000040e+00
5.890549999999999953e-01
2.472055000000000113e+00
1.788755000000000095e+00
-4.420450000000000212e-01
2.334655000000000147e+00
2.246255000000000113e+00
2.692550000000000221e-01
3.267550000000000177e-01
-6.085450000000000026e-01
1.712549999999999906e-01
-4.243450000000000277e-01
-1.948844999999999938e+00
-3.884844999999999882e+00
-3.881444999999999812e+00
-1.972445000000000004e+00
