-2.741133000000000042e+00
-2.738833000000000073e+00
-2.208432999999999868e+00
-1.630632999999999999e+00
-1.537033000000000094e+00
-2.162732999999999794e+00
-1.110532999999999992e+00
-4.976329999999999920e-01
-3.797329999999999872e-01
-8.612330000000000263e-01
-2.234833000000000069e+00
-3.318833000000000144e+00
-7.023329999999999851e-01
2.004670000000000063e-01
1.687567000000000039e+00
2.357167000000000012e+00
3.732566999999999968e+00
4.457467000000000290e+00
3.809067000000000203e+00
2.434267000000000181e+00
-1.191033000000000008e+00
-1.125329999999999941e-01
9.726700000000000623e-02
-1.346233000000000013e+00
-2.725232999999999794e+00
-3.332233000000000001e+00
-3.731233000000000022e+00
-3.331330000000000124e-01
-1.707332999999999990e+00
5.626699999999999757e-02
-1.386330000000000062e-01
1.817466999999999944e+00
4.239266999999999896e+00
5.529366999999999699e+00
4.374467000000000105e+00
1.948866999999999905e+00
