-1.052370999999999945e+00
-1.336470999999999965e+00
-1.416071000000000080e+00
-1.205071000000000003e+00
-8.999709999999999654e-01
-8.174709999999999477e-01
-1.296871000000000107e+00
-1.097070999999999907e+00
-7.937710000000000043e-01
-7.045709999999999473e-01
-5.994709999999999761e-01
7.098290000000000433e-01
1.930228999999999973e+00
3.133528999999999787e+00
3.131629000000000218e+00
1.927429000000000059e+00
7.230290000000000328e-01
-5.525710000000000344e-01
-1.562170999999999976e+00
-5.999710000000000321e-01
-1.533970999999999973e+00
-1.189870999999999901e+00
-4.808709999999999929e-01
-3.530710000000000237e-01
1.946728999999999932e+00
4.073329000000000200e+00
4.069728999999999708e+00
1.924728999999999912e+00
-2.084709999999999896e-01
1.348290000000000044e-01
-5.213710000000000289e-01
-1.779970999999999970e+00
-1.510571000000000108e+00
-7.372710000000000097e-01
-1.455670999999999937e+00
