8.892069999999999697e-01
4.546069999999999833e-01
2.580700000000000008e-02
3.610700000000000021e-02
4.673069999999999724e-01
9.018070000000000253e-01
-4.085929999999999840e-01
-4.087930000000000175e-01
5.090700000000000086e-02
4.712069999999999870e-01
1.319906999999999941e+00
4.435069999999999846e-01
5.640699999999999881e-02
-1.062929999999999986e-01
5.994070000000000231e-01
4.424069999999999947e-01
-4.254930000000000101e-01
-1.113293000000000088e+00
-9.712929999999999620e-01
-6.659929999999999461e-01
5.506999999999999743e-03
-2.005692999999999948e+00
-1.366792999999999925e+00
2.123069999999999957e-01
-7.724929999999999852e-01
-7.949929999999999497e-01
1.744806999999999997e+00
1.662706999999999935e+00
1.149069999999999953e-01
7.572069999999999634e-01
1.304307000000000105e+00
1.019806999999999908e+00
-1.562893000000000088e+00
-3.087929999999999842e-01
-2.787930000000000130e-01
1.090807000000000082e+00
-2.076293000000000166e+00
-4.744929999999999981e-01
-1.111293000000000086e+00
3.970069999999999988e-01
1.074406999999999890e+00
-6.900929999999999565e-01
