-3.368200000000000083e-01
4.067799999999999749e-01
1.267379999999999951e+00
1.346680000000000099e+00
6.420799999999999841e-01
-2.472199999999999953e-01
2.403080000000000105e+00
1.954080000000000039e+00
1.008180000000000076e+00
-1.053220000000000045e+00
2.683800000000000074e-01
3.552799999999999847e-01
-8.252199999999999536e-01
-1.369920000000000027e+00
-7.086200000000000276e-01
4.506800000000000250e-01
9.703800000000000203e-01
-1.709319999999999951e+00
9.888799999999999812e-01
2.168880000000000141e+00
-1.236120000000000108e+00
-7.036200000000000232e-01
-2.516119999999999912e+00
-3.648719999999999963e+00
4.232799999999999896e-01
9.964800000000000324e-01
2.417380000000000084e+00
-1.088119999999999976e+00
-1.658819999999999961e+00
8.181800000000000184e-01
-3.694200000000000261e-01
1.871180000000000065e+00
2.458880000000000177e+00
2.994679999999999787e+00
1.979479999999999906e+00
-1.137219999999999898e+00
-9.798200000000000243e-01
3.847800000000000109e-01
-4.548619999999999663e+00
-3.635320000000000107e+00
-3.701319999999999943e+00
5.832800000000000207e-01
-6.613200000000000189e-01
2.079579999999999984e+00
8.969799999999999995e-01
