-2.582289999999999863e-01
-2.769289999999999807e-01
-3.140290000000000026e-01
-3.354289999999999772e-01
-3.209290000000000198e-01
-2.818289999999999962e-01
-3.752289999999999792e-01
-4.075289999999999746e-01
-3.976290000000000102e-01
-3.466290000000000204e-01
-2.402289999999999981e-01
-2.554290000000000171e-01
-3.646289999999999809e-01
1.328570999999999946e+00
-3.856289999999999996e-01
-4.441289999999999960e-01
-4.341289999999999871e-01
6.073709999999999942e-01
-1.034729000000000010e+00
-2.682289999999999952e-01
-2.264289999999999914e-01
1.518971000000000071e+00
1.460971000000000020e+00
2.052071000000000200e+00
