-9.638630000000000253e-01
-8.038629999999999942e-01
-4.652629999999999821e-01
-2.899630000000000263e-01
-4.204629999999999757e-01
-7.779629999999999601e-01
5.613699999999999940e-02
1.278370000000000062e-01
-1.595630000000000104e-01
-9.491629999999999789e-01
-1.005862999999999952e+00
4.745369999999999866e-01
7.432370000000000365e-01
1.069636999999999949e+00
1.132737000000000105e+00
8.674370000000000136e-01
5.413369999999999571e-01
9.256370000000000431e-01
1.541136999999999979e+00
2.288370000000000126e-01
-8.186630000000000296e-01
-1.208163000000000098e+00
-8.979629999999999557e-01
-1.262563000000000102e+00
7.053369999999999918e-01
1.272836999999999996e+00
3.366370000000000196e-01
