-2.439744000000000135e+00
-1.353143999999999902e+00
-1.410440000000000027e-01
-4.399999999999999886e-05
-1.075944000000000011e+00
-2.302544000000000146e+00
-9.454439999999999511e-01
-8.422439999999999927e-01
-7.548439999999999594e-01
-7.999439999999999884e-01
-8.865439999999999987e-01
-9.549440000000000150e-01
-1.482844000000000051e+00
-3.465043999999999791e+00
-7.805440000000000156e-01
2.484456000000000220e+00
1.392355999999999927e+00
-6.878440000000000110e-01
4.168560000000000043e-01
5.862559999999999993e-01
-2.759440000000000226e-01
2.803056000000000214e+00
2.768056000000000072e+00
-9.528440000000000243e-01
-7.038440000000000252e-01
-1.387744000000000089e+00
-2.303443999999999825e+00
-2.550844000000000111e+00
-1.883043999999999940e+00
1.770456000000000030e+00
1.558856000000000019e+00
1.786156000000000077e+00
4.110056000000000154e+00
2.559560000000000168e-01
-8.399440000000000239e-01
-9.182439999999999491e-01
-1.037843999999999989e+00
-6.716440000000000188e-01
-2.385543999999999887e+00
-3.597144000000000119e+00
-4.304543999999999926e+00
3.454956000000000138e+00
2.294156000000000084e+00
2.556556000000000051e+00
1.657556000000000029e+00
1.383456000000000019e+00
-1.052043999999999979e+00
3.586559999999999748e-01
-1.214844000000000035e+00
-2.825743999999999811e+00
-3.264943999999999846e+00
-2.087044000000000121e+00
2.085256000000000220e+00
2.596455999999999875e+00
8.065560000000000507e-01
1.225956000000000046e+00
4.093055999999999806e+00
4.340256000000000114e+00
4.874456000000000344e+00
-1.097439999999999943e-01
1.249055999999999944e+00
3.707559999999999745e-01
