3.971560000000000090e-01
5.379559999999999897e-01
8.484559999999999880e-01
1.027555999999999914e+00
9.123559999999999448e-01
5.968560000000000532e-01
1.332556000000000074e+00
1.520456000000000030e+00
1.421955999999999998e+00
1.105056000000000038e+00
1.613655999999999979e+00
3.594559999999999977e-01
2.317559999999999898e-01
1.346155999999999908e+00
1.241856000000000071e+00
1.695599999999999885e-02
-1.117043999999999926e+00
-1.025044000000000066e+00
3.967559999999999976e-01
3.495559999999999778e-01
-2.341244000000000103e+00
-3.486943999999999821e+00
-3.421444000000000152e+00
-2.210744000000000042e+00
1.751956000000000069e+00
2.390956000000000081e+00
1.967656000000000072e+00
-4.807440000000000047e-01
2.326855999999999813e+00
2.120556000000000108e+00
-4.144400000000000167e-02
9.035560000000000258e-01
2.087559999999999971e-01
4.462559999999999860e-01
1.112559999999999938e-01
-2.412043999999999855e+00
-4.426444000000000045e+00
-4.310243999999999964e+00
-2.210944000000000020e+00
