-4.127170000000000005e-01
8.190830000000000055e-01
1.854783000000000071e+00
1.607283000000000017e+00
3.733830000000000204e-01
-6.249169999999999447e-01
1.829830000000000068e-01
6.898300000000000265e-02
-1.123917000000000055e+00
-1.233716999999999953e+00
-1.341169999999999862e-01
1.067882999999999916e+00
1.159783000000000008e+00
-1.925416999999999934e+00
1.033382999999999940e+00
2.543883000000000116e+00
-2.325170000000000015e-01
-2.813717000000000024e+00
-7.340170000000000305e-01
-6.517169999999999908e-01
-8.701699999999999713e-02
1.597830000000000084e-01
2.465583000000000080e+00
1.024683000000000010e+00
-6.968170000000000197e-01
-1.985316999999999998e+00
2.101682999999999968e+00
-2.093116999999999894e+00
-2.566616999999999926e+00
1.951783000000000046e+00
2.676830000000000043e-01
-1.078116999999999992e+00
-9.612169999999999881e-01
1.157829999999999970e-01
5.565830000000000499e-01
