-1.877267000000000019e+00
-1.036667000000000005e+00
1.789330000000000087e-01
5.906329999999999636e-01
-2.162669999999999870e-01
-1.473767000000000049e+00
2.207330000000000125e-01
1.014329999999999954e-01
5.177329999999999988e-01
1.062932999999999906e+00
1.178433000000000064e+00
7.635330000000000172e-01
-1.442566999999999933e+00
-2.375166999999999806e+00
1.643032999999999966e+00
2.773833000000000215e+00
1.981033000000000044e+00
3.633330000000000171e-01
-1.214670000000000055e-01
-7.216699999999999504e-02
4.286329999999999862e-01
6.896330000000000515e-01
-4.726670000000000038e-01
-9.585669999999999469e-01
-1.336267000000000094e+00
-1.234067000000000025e+00
-7.534669999999999979e-01
-3.753670000000000062e-01
-3.336669999999999914e-01
1.598033000000000037e+00
8.669329999999999536e-01
-8.257670000000000288e-01
-2.358667000000000069e+00
-2.412666999999999895e+00
-3.265366999999999909e+00
3.763332999999999817e+00
2.268133000000000177e+00
2.914932999999999996e+00
2.556132999999999988e+00
1.894333000000000045e+00
-4.462670000000000248e-01
-1.052767000000000008e+00
-1.711066999999999894e+00
-1.529066999999999954e+00
-6.715670000000000250e-01
-3.066999999999999848e-03
