-3.283799999999999913e-02
1.106200000000000065e-02
4.606199999999999878e-02
3.686199999999999893e-02
-7.138000000000000247e-03
-4.223799999999999777e-02
-1.143800000000000025e-02
2.666200000000000167e-02
2.306199999999999917e-02
-2.873799999999999966e-02
-5.073799999999999838e-02
-4.733799999999999814e-02
2.096200000000000147e-02
-8.963799999999999546e-02
7.016200000000000214e-02
7.476199999999999513e-02
1.962000000000000202e-03
6.036199999999999899e-02
-7.173799999999999621e-02
-7.093800000000000106e-02
5.446200000000000346e-02
-4.538000000000000367e-03
7.368620000000000170e-01
-9.356379999999999697e-01
1.009619999999999962e-01
1.091619999999999951e-01
1.037662000000000084e+00
-5.005380000000000384e-01
-5.175380000000000535e-01
