1.338772000000000073e+00
2.069719999999999893e-01
-9.327280000000000015e-01
-1.054527999999999910e+00
2.209720000000000018e-01
1.322572000000000081e+00
2.681720000000000215e-01
2.469371999999999900e+00
3.105720000000000147e-01
8.320720000000000338e-01
8.930719999999999770e-01
3.949719999999999898e-01
-1.521280000000000132e-01
-2.101280000000000092e-01
-1.906627999999999989e+00
-1.855027999999999899e+00
1.465672000000000086e+00
1.929672000000000054e+00
2.524071999999999871e+00
3.307071999999999790e+00
-4.913279999999999870e-01
1.192271999999999998e+00
1.222072000000000047e+00
4.361720000000000041e-01
-5.277279999999999749e-01
-6.113279999999999825e-01
-2.271727999999999970e+00
-1.334627999999999926e+00
-2.789327999999999808e+00
-2.157728000000000090e+00
-2.771027999999999825e+00
-1.268528000000000100e+00
