-1.651324999999999932e+00
-1.958825000000000038e+00
-1.938925000000000010e+00
-1.567925000000000013e+00
-1.222425000000000095e+00
-1.280825000000000102e+00
-1.488825000000000065e+00
-9.881250000000000311e-01
-8.738249999999999629e-01
-4.448250000000000259e-01
-9.878249999999999531e-01
-2.323824999999999807e+00
1.017675000000000107e+00
1.469275000000000109e+00
1.719375000000000098e+00
1.511574999999999891e+00
1.055074999999999985e+00
8.026750000000000274e-01
3.505750000000000255e-01
9.097500000000000031e-02
2.156575000000000131e+00
2.422874999999999890e+00
-7.350250000000000394e-01
7.480750000000000455e-01
-1.932250000000000079e-01
4.457749999999999768e-01
-1.247724999999999973e+00
-7.106249999999999512e-01
-1.064124999999999988e+00
-2.565424999999999844e+00
-2.351525000000000087e+00
1.628575000000000106e+00
1.691475000000000062e+00
9.073750000000000426e-01
-2.757249999999999979e-01
1.007975000000000065e+00
-6.897250000000000325e-01
2.758875000000000188e+00
1.515174999999999939e+00
3.226875000000000160e+00
-1.078824999999999923e+00
-1.344225000000000003e+00
1.358475000000000099e+00
1.098375000000000101e+00
