-1.697119000000000044e+00
-8.591189999999999660e-01
-1.520189999999999875e-01
-3.618190000000000017e-01
-1.187119000000000035e+00
-1.884919000000000011e+00
1.944809999999999872e-01
-2.956190000000000206e-01
-1.141518999999999950e+00
-2.746119000000000199e+00
-7.176190000000000069e-01
9.238100000000000478e-02
-1.171900000000000025e-02
3.228809999999999736e-01
7.711810000000000054e-01
8.925809999999999578e-01
5.525809999999999889e-01
1.351380999999999943e+00
1.485581000000000040e+00
1.165181000000000022e+00
7.080809999999999604e-01
1.118581000000000047e+00
1.005481000000000069e+00
8.575810000000000377e-01
-2.908919000000000032e+00
-3.223018999999999856e+00
-1.009189999999999948e-01
-1.230819000000000107e+00
-3.734190000000000009e-01
2.154810000000000059e-01
1.616581000000000046e+00
1.842681000000000013e+00
1.269080999999999904e+00
4.718809999999999949e-01
1.318381000000000025e+00
-3.261900000000000216e-02
1.672380999999999895e+00
