4.167099999999999971e-02
8.734709999999999974e-01
1.445970999999999895e+00
1.162770999999999999e+00
3.093710000000000071e-01
-2.211289999999999922e-01
1.742370999999999892e+00
1.472671000000000063e+00
6.197709999999999608e-01
4.807100000000000262e-02
3.807710000000000261e-01
-9.001289999999999569e-01
-6.952289999999999859e-01
2.957100000000000006e-02
2.189709999999999990e-01
-3.315290000000000181e-01
-1.060229000000000088e+00
-1.251829000000000081e+00
-1.111129000000000033e+00
1.163170999999999955e+00
-1.960029000000000021e+00
-2.527728999999999893e+00
9.466710000000000402e-01
1.174771000000000010e+00
1.194471000000000060e+00
1.988270999999999900e+00
-6.035289999999999822e-01
-1.595029000000000030e+00
-1.409629000000000021e+00
4.564710000000000156e-01
-2.206289999999999918e-01
-1.471629000000000076e+00
-9.559290000000000287e-01
-1.435429000000000066e+00
1.807871000000000006e+00
7.568709999999999605e-01
-3.031429000000000151e+00
-1.752728999999999981e+00
-3.280129000000000072e+00
1.775071000000000065e+00
2.314710000000000101e-01
1.743470999999999993e+00
1.007471000000000005e+00
9.602709999999999857e-01
2.263271000000000033e+00
