-1.317199999999999926e+00
-1.915599999999999969e+00
-2.231300000000000061e+00
-1.928399999999999892e+00
-1.298399999999999999e+00
-1.014999999999999902e+00
-2.276299999999999990e+00
-2.015899999999999803e+00
-1.372500000000000053e+00
-1.033500000000000085e+00
-1.103399999999999936e+00
-9.550000000000000155e-02
1.053299999999999903e+00
2.142599999999999838e+00
2.091600000000000126e+00
9.918000000000000149e-01
-9.410000000000000309e-02
-3.785999999999999921e-01
-2.225299999999999834e+00
-2.916000000000000258e-01
3.279900000000000038e+00
3.343700000000000117e+00
-1.174600000000000088e+00
3.154300000000000104e+00
2.965599999999999792e+00
9.365999999999999881e-01
1.278399999999999981e+00
-2.406800000000000050e+00
-2.772200000000000220e+00
-2.323900000000000077e+00
-1.244999999999999996e-01
-1.842100000000000071e+00
1.092600000000000016e+00
-9.397999999999999687e-01
5.684000000000000163e-01
-8.911000000000000032e-01
-2.681799999999999962e+00
-2.000900000000000123e+00
4.299999999999999822e+00
2.545599999999999863e+00
3.319199999999999928e+00
3.832599999999999785e+00
2.070399999999999796e+00
2.911500000000000199e+00
1.328999999999999959e+00
2.258999999999999897e+00
5.103999999999999648e-01
-2.230599999999999916e+00
-3.200899999999999856e+00
-2.794700000000000184e+00
