-4.954900000000000276e-02
1.163451000000000013e+00
1.760350999999999999e+00
1.022251000000000021e+00
-2.435489999999999877e-01
-7.788490000000000135e-01
1.635950999999999933e+00
2.356509999999999994e-01
-7.210490000000000510e-01
-2.007149000000000072e+00
1.843550999999999940e+00
-2.069948999999999817e+00
1.761510000000000020e-01
1.231509999999999966e-01
-7.723489999999999522e-01
-7.675490000000000368e-01
1.792509999999999937e-01
1.080651000000000028e+00
1.054950999999999972e+00
-1.998248999999999942e+00
1.941151000000000071e+00
2.752050999999999803e+00
1.859510000000000052e-01
1.039150999999999936e+00
-1.644449000000000050e+00
-2.757448999999999817e+00
-2.627349000000000157e+00
-2.295548999999999840e+00
2.762551000000000201e+00
1.418250999999999928e+00
-2.281949000000000005e+00
-2.137449000000000154e+00
-2.855849000000000082e+00
-6.958490000000000508e-01
1.042850999999999972e+00
1.770450999999999997e+00
3.305451000000000139e+00
3.482651000000000163e+00
2.138351000000000113e+00
1.033050999999999942e+00
6.694510000000000183e-01
2.070851000000000219e+00
-3.510149000000000186e+00
-2.461049000000000042e+00
-3.212248999999999910e+00
