9.229289999999999994e-01
1.092829000000000050e+00
1.198728999999999933e+00
1.119928999999999952e+00
9.250289999999999901e-01
8.635289999999999910e-01
1.200228999999999990e+00
1.540629000000000026e+00
6.543290000000000495e-01
8.476289999999999658e-01
-7.842710000000000514e-01
6.649289999999999923e-01
1.163529000000000035e+00
-1.059071000000000096e+00
-2.352670999999999957e+00
-3.396471000000000018e+00
-3.144970999999999961e+00
-1.849871000000000043e+00
2.387289999999999968e-01
1.960129000000000010e+00
1.457429000000000086e+00
2.590929000000000038e+00
1.026029000000000080e+00
1.803128999999999982e+00
6.222899999999999959e-02
1.112629000000000090e+00
6.325290000000000079e-01
1.291028999999999982e+00
1.086128999999999900e+00
-2.573710000000000164e-01
-2.543371000000000048e+00
-4.405670999999999893e+00
-3.960071000000000119e+00
-1.701370999999999967e+00
