-2.875300000000000078e-02
1.605469999999999953e-01
4.923469999999999791e-01
6.435469999999999802e-01
4.773470000000000213e-01
1.428470000000000018e-01
9.722469999999999724e-01
1.135847000000000051e+00
9.868470000000000297e-01
6.434469999999999912e-01
1.156646999999999981e+00
-9.185300000000000409e-02
-2.371530000000000027e-01
-1.503452999999999928e+00
-1.702952999999999939e+00
-6.258529999999999927e-01
6.496469999999999745e-01
8.312469999999999581e-01
-1.074530000000000068e-01
1.747000000000000072e-03
-2.956853000000000176e+00
-3.687053000000000136e+00
1.636746999999999952e+00
2.940147000000000066e+00
-8.363530000000000131e-01
-6.727530000000000454e-01
1.390946999999999933e+00
1.957046999999999981e+00
1.470447000000000060e+00
-9.365529999999999688e-01
-2.350052999999999948e+00
1.817047000000000079e+00
3.785470000000000224e-01
-3.069529999999999759e-01
1.357470000000000065e-01
-2.523529999999999940e-01
-4.674052999999999791e+00
-3.191752999999999840e+00
-3.827752999999999961e+00
3.591047000000000100e+00
3.350046999999999997e+00
2.932547000000000015e+00
-8.463530000000000220e-01
-1.403653000000000040e+00
3.453470000000000151e-01
