-3.047499999999999862e-02
-3.407500000000000112e-02
-2.847500000000000031e-02
-1.777499999999999913e-02
-3.874999999999999972e-03
-4.174999999999999892e-03
-2.317500000000000115e-02
-1.497500000000000046e-02
3.924999999999999670e-03
1.222499999999999976e-02
-6.127500000000000308e-02
-4.837500000000000133e-02
6.352499999999999813e-02
1.972499999999999948e-02
-3.567499999999999838e-02
-2.087500000000000119e-02
3.749250000000000083e-01
-4.277500000000000052e-02
-5.327500000000000291e-02
-5.507499999999999896e-02
