6.578049999999999731e-01
7.460050000000000292e-01
3.851049999999999751e-01
-9.789499999999999591e-02
-2.291950000000000098e-01
1.618050000000000044e-01
-7.318949999999999623e-01
-2.103695000000000093e+00
-2.573595000000000077e+00
-1.674895000000000023e+00
-3.117949999999999888e-01
1.536049999999999915e-01
1.235705000000000053e+00
1.301049999999999984e-01
-2.184994999999999798e+00
-4.712950000000000195e-01
-4.276695000000000135e+00
9.920500000000000151e-02
-9.359950000000000214e-01
-1.285695000000000032e+00
-5.992950000000000221e-01
4.568050000000000166e-01
8.252049999999999663e-01
1.152004999999999946e+00
2.207904999999999784e+00
2.585205000000000197e+00
1.903604999999999992e+00
4.905050000000000243e-01
-2.812594999999999956e+00
4.011049999999999893e-01
1.223305000000000087e+00
1.314305000000000057e+00
1.519905000000000062e+00
-6.143950000000000244e-01
4.268049999999999899e-01
-1.490094999999999947e+00
-4.529949999999999810e-01
-1.485395000000000021e+00
-2.094895000000000174e+00
-8.932949999999999502e-01
8.746049999999999658e-01
2.736005000000000020e+00
3.410105000000000164e+00
2.223904999999999799e+00
