9.545310000000000183e-01
-2.216900000000000120e-02
-1.060368999999999895e+00
-1.234169000000000072e+00
-1.886900000000000036e-02
9.495310000000000139e-01
1.499310000000000087e-01
1.948031000000000068e+00
1.290310000000000068e-01
1.127131000000000105e+00
1.310631000000000101e+00
5.204309999999999770e-01
-4.419690000000000007e-01
-6.211689999999999712e-01
-2.333368999999999804e+00
-1.766469000000000067e+00
6.980309999999999571e-01
5.696309999999999985e-01
3.930310000000000192e-01
2.323310000000000097e-01
4.993100000000000316e-02
-1.234169000000000072e+00
-1.400668999999999942e+00
-2.866690000000000071e-01
9.949310000000000098e-01
1.163631000000000082e+00
1.985230999999999968e+00
2.992230999999999863e+00
1.980431000000000052e+00
2.680431000000000008e+00
-5.582690000000000152e-01
9.339309999999999556e-01
1.753730999999999929e+00
2.081030999999999853e+00
-1.064168999999999921e+00
-1.358068999999999971e+00
-2.717068999999999956e+00
-1.962269000000000041e+00
-3.189468999999999888e+00
-2.097668999999999784e+00
-2.626168999999999976e+00
-9.990689999999999849e-01
-1.090689999999999993e-01
-2.995689999999999742e-01
1.448930999999999969e+00
1.256731000000000043e+00
-4.876690000000000191e-01
-6.265690000000000426e-01
1.108830999999999900e+00
-2.114869000000000110e+00
-2.401968999999999799e+00
-4.175690000000000235e-01
1.865531000000000050e+00
2.171730999999999856e+00
