5.337809999999999500e-01
1.126810000000000034e-01
-4.982190000000000230e-01
-7.088189999999999769e-01
-3.290190000000000059e-01
3.228809999999999736e-01
-1.322618999999999989e+00
-1.584119000000000055e+00
-1.265419000000000072e+00
-6.376190000000000468e-01
-1.613618999999999915e+00
-4.084189999999999765e-01
-4.599190000000000222e-01
-1.604619000000000018e+00
-1.654219000000000106e+00
-5.620190000000000463e-01
5.888809999999999878e-01
6.488810000000000411e-01
8.028809999999999558e-01
3.221809999999999952e-01
-2.842189999999999994e-01
1.735181000000000084e+00
2.879380999999999968e+00
-7.443189999999999529e-01
3.417810000000000015e-01
4.112810000000000077e-01
-2.075619000000000103e+00
-2.221619000000000010e+00
-2.253318999999999850e+00
-2.473918999999999979e+00
-2.556719000000000186e+00
1.438681000000000099e+00
1.531080999999999914e+00
8.578099999999999614e-02
1.168100000000000041e-02
7.861810000000000187e-01
8.019810000000000549e-01
-7.227190000000000003e-01
-6.762190000000000145e-01
3.641380999999999979e+00
2.644280999999999882e+00
3.295780999999999850e+00
3.468099999999999655e-02
1.224881000000000109e+00
5.686809999999999921e-01
1.382181000000000104e+00
-1.087189999999999962e-01
6.189810000000000034e-01
