3.904710000000000125e-01
-2.732899999999999913e-02
-7.638289999999999802e-01
-1.068629000000000051e+00
-7.032289999999999930e-01
7.257099999999999662e-02
-1.824729000000000045e+00
-1.951329000000000091e+00
-1.279128999999999960e+00
-1.210029000000000021e+00
5.354710000000000303e-01
3.369710000000000205e-01
-2.290000000000000098e-04
-3.794290000000000163e-01
-3.373289999999999900e-01
1.099709999999999993e-01
5.591709999999999736e-01
5.455710000000000282e-01
6.307100000000000206e-02
-7.353290000000000104e-01
-5.462289999999999646e-01
-2.582900000000000126e-02
-8.301290000000000058e-01
-5.653289999999999704e-01
-4.292900000000000188e-02
2.335710000000000008e-01
9.982710000000000194e-01
2.422771000000000008e+00
4.516709999999999892e-01
-2.538828999999999780e+00
-1.344829000000000052e+00
-2.086329000000000100e+00
4.239709999999999868e-01
1.107170999999999905e+00
4.817099999999999854e-02
8.964710000000000178e-01
-7.689289999999999736e-01
9.155710000000000237e-01
-1.236029000000000044e+00
-7.706290000000000084e-01
1.530710000000000126e-01
6.399709999999999566e-01
2.754471000000000114e+00
2.922571000000000030e+00
2.710170999999999886e+00
1.363371000000000111e+00
-3.198289999999999744e-01
7.018710000000000226e-01
