1.461654999999999927e+00
1.168854999999999977e+00
9.463549999999999462e-01
1.028555000000000108e+00
1.335355000000000070e+00
1.528254999999999919e+00
8.030549999999999633e-01
8.624549999999999716e-01
1.181354999999999933e+00
1.424155000000000060e+00
2.294549999999999923e-01
1.880155000000000021e+00
1.096754999999999924e+00
5.975500000000000256e-02
1.306154999999999955e+00
6.284549999999999859e-01
-1.310144999999999893e+00
-1.841345000000000010e+00
-1.015644999999999909e+00
3.707550000000000012e-01
8.923550000000000093e-01
-1.051444999999999963e+00
-2.037244999999999973e+00
-1.764944999999999986e+00
-4.775449999999999973e-01
5.023549999999999960e-01
-2.742745000000000211e+00
-2.454044999999999810e+00
-1.186344999999999983e+00
-2.042450000000000099e-01
-1.539244999999999974e+00
-7.071450000000000236e-01
6.580549999999999455e-01
1.194455000000000044e+00
1.559055000000000080e+00
1.961354999999999960e+00
8.983550000000000146e-01
1.275355000000000016e+00
1.321355000000000057e+00
2.292555000000000121e+00
1.580254999999999965e+00
-6.454500000000000515e-02
-1.976345000000000018e+00
-2.911645000000000039e+00
1.960355000000000070e+00
-1.298345000000000082e+00
-3.024645000000000028e+00
1.495055000000000023e+00
-3.740845000000000198e+00
-3.220345000000000013e+00
-9.589450000000000474e-01
7.819549999999999557e-01
-2.604744999999999866e+00
-1.126644999999999897e+00
1.308654999999999902e+00
2.266055000000000152e+00
