-1.628057000000000087e+00
-1.717856999999999967e+00
-1.558157000000000014e+00
-1.285657000000000050e+00
-1.165656999999999943e+00
-1.351156999999999941e+00
-1.068456999999999990e+00
-8.192570000000000130e-01
-8.797570000000000112e-01
-1.267657000000000034e+00
-1.998556999999999917e+00
8.074430000000000218e-01
1.984442999999999957e+00
3.229042999999999886e+00
3.310543000000000013e+00
2.148442999999999881e+00
9.023430000000000062e-01
-5.398570000000000313e-01
-1.079457000000000111e+00
-1.062356999999999996e+00
-1.410657000000000050e+00
-2.075857000000000063e+00
-2.126857000000000220e+00
1.935842999999999980e+00
4.136542999999999637e+00
4.281443000000000332e+00
2.212343000000000171e+00
5.342999999999999659e-03
-5.806569999999999787e-01
-1.337857000000000074e+00
