3.437826999999999966e+00
4.175627000000000422e+00
4.301326999999999678e+00
3.636327000000000087e+00
2.825826999999999867e+00
2.760927000000000131e+00
3.783326999999999884e+00
3.276126999999999789e+00
2.047927000000000053e+00
2.152426999999999868e+00
-9.959729999999999972e-01
2.059527000000000108e+00
4.848727000000000231e+00
-2.059073000000000153e+00
-3.345172999999999952e+00
-3.575673000000000101e+00
-2.528373000000000204e+00
-1.241173000000000082e+00
-4.367272999999999961e+00
-4.928473000000000326e+00
-2.863573000000000146e+00
-1.829572999999999894e+00
-4.855172999999999739e+00
-5.085573000000000121e+00
7.875269999999999770e-01
4.018269999999999897e-01
3.246827000000000130e+00
4.840926999999999758e+00
3.170126999999999917e+00
4.056926999999999950e+00
2.739827000000000012e+00
1.155626999999999960e+00
1.156026999999999916e+00
2.106227000000000071e+00
5.420327000000000339e+00
4.778426999999999758e+00
-1.888373000000000079e+00
-4.005730000000000124e-01
-5.767773000000000039e+00
-5.311973000000000056e+00
-4.196272999999999698e+00
-2.268273000000000206e+00
-1.034372999999999987e+00
-1.433972999999999942e+00
-6.109372999999999720e+00
-4.994572999999999929e+00
-4.405273000000000216e+00
7.871270000000000211e-01
-1.807299999999999879e-02
1.095526999999999918e+00
4.547269999999999923e-01
