-2.444694999999999840e+00
-1.378195000000000059e+00
-1.773949999999999971e-01
-2.349499999999999852e-02
-1.073395000000000099e+00
-2.293994999999999784e+00
-9.149950000000000028e-01
-8.576949999999999852e-01
-7.320950000000000513e-01
-7.058950000000000502e-01
-7.399949999999999584e-01
-8.355949999999999767e-01
-1.518694999999999906e+00
-3.432795000000000041e+00
-6.596950000000000314e-01
2.420005000000000184e+00
1.357304999999999984e+00
-6.820950000000000069e-01
4.211050000000000071e-01
5.808050000000000157e-01
-6.939499999999999835e-02
2.811805000000000110e+00
2.880805000000000060e+00
-7.684950000000000392e-01
-4.740949999999999886e-01
-1.150994999999999990e+00
-2.116795000000000204e+00
-2.417794999999999916e+00
-1.752194999999999947e+00
1.737004999999999910e+00
1.602905000000000024e+00
2.011505000000000098e+00
4.190204999999999735e+00
-8.122949999999999893e-01
-9.147950000000000248e-01
-7.040950000000000264e-01
-8.681950000000000500e-01
-7.224949999999999983e-01
-2.412694999999999812e+00
-3.586195000000000022e+00
-4.267394999999999605e+00
3.387105000000000032e+00
2.164505000000000123e+00
2.538605000000000000e+00
1.690304999999999946e+00
1.294305000000000039e+00
-7.999950000000000117e-01
7.160050000000000026e-01
2.871049999999999991e-01
-2.647295000000000176e+00
-3.177294999999999980e+00
-2.002994999999999859e+00
1.885504999999999987e+00
2.629605000000000192e+00
7.575049999999999839e-01
1.436204999999999954e+00
4.181504999999999583e+00
4.338205000000000311e+00
5.001504999999999868e+00
-1.697294999999999998e+00
-4.476950000000000096e-01
-4.019500000000000156e-02
