7.206209999999999560e-01
6.578209999999999891e-01
4.338210000000000122e-01
2.641209999999999947e-01
3.037210000000000187e-01
5.315210000000000212e-01
4.552099999999999896e-02
-1.310790000000000011e-01
-9.447899999999999354e-02
1.241209999999999952e-01
-3.012790000000000190e-01
-2.023790000000000033e-01
-3.441790000000000127e-01
-6.034789999999999877e-01
-7.516789999999999861e-01
-6.439789999999999681e-01
-3.870790000000000064e-01
-2.329789999999999917e-01
6.494210000000000260e-01
8.369210000000000260e-01
-2.834789999999999810e-01
-2.867899999999999963e-02
1.261210000000000109e-01
2.562100000000000141e-02
-3.055789999999999895e-01
-1.293879000000000001e+00
4.650210000000000177e-01
-1.057899999999999986e-02
-6.965789999999999482e-01
-9.516790000000000527e-01
-7.634790000000000187e-01
1.309210000000000096e-01
7.767209999999999948e-01
7.967210000000000125e-01
1.010021000000000058e+00
-4.018789999999999862e-01
4.842099999999999876e-02
3.257209999999999828e-01
1.555209999999999926e-01
