-1.706299999999999831e-02
2.983699999999999894e-02
2.308369999999999866e-01
3.938369999999999926e-01
3.689370000000000149e-01
1.632369999999999932e-01
5.997369999999999646e-01
7.741369999999999640e-01
7.455370000000000053e-01
5.390369999999999884e-01
9.079369999999999941e-01
-3.326629999999999865e-01
-4.786630000000000051e-01
-1.728463000000000083e+00
-1.927362999999999937e+00
-8.749630000000000463e-01
3.777369999999999894e-01
5.698370000000000379e-01
6.163699999999999735e-02
-1.400629999999999931e-01
-1.194863000000000008e+00
-1.436630000000000129e-01
6.235370000000000079e-01
9.255370000000000541e-01
1.724836999999999954e+00
1.194836999999999927e+00
-1.166263000000000050e+00
-2.574063000000000212e+00
-2.915363000000000149e+00
1.235436999999999896e+00
1.568036999999999903e+00
5.734369999999999745e-01
-4.466300000000000131e-02
-1.107630000000000003e-01
-2.951630000000000087e-01
-5.586630000000000207e-01
6.626370000000000315e-01
2.321370000000000100e-01
