-2.154000000000000099e-03
8.194600000000000495e-02
3.127460000000000240e-01
4.678459999999999841e-01
4.099459999999999771e-01
1.513460000000000083e-01
7.184460000000000290e-01
8.274460000000000148e-01
6.497460000000000457e-01
7.206460000000000088e-01
3.704600000000000254e-02
-8.555400000000000504e-02
-9.638539999999999885e-01
-5.634540000000000104e-01
-1.087153999999999954e+00
-8.089539999999999509e-01
5.146000000000000400e-03
5.153459999999999708e-01
2.299460000000000115e-01
2.826460000000000083e-01
-2.359539999999999971e-01
-1.037854000000000054e+00
-1.323053999999999952e+00
1.033846000000000043e+00
1.265546000000000060e+00
1.265646000000000049e+00
5.384599999999999803e-02
-1.778540000000000121e-01
-3.135399999999999993e-02
-2.612539999999999862e-01
-1.717354000000000047e+00
1.138846000000000025e+00
6.297460000000000280e-01
9.072459999999999969e-01
-1.325400000000000016e-02
-1.443154000000000048e+00
-1.952754000000000101e+00
