2.132188999999999890e+00
2.225788999999999795e+00
2.380789000000000044e+00
2.441988999999999965e+00
2.333188999999999957e+00
2.208089000000000190e+00
2.576789000000000218e+00
3.104788999999999799e+00
2.376989000000000019e+00
2.405689000000000188e+00
9.801889999999999770e-01
-3.751100000000000267e-02
-1.344411000000000023e+00
-2.170011000000000134e+00
-3.499711000000000016e+00
-4.031511000000000067e+00
-3.236511000000000138e+00
-1.899610999999999938e+00
2.083489000000000146e+00
2.159288999999999792e+00
-4.159511000000000180e+00
-5.542210999999999999e+00
-1.141910999999999898e+00
-1.229111000000000065e+00
1.599588999999999928e+00
3.258389000000000202e+00
3.048888999999999960e+00
4.170988999999999614e+00
2.963689000000000018e+00
3.358588999999999825e+00
1.606689000000000034e+00
1.087288999999999950e+00
6.667889999999999651e-01
1.492890000000000050e-01
-1.769010999999999889e+00
-5.058211000000000013e+00
-3.689811000000000174e+00
2.621888999999999914e+00
1.998888999999999916e+00
2.220588999999999924e+00
2.048789000000000193e+00
-5.928511000000000308e+00
-5.676311000000000107e+00
-6.111610999999999905e+00
-3.455110000000000126e-01
-2.113510999999999918e+00
-1.225111000000000061e+00
