8.228950000000000431e-01
1.667494999999999949e+00
2.003095000000000070e+00
1.396994999999999987e+00
5.109949999999999770e-01
2.237949999999999939e-01
1.590295000000000014e+00
8.304949999999999832e-01
1.424950000000000105e-01
-7.997049999999999992e-01
-6.322050000000000169e-01
2.228994999999999838e+00
-9.484050000000000535e-01
1.735694999999999988e+00
7.325949999999999962e-01
-2.199049999999999894e-01
-1.433049999999999879e-01
8.609949999999999548e-01
1.787195000000000089e+00
4.824950000000000072e-01
-7.140050000000000008e-01
-1.111404999999999976e+00
-1.380605000000000082e+00
-2.531305000000000138e+00
-2.990305000000000213e+00
-2.295304999999999929e+00
1.120495000000000019e+00
8.791949999999999488e-01
-5.136049999999999782e-01
-1.794305000000000039e+00
-1.140705000000000080e+00
-7.742050000000000320e-01
2.868595000000000006e+00
1.995894999999999975e+00
-1.150204999999999922e+00
2.448795000000000055e+00
9.451950000000000074e-01
2.554495000000000182e+00
-1.022405000000000008e+00
-3.083804999999999907e+00
-3.899305000000000021e+00
-2.684204999999999952e+00
