4.200000000000000261e-02
1.060000000000000005e-02
-2.210000000000000159e-02
-2.359999999999999945e-02
7.400000000000000328e-03
4.039999999999999841e-02
-5.829999999999999766e-02
-6.389999999999999847e-02
-3.400000000000000244e-02
1.299999999999999940e-03
7.449999999999999678e-02
1.200000000000000025e-02
4.309999999999999942e-02
-8.219999999999999529e-02
-9.149999999999999800e-02
-3.869999999999999829e-02
9.036999999999999478e-01
-7.457000000000000295e-01
-1.140000000000000041e-02
3.640000000000000180e-02
