-6.650179999999999980e-01
-2.477179999999999938e-01
2.971820000000000017e-01
4.114820000000000144e-01
3.308200000000000029e-02
-5.451179999999999914e-01
9.306820000000000093e-01
9.026819999999999844e-01
3.594820000000000237e-01
2.194820000000000104e-01
-1.016518000000000033e+00
-3.982180000000000164e-01
-5.665179999999999660e-01
-6.960180000000000256e-01
-3.741799999999999987e-02
7.503819999999999935e-01
8.803819999999999979e-01
-1.966179999999999872e-01
1.281781999999999977e+00
1.284081999999999946e+00
-1.010518000000000027e+00
-1.436917999999999918e+00
-1.001179999999999987e-01
-8.074179999999999691e-01
-1.087817999999999952e+00
-1.311217999999999995e+00
1.268181999999999920e+00
1.504281999999999897e+00
