7.973649999999999904e-01
-9.983499999999999319e-02
-6.941349999999999465e-01
-3.783349999999999769e-01
5.510650000000000270e-01
1.119965000000000099e+00
-1.028834999999999944e+00
-7.914349999999999996e-01
1.040650000000000047e-01
7.951650000000000107e-01
2.540649999999999853e-01
-4.377349999999999852e-01
-4.793350000000000111e-01
-1.163934999999999942e+00
-1.224534999999999929e+00
-6.432350000000000012e-01
6.876500000000000667e-02
1.402650000000000008e-01
2.068465000000000220e+00
-4.300350000000000006e-01
6.465649999999999453e-01
1.376765000000000017e+00
-7.117350000000000065e-01
-1.884735000000000049e+00
1.774364999999999970e+00
-1.924034999999999940e+00
-1.043535000000000101e+00
-1.372335000000000083e+00
-1.620350000000000124e-01
1.318964999999999943e+00
-9.318349999999999689e-01
-1.653534999999999977e+00
6.816649999999999654e-01
2.956764999999999866e+00
1.739065000000000083e+00
-1.108335000000000070e+00
9.565000000000000585e-03
1.765865000000000018e+00
7.250649999999999595e-01
2.231765000000000221e+00
-1.891934999999999922e+00
-2.794435000000000002e+00
-1.872535000000000061e+00
1.853664999999999896e+00
2.779964999999999797e+00
1.459664999999999990e+00
-1.634635000000000060e+00
-2.538349999999999773e-01
-6.080349999999999921e-01
