-2.251948000000000061e+00
-1.085447999999999968e+00
9.525200000000000333e-02
1.098520000000000052e-01
-1.057747999999999911e+00
-2.230847999999999942e+00
-1.059547999999999934e+00
-7.435479999999999867e-01
-7.474480000000000013e-01
-1.098548000000000080e+00
-1.408447999999999922e+00
-1.387947999999999960e+00
-1.097347999999999990e+00
-3.476248000000000005e+00
-1.179748000000000019e+00
2.633551999999999893e+00
1.464952000000000032e+00
-4.509480000000000155e-01
6.739519999999999955e-01
1.055552000000000046e+00
5.973519999999999941e-01
3.297851999999999784e+00
3.308352000000000182e+00
-9.504799999999999360e-02
3.391520000000000090e-01
-3.287479999999999847e-01
-1.444047999999999998e+00
-1.861248000000000014e+00
-1.211948000000000025e+00
2.237152000000000029e+00
2.118151999999999813e+00
2.411252000000000173e+00
4.580251999999999768e+00
-2.186548000000000158e+00
-1.822548000000000057e+00
-2.951048000000000116e+00
-2.787847999999999882e+00
-4.906479999999999730e-01
-1.676747999999999905e+00
-1.642748000000000097e+00
-2.270479999999999998e-01
-1.974547999999999970e+00
-3.564448000000000061e+00
-4.264248000000000260e+00
3.564951999999999899e+00
2.749352000000000018e+00
2.497351999999999794e+00
1.442652000000000045e+00
1.658252000000000059e+00
-8.534799999999999331e-02
1.481851999999999947e+00
1.197951999999999906e+00
4.765199999999999991e-02
-1.576748000000000038e+00
2.415551999999999921e+00
3.108251999999999793e+00
1.232051999999999925e+00
2.034251999999999949e+00
4.593951999999999813e+00
4.638352000000000253e+00
5.436852000000000018e+00
-2.530647999999999787e+00
-1.899148000000000058e+00
-8.212479999999999780e-01
-3.318747999999999809e+00
-3.247047999999999934e+00
-1.737748000000000070e+00
