1.383396000000000070e+00
9.063959999999999795e-01
4.546959999999999891e-01
4.799959999999999782e-01
9.600959999999999495e-01
1.408595999999999959e+00
3.095999999999999794e-03
-3.460400000000000281e-02
4.021959999999999980e-01
9.305959999999999788e-01
2.780960000000000099e-01
-7.695039999999999658e-01
-5.981039999999999690e-01
-2.446039999999999881e-01
-9.630400000000000071e-02
-3.023040000000000171e-01
-6.575039999999999774e-01
-8.100039999999999463e-01
1.922395999999999994e+00
8.784960000000000546e-01
1.454695999999999989e+00
-8.591039999999999788e-01
-1.203704000000000107e+00
-1.349004000000000092e+00
-1.153003999999999918e+00
-2.162204000000000015e+00
-4.519039999999999724e-01
5.879600000000000104e-02
1.259695999999999927e+00
-9.790400000000000491e-02
1.745960000000000012e-01
-1.823039999999999938e-01
2.809095999999999815e+00
1.268095999999999890e+00
5.209960000000000147e-01
1.216795999999999989e+00
2.499795999999999907e+00
8.412960000000000438e-01
1.448795999999999973e+00
-7.459040000000000115e-01
-1.355004000000000097e+00
-1.613204000000000082e+00
-1.267104000000000008e+00
-2.852603999999999917e+00
-2.297304000000000013e+00
-2.457504000000000133e+00
