-6.417599999999999971e-01
-1.595999999999999849e-02
5.725400000000000489e-01
5.335400000000000142e-01
-9.435999999999999943e-02
-6.906600000000000517e-01
-1.359599999999999975e-01
-1.115760000000000085e+00
-1.141259999999999941e+00
-2.132600000000000051e-01
7.561400000000000343e-01
7.977400000000000047e-01
2.903999999999999984e-02
-1.318859999999999921e+00
-1.238599999999999979e-01
2.723240000000000105e+00
1.254040000000000044e+00
-9.761600000000000277e-01
-4.943600000000000216e-01
4.538400000000000212e-01
9.099399999999999711e-01
4.300399999999999778e-01
-5.026599999999999957e-01
-9.601600000000000135e-01
-2.198859999999999815e+00
-1.960560000000000080e+00
-3.291160000000000085e+00
-1.864160000000000039e+00
1.513840000000000074e+00
1.574540000000000051e+00
5.004399999999999959e-01
-4.037600000000000078e-01
-1.727859999999999951e+00
-1.822160000000000002e+00
6.410400000000000542e-01
3.221039999999999903e+00
3.239139999999999908e+00
2.847739999999999938e+00
7.652400000000000313e-01
1.183440000000000047e+00
-2.013659999999999783e+00
-9.575599999999999667e-01
8.437400000000000455e-01
1.643240000000000034e+00
7.869399999999999729e-01
-8.727599999999999802e-01
-1.682960000000000012e+00
