-1.236566000000000054e+00
-1.257265999999999995e+00
-7.726659999999999640e-01
-2.467660000000000131e-01
-1.744660000000000100e-01
-7.104660000000000419e-01
3.164339999999999931e-01
7.527340000000000142e-01
4.510339999999999905e-01
-6.997659999999999991e-01
-1.815266000000000046e+00
1.272340000000000138e-01
1.408333999999999975e+00
9.155339999999999590e-01
9.684340000000000170e-01
2.419340000000000102e-01
-5.453660000000000174e-01
-6.008660000000000112e-01
7.315340000000000176e-01
-1.016599999999999969e-02
1.860533999999999910e+00
-1.455465999999999926e+00
-1.625566000000000066e+00
3.981339999999999879e-01
-1.857766000000000028e+00
-2.198866000000000209e+00
2.168334000000000206e+00
6.664339999999999709e-01
1.900833999999999913e+00
1.579833999999999961e+00
2.977339999999999987e-01
-1.223065999999999987e+00
1.807633999999999963e+00
5.022339999999999582e-01
-6.645659999999999901e-01
