7.014559999999999684e-01
3.798560000000000270e-01
-1.734399999999999831e-02
-1.016439999999999982e-01
2.111560000000000104e-01
6.274560000000000137e-01
1.140560000000000046e-01
1.141656000000000004e+00
1.064956000000000014e+00
-5.544400000000000023e-02
-1.081844000000000028e+00
-9.964439999999999964e-01
4.587559999999999971e-01
9.373559999999999670e-01
-2.034440000000000137e-01
-2.123244000000000131e+00
-6.061440000000000161e-01
2.141356000000000037e+00
1.889656000000000002e+00
1.667656000000000027e+00
2.021856000000000098e+00
-1.948044000000000109e+00
-1.800944000000000100e+00
2.049559999999999993e-01
7.429559999999999498e-01
1.400155999999999956e+00
1.211556000000000077e+00
-2.461244000000000209e+00
-2.488344000000000111e+00
-2.592944000000000138e+00
-2.883439999999999892e-01
-1.514439999999999953e-01
