-5.913869999999999960e-01
-1.286486999999999936e+00
-1.507986999999999966e+00
-1.010386999999999924e+00
-2.676870000000000083e-01
-8.188700000000000145e-02
-1.280586999999999920e+00
-7.962869999999999671e-01
-2.288700000000000109e-02
2.001130000000000131e-01
4.653129999999999766e-01
6.979130000000000056e-01
3.782130000000000214e-01
-9.068869999999999987e-01
-1.263687000000000005e+00
-3.277869999999999950e-01
9.333129999999999482e-01
1.291312999999999933e+00
6.432130000000000347e-01
-1.799587000000000048e+00
1.882513000000000103e+00
1.661313000000000040e+00
-6.528869999999999951e-01
-2.872870000000000146e-01
9.287130000000000107e-01
-2.519587000000000021e+00
-3.349286999999999903e+00
1.896913000000000071e+00
1.702912999999999899e+00
-1.059287000000000090e+00
1.411213000000000051e+00
-2.896869999999999723e-01
-1.632786999999999988e+00
2.286713000000000218e+00
1.618913000000000046e+00
2.072130000000000083e-01
-2.320787000000000155e+00
-1.633987000000000078e+00
2.479312999999999878e+00
1.674512999999999918e+00
7.216129999999999489e-01
-5.924869999999999859e-01
-8.056870000000000420e-01
7.969129999999999825e-01
1.944112999999999980e+00
3.808130000000000126e-01
1.000812999999999953e+00
-4.386486999999999803e+00
-3.114987000000000172e+00
-3.266687000000000118e+00
2.091712999999999933e+00
2.790112999999999843e+00
2.566913000000000000e+00
1.593312999999999979e+00
8.095130000000000381e-01
