1.316530999999999896e+00
4.716310000000000224e-01
-5.126900000000000207e-02
2.908310000000000062e-01
1.164930999999999939e+00
1.661431000000000102e+00
-2.462689999999999879e-01
7.833099999999999785e-02
9.351310000000000455e-01
1.497130999999999990e+00
1.254030999999999896e+00
7.113099999999999978e-02
-2.409689999999999888e-01
-8.102690000000000170e-01
-1.102668999999999899e+00
-8.433690000000000353e-01
-3.049689999999999901e-01
-1.656900000000000039e-02
2.510631000000000057e+00
1.186310000000000003e-01
-1.149269000000000096e+00
-1.692369000000000012e+00
-7.905689999999999662e-01
-9.993689999999999518e-01
-1.050268999999999897e+00
-1.271368999999999971e+00
-7.916689999999999561e-01
1.318310000000000037e-01
-2.346689999999999887e-01
8.304310000000000302e-01
6.675309999999999855e-01
2.025230999999999781e+00
-4.891690000000000205e-01
-1.965669000000000111e+00
-3.891689999999999872e-01
1.730531000000000041e+00
2.020731000000000055e+00
-1.027868999999999922e+00
-1.528068999999999900e+00
-9.796900000000000053e-02
3.715310000000000001e-01
3.115730999999999806e+00
2.873730999999999813e+00
-5.241689999999999960e-01
5.127310000000000478e-01
-3.852689999999999726e-01
-1.976569000000000020e+00
-8.499689999999999745e-01
1.042631000000000085e+00
3.865310000000000135e-01
-1.166968999999999923e+00
-3.904690000000000105e-01
2.637931000000000026e+00
-3.250689999999999968e-01
3.283099999999999907e-02
-2.346569000000000127e+00
-2.122168999999999972e+00
-2.569268999999999803e+00
