2.553857999999999961e+00
2.658358000000000221e+00
2.562358000000000136e+00
2.356857999999999898e+00
2.243958000000000119e+00
2.340857999999999883e+00
2.266658000000000062e+00
2.024957999999999814e+00
1.875258000000000091e+00
2.039957999999999938e+00
1.580557999999999907e+00
2.234957999999999778e+00
2.875557999999999836e+00
1.988958000000000004e+00
3.279580000000000273e-01
-9.557419999999999805e-01
-1.912042000000000019e+00
-1.229741999999999891e+00
2.325579999999999870e-01
-1.379942000000000002e+00
-2.752742000000000022e+00
-3.702942000000000178e+00
-3.277541999999999955e+00
-5.001541999999999710e+00
-6.003441999999999723e+00
1.942258000000000040e+00
1.557957999999999954e+00
2.420457999999999998e+00
3.018657999999999841e+00
1.353658000000000028e+00
2.958957999999999977e+00
2.951858000000000093e+00
2.090558000000000138e+00
2.834557999999999911e+00
1.042958000000000052e+00
-1.355742000000000003e+00
-1.581442000000000014e+00
4.885579999999999923e-01
9.209580000000000544e-01
-6.834419999999999940e-01
-3.082742000000000093e+00
-3.966142000000000056e+00
-6.976142000000000287e+00
-5.883741999999999805e+00
-5.999941999999999886e+00
