7.123230000000000395e-01
-4.574770000000000225e-01
-1.289476999999999984e+00
-9.363770000000000149e-01
2.683229999999999782e-01
1.071423000000000014e+00
-1.843277000000000054e+00
-1.594676999999999900e+00
-4.404770000000000074e-01
5.173229999999999773e-01
-3.351770000000000027e-01
2.311822999999999961e+00
-8.279769999999999630e-01
1.783223000000000003e+00
1.414229999999999932e-01
1.532022999999999913e+00
1.799023000000000039e+00
6.823230000000000128e-01
-5.507769999999999611e-01
-7.615769999999999484e-01
8.682229999999999670e-01
-1.605769999999999975e-01
-1.388776999999999928e+00
-1.578076999999999952e+00
-2.401577000000000073e+00
-3.432077000000000044e+00
-7.947700000000000597e-02
1.170722999999999958e+00
-2.398776999999999937e+00
2.596229999999999927e-01
-1.329377000000000031e+00
2.297423000000000215e+00
3.030723000000000056e+00
-1.715777000000000108e+00
-2.139770000000000005e-01
1.876022999999999996e+00
2.660922999999999927e+00
1.818322999999999912e+00
2.202423000000000020e+00
1.829722999999999988e+00
1.960323000000000038e+00
2.725722999999999896e+00
-6.009769999999999834e-01
-1.806076999999999932e+00
1.832622999999999891e+00
-2.526977000000000029e+00
-4.125276999999999639e+00
-3.992977000000000221e+00
-3.023277000000000214e+00
1.966722999999999999e+00
1.070923000000000069e+00
1.421623000000000081e+00
