-5.053659999999999819e-01
-1.163666000000000089e+00
-1.105566000000000049e+00
-3.493660000000000099e-01
3.828340000000000076e-01
2.561339999999999728e-01
-3.109660000000000202e-01
4.337340000000000084e-01
1.150733999999999924e+00
1.135234000000000076e+00
9.394339999999999913e-01
-1.940965999999999969e+00
1.884833999999999898e+00
9.905340000000000256e-01
4.262340000000000018e-01
1.254634000000000027e+00
8.014339999999999797e-01
-4.986659999999999981e-01
-1.336165999999999965e+00
-8.811660000000000048e-01
-1.641065999999999914e+00
-2.776365999999999890e+00
1.715834000000000081e+00
1.311334000000000000e+00
-8.795659999999999590e-01
4.416340000000000265e-01
1.710434000000000010e+00
1.949834000000000067e+00
6.922340000000000160e-01
-2.450565999999999800e+00
-1.998866000000000032e+00
2.677934000000000037e+00
2.433933999999999820e+00
1.585434000000000010e+00
1.779340000000000088e-01
2.273334000000000188e+00
-9.023660000000000014e-01
-2.346865999999999897e+00
-3.155365999999999893e+00
-2.507465999999999973e+00
-3.573065999999999853e+00
2.154533999999999949e+00
4.705340000000000078e-01
1.072734000000000076e+00
