3.844335000000000058e+00
3.426934999999999842e+00
2.569234999999999935e+00
2.104835000000000012e+00
2.464735000000000120e+00
3.365835000000000132e+00
1.889934999999999921e+00
8.576350000000000362e-01
-2.794650000000000190e-01
-1.223065000000000069e+00
-1.092764999999999986e+00
3.143499999999999767e-02
1.003535000000000066e+00
3.838734999999999786e+00
3.905635000000000190e+00
2.414350000000000107e-01
-3.040649999999999742e-01
-2.070364999999999789e+00
-2.255065000000000097e+00
-1.865264999999999951e+00
-3.426765000000000061e+00
-4.041665000000000063e+00
-3.041564999999999852e+00
-1.850465000000000027e+00
-3.081564999999999888e+00
-2.148650000000000004e-01
1.403734999999999955e+00
1.423235000000000028e+00
2.718935000000000102e+00
-4.328649999999999998e-01
1.870235000000000092e+00
4.375234999999999985e+00
3.111734999999999918e+00
3.592935000000000212e+00
4.540235000000000021e+00
-1.352964999999999973e+00
2.744349999999999845e-01
-1.503265000000000073e+00
-1.074664999999999981e+00
-3.865064999999999973e+00
-5.100265000000000271e+00
-3.167565000000000186e+00
-8.531649999999999512e-01
-2.833864999999999856e+00
-3.474365000000000148e+00
-3.885064999999999991e+00
-6.106650000000000134e-01
8.236350000000000060e-01
-7.778650000000000286e-01
