1.076070000000000082e+00
1.103869999999999907e+00
1.002669999999999950e+00
8.635699999999999488e-01
8.232699999999999463e-01
9.485700000000000243e-01
7.436700000000000532e-01
5.989700000000000024e-01
5.824700000000000433e-01
6.840699999999999559e-01
8.751700000000000035e-01
1.241670000000000051e+00
4.309700000000000197e-01
-2.871299999999999963e-01
-1.352530000000000010e+00
-2.095829999999999860e+00
-1.801230000000000109e+00
-7.430299999999999683e-01
-9.029999999999999832e-03
-2.534229999999999983e+00
-2.224829999999999863e+00
-1.180930000000000035e+00
-4.450299999999999812e-01
1.351369999999999960e+00
7.538700000000000401e-01
4.729700000000000015e-01
1.175470000000000015e+00
1.015570000000000084e+00
1.264070000000000027e+00
1.319169999999999954e+00
-1.637729999999999908e+00
-2.910530000000000062e+00
8.061700000000000532e-01
-3.355030000000000179e+00
-2.799929999999999808e+00
-9.374299999999999855e-01
3.679700000000000193e-01
2.219269999999999854e+00
8.465700000000000447e-01
1.746969999999999912e+00
