2.588111000000000050e+00
2.728210999999999942e+00
2.422010999999999914e+00
1.922110999999999903e+00
1.724610999999999894e+00
2.113011000000000195e+00
1.541211000000000109e+00
1.242110999999999965e+00
4.814109999999999778e-01
1.189510999999999985e+00
-1.047989000000000059e+00
-1.569188999999999945e+00
-1.650689000000000073e+00
-2.125989000000000129e+00
-2.548489000000000004e+00
-2.492288999999999977e+00
-2.005389000000000088e+00
1.964611000000000107e+00
3.221210999999999824e+00
-1.910188999999999915e+00
-2.291589000000000098e+00
-2.237788999999999806e+00
-1.690288999999999930e+00
6.792110000000000092e-01
2.355910999999999866e+00
7.142110000000000403e-01
2.202710999999999864e+00
5.643110000000000070e-01
2.051410999999999873e+00
5.167110000000000314e-01
-1.475289000000000073e+00
-1.482388999999999957e+00
-1.338589000000000029e+00
-2.928688999999999876e+00
-2.838588999999999807e+00
2.145411000000000179e+00
2.279110999999999887e+00
3.338410999999999795e+00
3.464811000000000085e+00
-2.131289000000000211e+00
-3.354788999999999799e+00
-1.666288999999999909e+00
-1.804788999999999977e+00
-2.238488999999999951e+00
-6.212889999999999802e-01
