9.237349999999999728e-01
-9.226499999999999979e-02
-1.016564999999999941e+00
-9.259650000000000380e-01
8.913500000000000589e-02
1.015835000000000043e+00
-1.897164999999999990e+00
-1.914765000000000050e+00
-9.816650000000000098e-01
5.383500000000000091e-02
-1.156265000000000098e+00
-1.703649999999999887e-01
-1.236649999999999971e-01
-3.920649999999999968e-01
-3.471650000000000014e-01
-1.756500000000000075e-02
2.633349999999999858e-01
2.026350000000000096e-01
2.109135000000000204e+00
-1.892649999999999888e-01
1.105134999999999978e+00
-6.510650000000000048e-01
-6.108649999999999913e-01
6.069350000000000023e-01
7.911350000000000326e-01
6.573500000000000176e-02
-2.741865000000000219e+00
-1.135064999999999991e+00
-2.163664999999999949e+00
-6.671650000000000080e-01
1.933500000000000149e-02
4.455350000000000144e-01
2.803935000000000066e+00
1.878935000000000022e+00
-9.520650000000000501e-01
5.062349999999999905e-01
2.091835000000000111e+00
1.095935000000000104e+00
9.434350000000000236e-01
-8.676650000000000196e-01
3.958349999999999924e-01
-1.352964999999999973e+00
1.112635000000000041e+00
-1.496649999999999925e-01
1.577134999999999954e+00
9.014349999999999863e-01
-8.293650000000000189e-01
3.473350000000000048e-01
