1.286470000000000113e-01
6.747000000000000393e-03
4.654699999999999810e-02
2.171470000000000067e-01
3.615470000000000073e-01
3.161470000000000113e-01
2.479470000000000007e-01
4.195470000000000033e-01
5.667470000000000008e-01
5.392470000000000319e-01
3.929469999999999907e-01
-1.726530000000000009e-01
7.483469999999999844e-01
-4.698530000000000206e-01
-4.824530000000000207e-01
-1.681353000000000097e+00
-1.829652999999999974e+00
-7.765530000000000488e-01
4.207469999999999821e-01
5.694470000000000365e-01
4.332469999999999932e-01
9.248469999999999747e-01
3.933470000000000022e-01
-2.690529999999999866e-01
-2.088530000000000109e-01
1.579847000000000001e+00
9.783469999999999667e-01
-2.510853000000000002e+00
-2.767152999999999974e+00
-8.879529999999999923e-01
1.244647000000000059e+00
1.520346999999999893e+00
