-9.389089999999999936e-01
-4.451089999999999769e-01
2.506909999999999972e-01
4.644909999999999872e-01
6.990999999999999819e-03
-6.999090000000000034e-01
1.182590999999999948e+00
1.432790999999999926e+00
9.451910000000000034e-01
2.399910000000000099e-01
1.199891000000000041e+00
-3.280899999999999789e-02
-2.962090000000000001e-01
-1.613809000000000049e+00
-1.895308999999999910e+00
-8.507090000000000485e-01
4.765909999999999869e-01
7.364910000000000068e-01
-1.273509000000000002e+00
-6.642090000000000494e-01
1.429291000000000089e+00
2.788891000000000009e+00
-1.144708999999999977e+00
-1.361809000000000047e+00
-9.724089999999999678e-01
1.561990999999999907e+00
1.998191000000000050e+00
1.910890999999999895e+00
1.689291000000000098e+00
-2.459808999999999912e+00
-2.928709000000000007e+00
1.765490999999999921e+00
-8.221089999999999787e-01
-1.736809000000000047e+00
-2.973089999999999899e-01
-1.181008999999999975e+00
3.404990999999999879e+00
3.109691000000000205e+00
2.945491000000000081e+00
-1.526609000000000105e+00
-2.253608999999999973e+00
-4.858089999999999908e-01
-1.789808999999999983e+00
-4.769090000000000273e-01
-1.392009000000000052e+00
