8.277170000000000361e-01
3.374170000000000225e-01
-3.160830000000000028e-01
-5.017829999999999790e-01
-5.278299999999999659e-02
6.435170000000000057e-01
-1.161882999999999999e+00
-1.403183000000000069e+00
-1.019682999999999895e+00
-3.448829999999999951e-01
-1.354082999999999926e+00
-1.435829999999999884e-01
-1.635830000000000062e-01
-1.303882999999999903e+00
-1.339482999999999979e+00
-2.172830000000000039e-01
9.310169999999999835e-01
9.684169999999999723e-01
1.198317000000000077e+00
5.179169999999999607e-01
7.561700000000000366e-02
-2.518682999999999783e+00
-2.612382999999999900e+00
2.046317000000000164e+00
3.192717000000000027e+00
4.223616999999999955e+00
-3.995283000000000140e+00
6.482170000000000432e-01
-1.935283000000000087e+00
-1.932182999999999984e+00
-2.016683000000000003e+00
-2.184483000000000175e+00
-1.941829999999999945e-01
1.779517000000000015e+00
1.924117000000000077e+00
5.238169999999999771e-01
1.565169999999999895e-01
1.011017000000000055e+00
1.165616999999999903e+00
-3.073830000000000173e-01
-3.254830000000000223e-01
-1.859383000000000008e+00
-2.480382999999999782e+00
2.926016999999999868e+00
3.615616999999999859e+00
5.127917000000000058e+00
4.493816999999999950e+00
3.818316999999999961e+00
-4.121183000000000263e+00
-4.768882999999999761e+00
-4.159882999999999775e+00
1.629517000000000104e+00
1.181169999999999998e-01
8.332169999999999854e-01
