1.020027000000000017e+00
2.332269999999999899e-01
-2.360730000000000051e-01
1.168270000000000003e-01
9.370270000000000543e-01
1.367926999999999893e+00
-3.422729999999999939e-01
5.926999999999999977e-03
8.284270000000000245e-01
1.291927000000000048e+00
1.245227000000000084e+00
1.150270000000000042e-01
-5.007730000000000237e-01
-1.490672999999999915e+00
-2.119572999999999929e+00
-1.778272999999999993e+00
-8.055729999999999835e-01
-1.852729999999999932e-01
2.155426999999999982e+00
-1.128730000000000011e-01
-3.071729999999999738e-01
-2.542673000000000183e+00
-3.316972999999999949e+00
-3.058730000000000060e-01
-9.866730000000000222e-01
-3.678730000000000055e-01
1.764426999999999968e+00
2.011426999999999854e+00
-1.797172999999999909e+00
5.553270000000000151e-01
2.773826999999999821e+00
2.475226999999999844e+00
-6.969729999999999537e-01
2.350270000000000137e-01
-1.367672999999999917e+00
-1.210730000000000001e-01
2.492270000000000041e-01
