1.041527000000000092e+00
9.835270000000000401e-01
9.310270000000000490e-01
9.383270000000000222e-01
9.944269999999999499e-01
1.034227000000000007e+00
8.912269999999999914e-01
8.957270000000000509e-01
9.558269999999999822e-01
1.001827000000000023e+00
9.441270000000000495e-01
-3.994730000000000225e-01
-5.051729999999999832e-01
-7.887299999999999867e-02
-2.346729999999999927e-01
-8.165729999999999933e-01
-1.258272999999999975e+00
-1.103372999999999937e+00
1.145726999999999940e+00
9.790269999999999806e-01
-9.856730000000000214e-01
-1.112373000000000056e+00
-9.734730000000000327e-01
-1.172473000000000098e+00
-1.637073000000000000e+00
-1.932072999999999929e+00
-1.685972999999999944e+00
1.252270000000000050e-01
-1.131729999999999958e-01
1.131126999999999994e+00
1.222626999999999908e+00
2.171227000000000018e+00
-1.442973000000000061e+00
-1.687473000000000001e+00
7.045270000000000143e-01
8.487270000000000092e-01
1.662627000000000077e+00
1.308427000000000007e+00
9.882699999999999818e-02
-1.748472999999999944e+00
7.391269999999999785e-01
1.132927000000000017e+00
9.459269999999999623e-01
1.018926999999999916e+00
-8.379729999999999679e-01
-1.981073000000000084e+00
-1.995473000000000052e+00
8.332270000000000509e-01
6.194269999999999499e-01
-8.881729999999999903e-01
-4.508730000000000238e-01
2.921126999999999807e+00
-2.424072999999999922e+00
-1.227872999999999992e+00
-1.527473000000000081e+00
