-1.049370000000000025e-01
1.754630000000000078e-01
5.222630000000000328e-01
5.801629999999999843e-01
3.292629999999999724e-01
-4.323699999999999766e-02
9.056629999999999958e-01
8.698630000000000528e-01
5.406630000000000047e-01
4.078629999999999756e-01
-3.648370000000000224e-01
9.316299999999999581e-02
1.155863000000000085e+00
1.071063000000000098e+00
1.856629999999999947e-01
1.183629999999999960e-01
9.253630000000000466e-01
1.820762999999999909e+00
1.879963000000000051e+00
9.375630000000000353e-01
-2.774369999999999892e-01
-1.266237000000000057e+00
-2.459137000000000128e+00
-2.656236999999999959e+00
-1.658336999999999950e+00
-4.648370000000000002e-01
1.101863000000000037e+00
7.373629999999999907e-01
-6.613369999999999527e-01
-3.960369999999999724e-01
-6.343370000000000397e-01
2.925630000000000175e-01
-1.692369999999999985e-01
1.924563000000000024e+00
-4.683370000000000033e-01
-5.645369999999999555e-01
2.469663000000000164e+00
2.577763000000000027e+00
-1.117337000000000025e+00
-3.234137000000000040e+00
-3.587037000000000031e+00
-1.809236999999999984e+00
3.140629999999999811e-01
