-2.717163999999999913e+00
-3.102063999999999933e+00
-3.116864000000000079e+00
-2.704563999999999968e+00
-2.290363999999999844e+00
-2.302664000000000044e+00
-2.654863999999999891e+00
-2.061764000000000152e+00
-1.940164000000000000e+00
-1.493063999999999947e+00
-1.911164000000000085e+00
-3.512163999999999842e+00
-2.857640000000000180e-01
5.459359999999999769e-01
1.918436000000000030e+00
2.460836000000000023e+00
1.632535999999999987e+00
2.716359999999999886e-01
2.801136000000000070e+00
2.277935999999999961e+00
2.151336000000000137e+00
2.126835999999999949e+00
3.803735999999999784e+00
4.512436000000000114e+00
-1.769363999999999937e+00
-1.433764000000000038e+00
-5.041639999999999455e-01
-2.202564000000000188e+00
-1.540664000000000033e+00
-1.942963999999999913e+00
-3.817363999999999979e+00
-3.518764000000000003e+00
9.103600000000000581e-02
-3.525639999999999885e-01
3.108436000000000199e+00
1.542535999999999907e+00
1.855536000000000074e+00
2.564135999999999971e+00
1.099135999999999891e+00
2.726935999999999805e+00
5.577435999999999616e+00
4.377536000000000094e+00
4.205636000000000152e+00
-2.269264000000000170e+00
-2.207063999999999915e+00
