-2.339742000000000210e+00
-1.267641999999999936e+00
-6.464200000000000501e-02
8.055800000000000460e-02
-9.828419999999999934e-01
-2.198942000000000174e+00
-8.396419999999999995e-01
-7.357420000000000071e-01
-5.944420000000000259e-01
-5.954420000000000268e-01
-6.949419999999999487e-01
-8.128419999999999535e-01
-1.406541999999999959e+00
-3.345241999999999827e+00
-4.957420000000000160e-01
2.551358000000000015e+00
1.465858000000000105e+00
-5.114419999999999522e-01
6.125580000000000469e-01
7.886579999999999702e-01
2.636580000000000035e-01
3.054958000000000062e+00
3.086857999999999880e+00
-2.925420000000000242e-01
2.032579999999999942e-01
-3.329420000000000157e-01
-1.372641999999999918e+00
-1.878541999999999934e+00
-1.338842000000000088e+00
1.954358000000000040e+00
1.927558000000000105e+00
2.244857999999999798e+00
4.302258000000000138e+00
-2.895541999999999838e+00
-3.475842000000000098e+00
2.469580000000000108e-01
-3.529419999999999780e-01
-7.600419999999999954e-01
-6.923420000000000130e-01
-8.947420000000000373e-01
-6.088419999999999943e-01
-2.296742000000000061e+00
-3.506041999999999881e+00
-4.176242000000000232e+00
3.519658000000000175e+00
2.340358000000000160e+00
2.642657999999999952e+00
1.763957999999999915e+00
1.425558000000000103e+00
-5.303419999999999801e-01
1.088557999999999915e+00
1.015158000000000005e+00
-1.786542000000000074e+00
-1.737641999999999909e+00
2.003057999999999783e+00
2.857957999999999998e+00
9.962579999999999769e-01
1.989457999999999949e+00
4.367758000000000251e+00
4.229358000000000395e+00
5.201057999999999737e+00
-4.262241999999999642e+00
-3.941441999999999890e+00
-2.734841999999999995e+00
1.865580000000000016e-01
-2.577420000000000266e-01
-1.399642000000000053e+00
