-1.229127999999999998e+00
-1.572327999999999948e+00
-1.485927999999999916e+00
-1.001627999999999963e+00
-6.142279999999999962e-01
-7.429280000000000328e-01
-7.872280000000000388e-01
-2.872279999999999833e-01
-1.701280000000000014e-01
-4.037279999999999758e-01
-2.052427999999999919e+00
4.807199999999999668e-02
6.066719999999999891e-01
9.063719999999999555e-01
6.541719999999999757e-01
1.314720000000000055e-01
-1.686280000000000001e-01
-1.954279999999999906e-01
9.435719999999999663e-01
8.544720000000000093e-01
1.378571999999999909e+00
-7.693280000000000118e-01
2.157719999999999916e-01
-9.814279999999999671e-01
-3.912800000000000306e-02
-5.185279999999999889e-01
-2.324228000000000183e+00
-2.137427999999999884e+00
8.206719999999999571e-01
1.322572000000000081e+00
7.767720000000000180e-01
1.031171999999999978e+00
1.874571999999999905e+00
1.480771999999999977e+00
6.910720000000000196e-01
2.373571999999999793e+00
-2.344279999999999975e-01
4.974720000000000253e-01
1.107671999999999990e+00
