2.047956999999999805e+00
8.011570000000000080e-01
-2.882430000000000270e-01
-2.074429999999999885e-01
1.127756999999999898e+00
2.173357000000000205e+00
1.257257000000000069e+00
3.426057000000000130e+00
7.238569999999999727e-01
1.159656999999999938e+00
1.275257000000000085e+00
1.504856999999999889e+00
1.628956999999999988e+00
1.511157000000000084e+00
-1.235042999999999891e+00
-6.917429999999999968e-01
-1.354243000000000086e+00
-2.278042999999999818e+00
-3.286242999999999803e+00
-3.378842999999999819e+00
-2.463042999999999871e+00
-1.455443000000000042e+00
1.131957000000000102e+00
-2.607430000000000025e-01
3.615857000000000099e+00
4.232156999999999947e+00
-1.714430000000000121e-01
1.559857000000000049e+00
1.002256999999999953e+00
1.594257000000000035e+00
1.815657000000000076e+00
1.609957000000000082e+00
-1.393342999999999998e+00
-9.143430000000000168e-01
-2.211443000000000048e+00
-9.020430000000000392e-01
-1.617442999999999964e+00
5.485700000000000298e-02
-2.215643000000000029e+00
-3.999543000000000070e+00
-4.164443000000000339e+00
-2.534443000000000001e+00
-7.487430000000000474e-01
1.394157000000000091e+00
1.877656999999999909e+00
-5.229430000000000467e-01
-2.310429999999999984e-01
