-2.085370000000000168e+00
-2.651170000000000027e+00
-2.803669999999999884e+00
-2.360970000000000013e+00
-1.747069999999999901e+00
-1.641270000000000007e+00
-2.535470000000000113e+00
-2.119969999999999910e+00
-1.501169999999999893e+00
-1.320270000000000055e+00
-1.072570000000000023e+00
1.252999999999999947e-02
1.317630000000000079e+00
2.323329999999999895e+00
2.018130000000000202e+00
7.438299999999999912e-01
-2.608699999999999908e-01
-1.061770000000000103e+00
-3.104670000000000041e+00
-5.368699999999999584e-01
3.612229999999999830e+00
3.916729999999999823e+00
-1.075469999999999926e+00
2.993630000000000013e+00
2.952630000000000088e+00
4.286300000000000110e-01
7.953299999999999814e-01
-3.014769999999999950e+00
-2.300269999999999815e+00
-6.520700000000000385e-01
1.515230000000000077e+00
-1.255870000000000042e+00
-7.867000000000000381e-02
-1.545069999999999943e+00
-3.543470000000000120e+00
-3.007870000000000044e+00
4.962930000000000064e+00
3.301530000000000076e+00
3.811329999999999885e+00
-8.921700000000000186e-01
-2.064770000000000216e+00
3.746830000000000105e+00
1.996830000000000105e+00
3.140029999999999877e+00
4.893299999999999872e-01
1.879029999999999978e+00
2.759300000000000086e-01
