-8.608599999999999586e-02
9.091399999999999482e-02
4.734140000000000015e-01
6.767140000000000377e-01
5.326140000000000319e-01
1.241140000000000021e-01
1.075514000000000081e+00
1.190013999999999905e+00
8.688139999999999752e-01
8.929139999999999855e-01
-8.178599999999999759e-02
-1.453859999999999875e-01
-7.866859999999999964e-01
-4.006859999999999866e-01
-6.770859999999999657e-01
-3.290859999999999896e-01
2.626140000000000141e-01
5.138139999999999930e-01
1.815140000000000087e-01
-5.767860000000000209e-01
-1.166485999999999912e+00
-1.517986000000000057e+00
-1.278286000000000033e+00
1.505514000000000019e+00
1.560913999999999913e+00
1.279814000000000007e+00
1.111400000000000061e-02
-3.864859999999999962e-01
-2.838600000000000151e-02
-4.438860000000000028e-01
5.324140000000000539e-01
9.677139999999999631e-01
3.819139999999999757e-01
-3.095859999999999723e-01
-1.350986000000000020e+00
-1.981085999999999903e+00
-1.575585999999999931e+00
