1.823828999999999922e+00
1.323428999999999967e+00
8.825290000000000079e-01
9.561290000000000067e-01
1.448728999999999933e+00
1.882629000000000108e+00
1.487428999999999890e+00
4.057290000000000063e-01
-9.393709999999999560e-01
-2.007470999999999783e+00
-1.727271000000000001e+00
-4.056710000000000038e-01
6.728290000000000104e-01
2.431829000000000018e+00
1.260928999999999967e+00
-2.469709999999999961e-01
-3.331671000000000049e+00
-3.642870999999999970e+00
2.022829000000000210e+00
-2.767471000000000014e+00
-3.089871000000000034e+00
1.039628999999999914e+00
2.183628999999999820e+00
5.905289999999999706e-01
1.371029000000000053e+00
2.495928999999999842e+00
-1.125070999999999932e+00
3.312329000000000079e+00
1.796429000000000054e+00
8.879289999999999683e-01
1.587928999999999924e+00
-4.732471000000000316e+00
-3.284870999999999874e+00
-3.244571000000000094e+00
2.886029000000000178e+00
-3.931271000000000182e+00
-3.398270999999999820e+00
-2.249070999999999820e+00
1.174328999999999956e+00
1.021228999999999942e+00
3.178428999999999949e+00
