5.468920000000000448e-01
2.339199999999999960e-02
-2.851079999999999726e-01
-6.070799999999999808e-02
4.860920000000000241e-01
7.760920000000000041e-01
-4.050079999999999791e-01
-2.236080000000000012e-01
3.125919999999999810e-01
6.738920000000000465e-01
4.467920000000000225e-01
-5.997080000000000188e-01
-7.374079999999999524e-01
-1.788707999999999965e+00
-1.978807999999999900e+00
-1.111007999999999996e+00
-5.550800000000000178e-02
1.249920000000000059e-01
1.326392000000000015e+00
-2.119080000000000130e-01
1.077491999999999894e+00
-1.337908000000000097e+00
1.247192000000000078e+00
-3.317007999999999956e+00
-5.396079999999999766e-01
3.738920000000000021e-01
1.444592000000000098e+00
-1.284707999999999961e+00
-2.476808000000000121e+00
9.572920000000000318e-01
2.267192000000000096e+00
7.340919999999999668e-01
-6.106080000000000396e-01
1.349200000000000052e-02
1.321692000000000089e+00
2.263291999999999859e+00
6.067919999999999980e-01
