-6.721799999999999997e-01
-3.333800000000000097e-01
1.698199999999999987e-01
3.496199999999999863e-01
3.712000000000000022e-02
-4.907799999999999940e-01
8.625199999999999534e-01
1.101720000000000033e+00
8.517200000000000326e-01
2.901199999999999890e-01
1.183119999999999949e+00
-2.657999999999999946e-02
-9.997999999999999943e-02
-1.383380000000000054e+00
-1.600579999999999892e+00
-5.145800000000000374e-01
7.719200000000000506e-01
9.930200000000000138e-01
-8.730799999999999672e-01
-5.125800000000000356e-01
-3.228000000000000314e-02
2.239219999999999988e+00
4.616920000000000357e+00
3.371820000000000039e+00
-2.906080000000000219e+00
-4.675379999999999647e+00
-3.177579999999999849e+00
1.520420000000000105e+00
1.884819999999999940e+00
1.697319999999999940e+00
-8.990799999999999903e-01
-2.246379999999999821e+00
-6.231799999999999562e-01
1.586019999999999985e+00
-1.668279999999999985e+00
-1.180800000000000044e-01
-2.587800000000000100e-01
-8.867800000000000127e-01
1.597200000000000009e-01
5.816200000000000259e-01
-1.095579999999999998e+00
5.519519999999999982e+00
4.672819999999999752e+00
4.591920000000000002e+00
3.325219999999999843e+00
3.416119999999999823e+00
-4.938380000000000436e+00
-5.212480000000000224e+00
-5.024479999999999613e+00
-2.664880000000000138e+00
-2.859379999999999811e+00
