5.953899999999999748e-01
6.347899999999999654e-01
3.879900000000000015e-01
7.849000000000000421e-02
4.590000000000000330e-03
2.954899999999999749e-01
-1.709100000000000064e-01
-4.902099999999999791e-01
-5.650100000000000122e-01
-3.158099999999999796e-01
-9.191099999999999826e-01
2.177900000000000114e-01
9.470899999999999874e-01
-6.865099999999999536e-01
-9.373099999999999765e-01
-1.909610000000000030e+00
-1.809099999999999875e-01
4.100900000000000101e-01
4.793899999999999828e-01
9.853899999999999881e-01
1.138889999999999958e+00
