8.656040000000000401e-01
1.760039999999999938e-01
-5.289960000000000218e-01
-5.517959999999999532e-01
1.446040000000000103e-01
8.604039999999999466e-01
1.260040000000000049e-01
1.007403999999999966e+00
9.782039999999999624e-01
8.890399999999999692e-02
-7.856959999999999500e-01
-7.727960000000000385e-01
1.887040000000000106e-01
1.563504000000000005e+00
-2.429600000000000162e-02
-2.135095999999999883e+00
-1.376695999999999920e+00
7.953040000000000109e-01
3.890040000000000164e-01
9.806040000000000312e-01
5.944040000000000434e-01
-3.941959999999999908e-01
-1.004196000000000089e+00
-6.162959999999999550e-01
1.920503999999999989e+00
3.084004000000000190e+00
1.517503999999999964e+00
-8.473960000000000381e-01
-1.933896000000000059e+00
-2.995999999999999965e-03
1.720504000000000033e+00
-1.504796000000000022e+00
-1.475495999999999919e+00
-3.282959999999999767e-01
7.139039999999999830e-01
2.019703999999999944e+00
2.057004000000000055e+00
-7.961960000000000148e-01
-2.708596000000000004e+00
-2.836695999999999884e+00
-1.449996000000000063e+00
-7.130959999999999521e-01
-2.107695999999999792e+00
6.741040000000000365e-01
1.856003999999999987e+00
1.745203999999999978e+00
1.063903999999999961e+00
-1.785495999999999972e+00
-1.106195999999999957e+00
-2.721959999999999935e-01
9.281040000000000401e-01
