-9.580549999999999899e-01
-6.203549999999999898e-01
-7.115499999999999603e-02
1.575449999999999906e-01
-1.516550000000000120e-01
-7.273549999999999738e-01
7.156449999999999756e-01
1.014045000000000085e+00
7.778450000000000086e-01
1.541450000000000042e-01
1.187345000000000095e+00
-1.109255000000000102e+00
-8.498550000000000271e-01
-1.802549999999999986e-01
3.524499999999999855e-02
5.344499999999999945e-02
-1.168255000000000043e+00
-1.278054999999999941e+00
-1.610550000000000037e-01
1.070244999999999891e+00
1.189445000000000086e+00
-2.163549999999999918e-01
-1.329255000000000075e+00
-9.610549999999999926e-01
4.293449999999999767e-01
8.628449999999999731e-01
2.379945000000000199e+00
3.579044999999999810e+00
-2.518254999999999910e+00
-2.735555000000000181e+00
1.471244999999999914e+00
1.948444999999999983e+00
1.657645000000000035e+00
-3.491549999999999931e-01
-1.884754999999999958e+00
-6.084549999999999681e-01
-1.268054999999999932e+00
4.110449999999999937e-01
-1.249954999999999927e+00
2.424499999999999919e-02
-8.702550000000000008e-01
-2.064754999999999896e+00
1.944145000000000012e+00
-2.305855000000000210e+00
-1.628055000000000030e+00
1.055344999999999978e+00
1.861944999999999961e+00
4.421945000000000014e+00
3.653245000000000076e+00
3.654244999999999965e+00
-3.682154999999999845e+00
-2.820654999999999912e+00
-1.941754999999999898e+00
