4.218500000000000028e-02
1.028500000000000074e-02
-2.281499999999999848e-02
-2.401500000000000162e-02
7.785000000000000253e-03
4.108500000000000346e-02
-5.921499999999999680e-02
-6.411500000000000532e-02
-3.301500000000000268e-02
2.684999999999999887e-03
7.528500000000000469e-02
1.128499999999999989e-02
4.318500000000000116e-02
-8.381500000000000061e-02
-9.201499999999999957e-02
-3.681500000000000050e-02
9.042850000000000055e-01
-7.448150000000000048e-01
-1.281500000000000000e-02
3.538499999999999979e-02
