-8.788470000000000448e-01
-5.332470000000000265e-01
-7.564700000000000590e-02
1.315299999999999976e-02
-3.111470000000000069e-01
-7.770470000000000432e-01
4.652530000000000276e-01
4.331530000000000102e-01
-4.564700000000000008e-02
-2.205469999999999930e-01
-1.137647000000000075e+00
-6.616469999999999851e-01
-1.729469999999999896e-01
-8.842470000000000052e-01
-7.643469999999999986e-01
1.793530000000000124e-01
1.079552999999999985e+00
9.899529999999999719e-01
2.152999999999999966e-03
-1.551147000000000054e+00
-1.116746999999999934e+00
-4.744700000000000306e-02
-1.655947000000000058e+00
-1.063047000000000075e+00
1.335300000000000029e-02
5.343529999999999669e-01
1.929353000000000096e+00
2.981552999999999898e+00
7.750529999999999919e-01
5.355529999999999458e-01
-1.196747000000000005e+00
-1.080446999999999935e+00
-1.459046999999999983e+00
-4.108470000000000177e-01
-1.003446999999999978e+00
-7.693470000000000031e-01
-1.659346999999999905e+00
1.842352999999999907e+00
-2.491846999999999923e+00
-1.448447000000000040e+00
4.562530000000000197e-01
1.372552999999999912e+00
3.747352999999999934e+00
3.443153000000000130e+00
2.623352999999999824e+00
