1.409848999999999908e+00
1.004248999999999947e+00
1.477489999999999915e-01
-3.494510000000000116e-01
1.554900000000000032e-02
9.312489999999999934e-01
-5.213510000000000089e-01
7.614899999999999447e-02
-4.226509999999999989e-01
-1.556750999999999996e+00
-2.161051000000000055e+00
-1.644150999999999918e+00
1.493349000000000038e+00
1.358748999999999985e+00
-2.245950999999999809e+00
-1.675750999999999991e+00
-1.332151000000000085e+00
1.827489999999999948e-01
1.276648999999999923e+00
1.904649000000000036e+00
1.375749000000000111e+00
9.465489999999999737e-01
-3.036550999999999778e+00
-2.128651000000000071e+00
1.201748999999999956e+00
2.142449000000000048e+00
1.479848999999999970e+00
2.031648999999999816e+00
-2.391951000000000160e+00
-2.126551000000000080e+00
-7.851510000000000433e-01
-9.143510000000000248e-01
-2.264050999999999814e+00
2.805448999999999860e+00
2.102749000000000201e+00
4.372489999999999988e-01
1.232148999999999939e+00
