-1.198545999999999889e+00
-1.230846000000000107e+00
-7.601459999999999884e-01
-2.383460000000000023e-01
-1.522459999999999924e-01
-6.730460000000000331e-01
3.035539999999999905e-01
7.438540000000000152e-01
4.681540000000000146e-01
-6.506459999999999466e-01
-1.785846000000000044e+00
1.033540000000000014e-01
1.378254000000000090e+00
9.247539999999999649e-01
9.518539999999999779e-01
1.657540000000000124e-01
-6.537460000000000493e-01
-6.810460000000000402e-01
7.628540000000000321e-01
-1.804599999999999954e-02
1.944453999999999905e+00
2.065539999999999876e-01
-1.578745999999999983e+00
3.651539999999999786e-01
-1.848845999999999989e+00
-2.165646000000000182e+00
2.265953999999999802e+00
6.742540000000000200e-01
1.688654000000000099e+00
1.588754000000000000e+00
-1.273946000000000023e+00
-1.334346000000000032e+00
1.830853999999999981e+00
5.839539999999999731e-01
-7.069459999999999633e-01
