-6.653360000000000385e-01
-2.460360000000000047e-01
3.005639999999999978e-01
4.140639999999999876e-01
3.356399999999999662e-02
-5.460359999999999658e-01
9.342639999999999834e-01
9.045640000000000347e-01
3.595639999999999947e-01
2.168640000000000012e-01
-1.019136000000000042e+00
-3.959360000000000102e-01
-5.713359999999999550e-01
-7.039360000000000062e-01
-4.823600000000000110e-02
7.419639999999999569e-01
8.763640000000000319e-01
1.286864000000000008e+00
1.286064000000000096e+00
-1.011036000000000046e+00
-1.440136000000000083e+00
-9.573600000000000165e-02
-8.062359999999999527e-01
-1.092036000000000007e+00
-1.320135999999999976e+00
-1.520360000000000045e-01
1.256464000000000025e+00
1.502164000000000055e+00
