7.624400000000000621e-02
1.164399999999999984e-02
1.274440000000000017e-01
3.260440000000000005e-01
4.121440000000000103e-01
2.609440000000000093e-01
4.566439999999999944e-01
6.662439999999999474e-01
7.491440000000000321e-01
6.144439999999999902e-01
9.500439999999999996e-01
-3.061559999999999837e-01
-4.371559999999999890e-01
-1.705856000000000039e+00
-1.900455999999999923e+00
-8.168560000000000265e-01
4.574440000000000173e-01
6.401440000000000463e-01
3.693440000000000056e-01
-1.823559999999999903e-01
1.868244000000000016e+00
-1.047455999999999943e+00
-3.519156000000000173e+00
3.926439999999999930e-01
7.577439999999999731e-01
1.706644000000000050e+00
1.336044000000000009e+00
-1.149756000000000000e+00
-2.564055999999999891e+00
1.646643999999999997e+00
9.264400000000000412e-02
2.096439999999999970e-01
-2.299559999999999937e-01
-2.689559999999999729e-01
