-1.079353999999999925e+00
-1.171354000000000006e+00
-9.873539999999999539e-01
-6.879539999999999544e-01
-5.624540000000000095e-01
-7.737540000000000529e-01
-4.410540000000000016e-01
-1.756540000000000046e-01
-2.432539999999999980e-01
-6.875539999999999985e-01
-1.481354000000000060e+00
1.403459999999999985e-01
1.018460000000000060e-01
4.058459999999999845e-01
7.535460000000000491e-01
7.989460000000000450e-01
4.917460000000000164e-01
3.255460000000000020e-01
6.237460000000000226e-01
1.154546000000000072e+00
1.231646000000000019e+00
-4.494540000000000202e-01
-4.618539999999999868e-01
-8.509539999999999882e-01
-1.561854000000000076e+00
-1.627753999999999923e+00
-1.699539999999999940e-01
9.961459999999999759e-01
5.194459999999999633e-01
5.151459999999999928e-01
1.657845999999999931e+00
-8.365400000000000613e-02
1.533846000000000043e+00
1.991945999999999994e+00
2.544460000000000055e-01
