1.062186000000000075e+00
7.334859999999999713e-01
1.125860000000000055e-01
-2.026139999999999886e-01
8.748599999999999433e-02
7.487859999999999516e-01
-8.329140000000000432e-01
-1.165413999999999950e+00
-8.800139999999999629e-01
-2.478140000000000065e-01
-1.276914000000000105e+00
-1.080139999999999989e-01
-2.387140000000000095e-01
-1.430414000000000074e+00
-1.576813999999999938e+00
-5.163140000000000507e-01
6.803860000000000463e-01
8.294859999999999456e-01
1.063986000000000098e+00
1.052786000000000000e+00
-2.793314000000000075e+00
-2.989613999999999994e+00
1.963786000000000032e+00
3.049685999999999897e+00
7.549860000000000460e-01
-1.674214000000000091e+00
-1.876913999999999971e+00
-1.923313999999999968e+00
-2.265613999999999795e+00
-5.796139999999999626e-01
1.477286000000000099e+00
1.238186000000000009e+00
1.580386000000000069e+00
8.170859999999999790e-01
1.523285999999999918e+00
-4.002813999999999872e+00
-2.288714000000000137e+00
-2.915014000000000216e+00
3.857486000000000193e+00
2.763586000000000098e+00
3.430886000000000102e+00
1.696986000000000105e+00
2.407860000000000000e-01
1.019485999999999892e+00
