1.089838000000000084e+00
6.453379999999999672e-01
-1.509620000000000128e-01
-5.416619999999999768e-01
-1.257620000000000127e-01
7.200379999999999558e-01
-5.439619999999999456e-01
8.773799999999999655e-02
-3.188619999999999788e-01
-1.357961999999999891e+00
-1.990361999999999965e+00
-1.587361999999999940e+00
1.026237999999999984e+00
1.186037999999999926e+00
-1.894462000000000090e+00
-1.921062000000000047e+00
-1.457662000000000013e+00
3.399380000000000179e-01
2.903800000000000131e-02
6.201379999999999670e-01
3.253380000000000161e-01
1.611337999999999937e+00
9.817379999999999995e-01
2.003337999999999841e+00
1.057379999999999987e-01
-9.600619999999999710e-01
1.495438000000000045e+00
9.070380000000000109e-01
-2.799062000000000161e+00
-2.094962000000000213e+00
7.028379999999999628e-01
1.627837999999999896e+00
1.394638000000000044e+00
1.803137999999999908e+00
-2.584261999999999837e+00
-2.472262000000000182e+00
-1.073261999999999938e+00
-9.354620000000000157e-01
-2.348862000000000005e+00
2.268438000000000176e+00
2.281737999999999822e+00
3.973380000000000245e-01
3.198380000000000112e-01
1.530337999999999976e+00
-1.582620000000000138e-01
1.001138000000000083e+00
-7.068619999999999903e-01
-1.195162000000000058e+00
-1.821361999999999925e+00
-8.578620000000000134e-01
1.298637999999999959e+00
1.669238000000000000e+00
2.428338000000000108e+00
