3.864850000000000230e-01
3.848499999999999838e-02
-3.308150000000000257e-01
-3.547150000000000025e-01
-1.151499999999999919e-02
3.620849999999999902e-01
-7.385150000000000325e-01
-8.066149999999999709e-01
-5.047150000000000247e-01
-8.341500000000000303e-02
-6.261149999999999771e-01
9.917850000000000277e-01
5.721850000000000547e-01
-4.596149999999999958e-01
-7.547150000000000247e-01
-9.315000000000000363e-03
1.022285000000000110e+00
1.316885000000000083e+00
7.394849999999999479e-01
6.178499999999999964e-02
-3.466150000000000064e-01
2.886850000000000249e-01
-1.125815000000000010e+00
-1.050014999999999921e+00
-1.332915000000000072e+00
-1.044014999999999915e+00
-1.569814999999999960e+00
1.608284999999999965e+00
2.130784999999999929e+00
1.603285000000000071e+00
9.684999999999999165e-03
-1.964150000000000063e-01
3.412850000000000050e-01
-1.075415000000000010e+00
-7.665149999999999464e-01
5.491850000000000342e-01
1.326184999999999947e+00
-3.882149999999999768e-01
2.269849999999999923e-01
