1.409397999999999929e+00
9.215980000000000283e-01
2.556979999999999809e-01
6.059799999999999909e-02
5.338979999999999837e-01
1.215597999999999956e+00
-6.294020000000000170e-01
-8.896020000000000039e-01
-4.540020000000000167e-01
2.658980000000000232e-01
1.744798000000000071e+00
1.115798000000000068e+00
-6.589019999999999877e-01
3.072980000000000156e-01
5.892979999999999885e-01
-1.659019999999999939e-01
-2.534020000000000161e-01
9.067979999999999929e-01
8.214979999999999505e-01
-4.126020000000000243e-01
-1.581002000000000018e+00
-1.494302000000000019e+00
-2.844002000000000141e+00
-3.169502000000000042e+00
-4.565020000000000189e-01
-3.367020000000000013e-01
1.984398000000000106e+00
2.230398000000000103e+00
-1.464901999999999926e+00
2.513097999999999832e+00
1.058897999999999895e+00
7.559979999999999478e-01
1.615698000000000079e+00
-1.698301999999999978e+00
-4.354020000000000112e-01
1.643397999999999914e+00
-4.920200000000000268e-02
5.362980000000000524e-01
-1.132902000000000076e+00
1.877497999999999889e+00
-2.406302000000000163e+00
-4.251102000000000380e+00
-2.679101999999999872e+00
-2.927201999999999860e+00
-3.842019999999999880e-01
6.250980000000000425e-01
-1.163302000000000058e+00
3.173198000000000185e+00
1.439497999999999944e+00
2.336097999999999786e+00
