-9.319260000000000321e-01
-4.185260000000000091e-01
3.399739999999999984e-01
6.083739999999999704e-01
1.219739999999999991e-01
-6.750260000000000149e-01
4.148740000000000205e-01
-3.334260000000000002e-01
-5.982599999999999724e-02
9.674739999999999451e-01
1.716074000000000099e+00
1.440773999999999999e+00
-6.824259999999999771e-01
-1.203726000000000074e+00
1.342873999999999901e+00
2.977673999999999932e+00
1.505573999999999968e+00
-8.434260000000000090e-01
-6.099259999999999682e-01
-1.334125999999999923e+00
-1.040526000000000062e+00
-2.079326000000000008e+00
-1.191426000000000096e+00
-1.145226000000000077e+00
2.514073999999999920e+00
2.033974000000000171e+00
-3.034259999999999735e-01
-1.253225999999999951e+00
-1.776726000000000028e+00
-1.495125999999999955e+00
3.598974000000000117e+00
3.271074000000000037e+00
3.204374000000000056e+00
1.239573999999999954e+00
1.338673999999999920e+00
-2.892259999999999831e-01
-1.957025999999999932e+00
-6.599260000000000126e-01
-2.593325999999999798e+00
-2.863825999999999983e+00
-1.781825999999999910e+00
-7.177259999999999751e-01
-3.961259999999999781e-01
