-2.143380000000000007e-01
-4.053379999999999761e-01
-3.828380000000000116e-01
-1.663380000000000136e-01
4.526199999999999668e-02
3.046199999999999949e-02
-1.631380000000000052e-01
2.216200000000000114e-02
2.421619999999999884e-01
2.587619999999999920e-01
1.959619999999999973e-01
-6.406380000000000408e-01
5.839619999999999811e-01
7.861999999999999197e-03
1.426200000000000037e-02
-8.143799999999999650e-02
-3.023800000000000099e-02
-3.833799999999999708e-02
-2.233800000000000022e-02
-6.237999999999999622e-03
-6.463800000000000101e-02
-7.413799999999999557e-02
4.444620000000000237e-01
8.745619999999999505e-01
1.597619999999999874e-01
-7.905379999999999630e-01
-6.647380000000000511e-01
1.675162000000000040e+00
2.876619999999999733e-01
3.804620000000000224e-01
-1.145737999999999923e+00
-4.353800000000000031e-02
-3.463800000000000212e-02
-2.213800000000000143e-02
-9.273800000000000099e-02
8.346620000000000150e-01
-9.735380000000000145e-01
