2.161099999999999965e-01
-7.490000000000000130e-03
-3.159000000000000002e-02
1.721100000000000130e-01
4.191099999999999826e-01
4.475100000000000189e-01
1.231099999999999972e-01
3.090100000000000069e-01
5.706099999999999506e-01
6.112100000000000311e-01
6.475100000000000300e-01
-2.279899999999999982e-01
2.830099999999999838e-01
1.363099999999999867e-01
1.075609999999999955e+00
7.213100000000000067e-01
1.249610000000000110e+00
3.760999999999999760e-02
-8.669900000000000384e-01
-1.980990000000000029e+00
-2.201789999999999914e+00
-1.308089999999999975e+00
-1.937899999999999900e-01
7.852099999999999635e-01
1.326610000000000067e+00
6.400099999999999678e-01
-4.008900000000000241e-01
-2.164899999999999880e-01
-5.404900000000000260e-01
1.220709999999999962e+00
-8.995900000000000007e-01
3.416100000000000247e-01
1.511509999999999909e+00
-2.254899999999999960e-01
1.627310000000000034e+00
2.064810000000000034e+00
-7.077900000000000302e-01
-2.676590000000000025e+00
-3.070190000000000197e+00
-1.477689999999999948e+00
4.964100000000000179e-01
