1.160687000000000024e+00
5.326870000000000216e-01
9.128699999999999315e-02
3.300870000000000193e-01
1.051787000000000027e+00
1.385787000000000102e+00
-2.103129999999999999e-01
-4.278129999999999988e-01
8.703870000000000218e-01
1.375186999999999937e+00
-2.479129999999999945e-01
-5.821129999999999916e-01
-1.538712999999999997e+00
-1.910312999999999928e+00
-1.369712999999999958e+00
-3.954130000000000145e-01
-1.671299999999999869e-02
2.006187000000000165e+00
3.123870000000000258e-01
2.889286999999999939e+00
7.297869999999999635e-01
1.130869999999999931e-01
1.113587000000000105e+00
-1.744512999999999980e+00
-2.875312999999999786e+00
-2.866112999999999911e+00
-2.242312999999999779e+00
-7.736129999999999951e-01
-1.249112999999999918e+00
-7.358130000000000503e-01
1.622986999999999957e+00
8.692870000000000319e-01
-6.929130000000000011e-01
-2.000513000000000208e+00
7.299870000000000525e-01
1.730487000000000108e+00
2.198087000000000124e+00
-1.687130000000000019e-01
6.282870000000000399e-01
3.119686999999999877e+00
3.444586999999999843e+00
3.296286999999999967e+00
4.319870000000000099e-01
1.702987000000000029e+00
1.410087000000000090e+00
7.183869999999999978e-01
2.002987000000000073e+00
-3.136013000000000162e+00
-3.741312999999999889e+00
-2.638713000000000086e+00
-3.031512999999999902e+00
-1.563412999999999942e+00
-1.709413000000000071e+00
