-8.709209999999999452e-01
-3.862209999999999810e-01
1.256790000000000129e-01
1.571790000000000131e-01
-3.235210000000000030e-01
-8.517209999999999503e-01
-2.869209999999999816e-01
-1.299520999999999926e+00
-1.244021000000000043e+00
-1.965210000000000012e-01
7.950789999999999802e-01
7.550789999999999447e-01
-4.126210000000000155e-01
-1.332621000000000056e+00
-3.652099999999999791e-02
2.288679000000000130e+00
7.852789999999999493e-01
-2.382721000000000089e+00
-2.510620999999999992e+00
-3.177220999999999851e+00
-2.617209999999999814e-01
6.802789999999999671e-01
5.640789999999999971e-01
7.987790000000000168e-01
-1.353209999999999968e-01
-2.139620999999999995e+00
1.642279000000000044e+00
1.557979000000000003e+00
-5.082099999999999812e-02
-7.927210000000000090e-01
-1.702920999999999907e+00
-1.802321000000000062e+00
2.714878999999999820e+00
2.781878999999999991e+00
2.532878999999999881e+00
3.131789999999999852e-01
5.936789999999999567e-01
-1.301420999999999939e+00
-6.942099999999999660e-02
4.568789999999999796e-01
1.714879000000000042e+00
-4.320209999999999884e-01
1.293079000000000089e+00
6.540789999999999660e-01
1.840278999999999998e+00
1.266790000000000138e-01
-1.172720999999999902e+00
