8.866330000000000044e-01
-1.496669999999999945e-01
-1.141666999999999987e+00
-1.191467000000000054e+00
7.883300000000000030e-02
9.877329999999999721e-01
3.466330000000000244e-01
2.045532999999999824e+00
-1.144669999999999993e-01
1.332832999999999934e+00
1.622632999999999992e+00
9.390330000000000066e-01
-4.206700000000000023e-02
-3.285669999999999980e-01
-2.276766999999999985e+00
-1.676967000000000096e+00
1.243732999999999977e+00
4.185329999999999884e-01
7.208329999999999460e-01
1.529533000000000031e+00
-2.006700000000000150e-02
-2.206699999999999981e-02
-8.720670000000000366e-01
-9.414670000000000538e-01
-1.543670000000000042e-01
6.973329999999999806e-01
7.605330000000000146e-01
-2.246670000000000056e-01
1.083232999999999890e+00
-8.663669999999999982e-01
-1.222167000000000003e+00
2.166433000000000053e+00
2.737932999999999950e+00
-8.531670000000000087e-01
6.485330000000000261e-01
1.882533000000000012e+00
2.389133000000000173e+00
-5.872669999999999835e-01
-1.068567000000000045e+00
-2.582367000000000079e+00
-1.928566999999999920e+00
-3.179767000000000010e+00
-1.915067000000000075e+00
-2.585266999999999982e+00
-9.187670000000000003e-01
2.315833000000000030e+00
1.058632999999999935e+00
-6.527669999999999861e-01
6.222330000000000361e-01
-6.436669999999999892e-01
-1.493967000000000045e+00
-1.607666999999999957e+00
1.312832999999999917e+00
1.434032999999999891e+00
