1.364529999999999910e-01
-6.084699999999999831e-02
-1.662470000000000059e-01
-6.474699999999999900e-02
1.267530000000000046e-01
2.418530000000000124e-01
-1.356469999999999898e-01
4.653000000000000018e-03
1.514530000000000043e-01
3.287530000000000174e-01
-1.034469999999999973e-01
4.651529999999999831e-01
-1.579470000000000041e-01
-7.568470000000000475e-01
-6.317469999999999475e-01
1.592530000000000057e-01
8.409529999999999506e-01
7.080530000000000435e-01
-2.467469999999999941e-01
2.670529999999999848e-01
6.555300000000000016e-02
5.767529999999999601e-01
7.560529999999999751e-01
1.615353000000000039e+00
2.005352999999999941e+00
1.909353000000000078e+00
-6.096470000000000500e-01
-5.345469999999999944e-01
-1.906746999999999970e+00
-2.436347000000000040e+00
-2.524147000000000141e+00
-2.364700000000000135e-02
1.408252999999999977e+00
-1.207469999999999932e-01
6.001530000000000475e-01
5.416530000000000511e-01
-3.080470000000000153e-01
-8.614700000000000135e-02
-1.381246999999999892e+00
-1.162946999999999953e+00
1.502053000000000083e+00
1.261452999999999935e+00
-9.666470000000000340e-01
7.124530000000000030e-01
1.310353000000000101e+00
2.448853000000000169e+00
-1.037247000000000030e+00
-1.317047000000000079e+00
-5.654700000000000004e-02
5.255300000000000249e-02
-3.400647000000000197e+00
