8.544030000000000236e-01
1.092802999999999969e+00
1.079703000000000079e+00
8.050030000000000241e-01
5.406029999999999447e-01
5.957029999999999825e-01
7.713029999999999609e-01
4.891030000000000100e-01
2.451029999999999875e-01
2.645029999999999881e-01
3.067030000000000034e-01
1.365202999999999944e+00
-5.789699999999999708e-02
-6.167970000000000397e-01
-1.254496999999999973e+00
-1.801797000000000093e+00
-1.723697000000000035e+00
-1.102097000000000104e+00
-5.574970000000000203e-01
9.641030000000000433e-01
4.610029999999999961e-01
5.121029999999999749e-01
4.043030000000000235e-01
1.548802999999999930e+00
1.381402999999999937e+00
3.430030000000000023e-01
-1.351396999999999959e+00
-2.292597000000000218e+00
-2.149697000000000191e+00
-1.039396999999999904e+00
-7.749699999999999644e-02
