-9.573260000000000103e-01
-2.315260000000000096e-01
1.944740000000000080e-01
-1.403260000000000063e-01
-8.562260000000000426e-01
-1.321026000000000034e+00
2.026739999999999930e-01
-2.933259999999999756e-01
-9.443259999999999987e-01
-1.763425999999999938e+00
-1.968725999999999976e+00
2.707400000000000084e-02
-4.524259999999999948e-01
-7.512599999999999834e-02
-6.015260000000000051e-01
4.096739999999999826e-01
1.568974000000000091e+00
1.724074000000000106e+00
7.126740000000000297e-01
2.813473999999999808e+00
-1.252825999999999995e+00
7.319740000000000135e-01
5.560739999999999572e-01
-2.822259999999999769e-01
7.628740000000000521e-01
-9.675259999999999971e-01
1.528740000000000099e-01
-1.502126000000000072e+00
2.816739999999999799e-01
2.624573999999999963e+00
8.468740000000000157e-01
