1.125911000000000106e+00
1.629010999999999987e+00
1.854311000000000043e+00
1.534810999999999925e+00
9.868109999999999937e-01
8.343110000000000248e-01
1.783911000000000024e+00
1.593110999999999944e+00
5.151109999999999856e-01
6.599110000000000253e-01
-9.240890000000000493e-01
3.016110000000000180e-01
1.935211000000000015e+00
-1.812788999999999984e+00
-1.180088999999999944e+00
-1.893588999999999967e+00
-2.273988999999999816e+00
-2.417489000000000221e+00
1.145011000000000001e+00
2.813111000000000139e+00
1.426711000000000062e+00
2.548611000000000182e+00
7.692109999999999781e-01
1.490210999999999952e+00
-2.369890000000000052e-01
-8.329889999999999795e-01
-1.492688999999999933e+00
5.464109999999999800e-01
2.304110000000000047e-01
2.320511000000000212e+00
1.778910999999999909e+00
-2.656788999999999845e+00
-1.258488999999999969e+00
-2.779288999999999898e+00
-1.465888999999999998e+00
-3.178288999999999920e+00
-3.473589000000000038e+00
-1.946088999999999958e+00
