-4.508500000000000008e-02
-4.098500000000000060e-02
-1.938499999999999945e-02
-1.048499999999999953e-02
-1.258500000000000070e-02
-1.108499999999999937e-02
-3.184999999999999897e-03
-3.285000000000000159e-03
-1.268500000000000009e-02
-1.828499999999999917e-02
-4.348500000000000282e-02
-6.088500000000000162e-02
4.615000000000000178e-03
3.150000000000000131e-04
-1.658499999999999905e-02
-3.178500000000000075e-02
5.045150000000000468e-01
-4.308499999999999830e-02
-5.888499999999999984e-02
-7.768500000000000405e-02
