5.598168000000000255e+00
5.552768000000000370e+00
5.387267999999999724e+00
5.249667999999999779e+00
5.273068000000000310e+00
5.459068000000000254e+00
5.091768000000000072e+00
3.704968000000000039e+00
2.584468000000000210e+00
1.284767999999999910e+00
1.095968000000000053e+00
2.197367999999999988e+00
3.501768000000000214e+00
5.512167999999999957e+00
5.679768000000000150e+00
3.041679999999999939e-01
-6.260632000000000197e+00
-5.749232000000000120e+00
-6.535931999999999853e+00
4.621768000000000320e+00
4.458268000000000342e+00
-6.036832000000000420e+00
-5.256231999999999793e+00
-6.576831999999999567e+00
-5.540831999999999979e+00
-4.076532000000000266e+00
-3.430232000000000170e+00
-1.047431999999999919e+00
-1.962131999999999987e+00
5.111667999999999878e+00
5.868967999999999741e+00
5.288567999999999714e+00
2.725067999999999824e+00
1.062680000000000013e-01
1.993568000000000007e+00
6.290467999999999726e+00
4.648967999999999989e+00
5.634567999999999799e+00
5.793668000000000262e+00
-7.330832000000000015e+00
-6.167531999999999570e+00
-5.827632000000000367e+00
-4.687832000000000221e+00
-6.434531999999999918e+00
-7.596231999999999651e+00
5.454767999999999617e+00
3.972567999999999877e+00
3.909368000000000176e+00
-6.196932000000000329e+00
-5.598632000000000275e+00
-6.074031999999999876e+00
-4.016632000000000424e+00
-3.524631999999999987e+00
-3.514031999999999822e+00
-3.979432000000000080e+00
-1.180631999999999904e+00
-1.281131999999999938e+00
-1.620332000000000106e+00
-1.851831999999999923e+00
