4.183680000000000176e-01
3.138679999999999803e-01
7.676800000000000290e-02
-7.733199999999999796e-02
1.086799999999999919e-02
2.882680000000000242e-01
-3.405320000000000014e-01
-5.222320000000000295e-01
-4.485319999999999863e-01
-1.812320000000000042e-01
-6.389320000000000555e-01
-8.174320000000000475e-01
2.055680000000000007e-01
-1.013320000000000054e-01
-1.394331999999999905e+00
-2.392231999999999914e+00
-2.107531999999999961e+00
3.828679999999999861e-01
4.587680000000000091e-01
-5.828320000000000167e-01
8.876680000000000126e-01
2.177967999999999904e+00
2.494867999999999864e+00
1.522467999999999932e+00
-4.115320000000000089e-01
-7.272319999999999895e-01
-1.215320000000000011e-01
-8.326320000000000388e-01
-1.638832000000000066e+00
-3.392932000000000059e+00
-2.901832000000000189e+00
8.524680000000000035e-01
5.811680000000000179e-01
3.852679999999999993e-01
6.392679999999999474e-01
3.808679999999999843e-01
-1.348132000000000108e+00
6.579679999999999973e-01
2.931868000000000141e+00
3.499067999999999845e+00
1.812867999999999924e+00
