1.330772999999999984e+00
2.075730000000000075e-01
-9.154269999999999907e-01
-1.027226999999999890e+00
2.476730000000000043e-01
1.328672999999999993e+00
3.135729999999999906e-01
2.468373000000000150e+00
3.010729999999999795e-01
9.112729999999999997e-01
9.850729999999999764e-01
4.545730000000000048e-01
-9.732699999999999685e-02
-1.739269999999999983e-01
-1.940927000000000069e+00
-1.757427000000000072e+00
5.859729999999999661e-01
2.541973000000000038e+00
3.291773000000000060e+00
-4.951269999999999838e-01
1.168973000000000040e+00
1.325572999999999890e+00
1.462172999999999945e+00
-4.744269999999999876e-01
-5.951269999999999616e-01
-2.296326999999999785e+00
-1.419426999999999994e+00
-2.830426999999999804e+00
-2.049827000000000066e+00
-2.673526999999999987e+00
-1.125926999999999900e+00
8.467299999999999827e-02
8.626730000000000231e-01
