3.756510000000000127e-01
1.491651000000000060e+00
1.745551000000000075e+00
7.979509999999999659e-01
-3.924489999999999923e-01
-5.625489999999999657e-01
-1.374549000000000021e+00
-9.503489999999999993e-01
-9.830489999999999506e-01
-5.766489999999999672e-01
-9.934900000000000675e-02
-9.654899999999999594e-02
-5.204490000000000505e-01
-1.674749000000000043e+00
2.432151000000000174e+00
2.430509999999999893e-01
-7.308489999999999709e-01
7.815099999999999825e-02
-4.181489999999999929e-01
-1.557549000000000072e+00
-1.713848999999999956e+00
-4.906490000000000018e-01
1.610509999999999997e-01
1.371950999999999921e+00
1.416350999999999916e+00
-7.948999999999999469e-03
1.329951000000000105e+00
1.035551000000000110e+00
-1.514748999999999901e+00
-2.372949000000000197e+00
-1.317649000000000070e+00
-5.016490000000000116e-01
-2.586448999999999998e+00
-1.671448999999999963e+00
3.288750999999999980e+00
2.268750999999999962e+00
9.838510000000000311e-01
1.685100000000000139e-02
-2.194249000000000116e+00
-2.480348999999999915e+00
-1.442349000000000103e+00
-1.904490000000000072e-01
2.150450999999999890e+00
2.215751000000000026e+00
1.385450999999999988e+00
2.077951000000000104e+00
1.555150999999999950e+00
