6.770019999999999927e-01
-1.088979999999999948e-01
-6.261980000000000324e-01
-3.460980000000000167e-01
4.690019999999999745e-01
9.631020000000000136e-01
-9.140979999999999661e-01
-7.036980000000000457e-01
8.350200000000000677e-02
6.872019999999999795e-01
2.167020000000000057e-01
-5.982979999999999965e-01
-6.693980000000000485e-01
-1.483997999999999928e+00
-1.598797999999999941e+00
-8.924980000000000135e-01
-6.489799999999999736e-02
3.800200000000000106e-02
1.792802000000000007e+00
-4.029980000000000229e-01
1.546602000000000032e+00
-9.379979999999999984e-01
-1.774497999999999909e+00
5.987019999999999564e-01
1.444701999999999931e+00
-1.213397999999999977e+00
-1.026979999999999976e-01
1.272901999999999978e+00
-1.163197999999999954e+00
-2.048798000000000119e+00
-2.250097999999999931e+00
6.755020000000000469e-01
2.707701999999999831e+00
1.369601999999999986e+00
-1.000397999999999898e+00
-2.229799999999999838e-02
1.624401999999999902e+00
2.569701999999999931e+00
1.122301999999999911e+00
-1.696498000000000062e+00
-1.436398000000000064e+00
-2.822998000000000118e+00
1.884902000000000077e+00
8.705019999999999980e-01
2.264301999999999815e+00
