2.858749999999999902e-01
-9.532499999999999307e-02
-4.924250000000000016e-01
-5.109249999999999625e-01
-1.344249999999999889e-01
2.670750000000000068e-01
-9.238250000000000073e-01
-9.881250000000000311e-01
-6.544250000000000345e-01
-2.045250000000000123e-01
-7.735250000000000181e-01
8.396749999999999492e-01
4.031750000000000056e-01
-5.727250000000000396e-01
-8.881250000000000533e-01
-2.237250000000000072e-01
7.705750000000000099e-01
1.080074999999999896e+00
6.807750000000000190e-01
-7.762499999999999956e-02
-4.645250000000000212e-01
-1.458425000000000082e+00
1.378174999999999928e+00
2.379175000000000040e+00
1.996749999999999914e-01
-1.331725000000000048e+00
-1.178825000000000012e+00
-1.494024999999999936e+00
-1.095925000000000038e+00
-1.656325000000000047e+00
1.846074999999999910e+00
1.545274999999999954e+00
-3.352499999999999925e-02
-3.614249999999999963e-01
2.214750000000000052e-01
-1.518124999999999947e+00
-2.442124999999999879e+00
-1.179524999999999935e+00
2.745474999999999888e+00
3.228375000000000217e+00
1.961375000000000091e+00
1.245174999999999921e+00
-4.533249999999999780e-01
1.300749999999999962e-01
