-2.393116000000000021e+00
-1.309415999999999913e+00
-9.931600000000000150e-02
4.968399999999999900e-02
-1.021516000000000091e+00
-2.249616000000000060e+00
-8.767160000000000508e-01
-7.530160000000000187e-01
-6.330160000000000231e-01
-6.775160000000000071e-01
-7.892160000000000286e-01
-8.827159999999999451e-01
-1.442615999999999898e+00
-3.404815999999999843e+00
-6.147160000000000402e-01
2.530784000000000145e+00
1.446784000000000070e+00
-5.228159999999999474e-01
5.907839999999999758e-01
8.107839999999999492e-01
-4.715999999999999706e-03
3.046784000000000159e+00
3.028583999999999943e+00
-6.638159999999999616e-01
-2.607160000000000033e-01
-8.859160000000000368e-01
-1.921016000000000057e+00
-2.329416000000000153e+00
-1.703216000000000063e+00
2.006184000000000189e+00
1.779184000000000099e+00
2.041484000000000076e+00
4.401384000000000185e+00
-2.640915999999999819e+00
-7.553159999999999874e-01
-8.120159999999999600e-01
-9.763159999999999616e-01
-6.304159999999999764e-01
-2.329315999999999942e+00
-3.534715999999999969e+00
-4.249515999999999849e+00
3.507683999999999802e+00
2.340284000000000031e+00
2.593183999999999934e+00
1.719883999999999968e+00
1.445184000000000024e+00
-7.774159999999999959e-01
6.571839999999999904e-01
5.404839999999999645e-01
-5.647159999999999958e-01
-3.145115999999999801e+00
-2.036315999999999793e+00
2.385483999999999938e+00
2.791684000000000054e+00
1.108983999999999970e+00
1.342883999999999967e+00
4.382883999999999780e+00
4.724484000000000350e+00
5.096484000000000236e+00
-2.966315999999999953e+00
-3.519715999999999845e+00
-1.992115999999999998e+00
