-2.335820000000000118e-01
-9.338200000000000667e-02
5.411799999999999944e-02
5.081800000000000206e-02
-8.848200000000000509e-02
-2.108819999999999861e-01
-3.853820000000000023e-01
-1.015820000000000056e-01
1.888180000000000136e-01
1.833180000000000087e-01
3.301799999999999874e-02
-9.898200000000000054e-02
1.511799999999999949e-02
2.281800000000000148e-02
1.398918000000000106e+00
1.634617999999999904e+00
5.283179999999999543e-01
-4.569819999999999993e-01
-1.560681999999999903e+00
-1.333582000000000045e+00
2.543918000000000124e+00
3.847618000000000205e+00
4.055518000000000178e+00
2.959417999999999882e+00
-2.885781999999999847e+00
-3.984582000000000068e+00
-3.780781999999999865e+00
-2.478482000000000074e+00
1.369180000000000119e-01
-4.660819999999999963e-01
2.017999999999999829e-03
-2.117819999999999980e-01
3.053179999999999783e-01
3.067179999999999906e-01
-2.218819999999999959e-01
-8.738200000000000134e-02
-1.128200000000000036e-02
9.571180000000000243e-01
4.581799999999999762e-02
2.701800000000000035e-02
-8.920820000000000416e-01
2.424418000000000184e+00
4.693217999999999890e+00
5.065917999999999921e+00
3.146218000000000181e+00
-3.071482000000000046e+00
-4.994081999999999688e+00
-4.628181999999999796e+00
-2.349682000000000048e+00
