1.181597999999999926e+00
8.953980000000000272e-01
5.216979999999999951e-01
4.222980000000000067e-01
7.016980000000000439e-01
1.099598000000000075e+00
5.881979999999999986e-01
1.678498000000000046e+00
1.567498000000000058e+00
3.646980000000000222e-01
-7.274019999999999930e-01
-6.153020000000000156e-01
9.885979999999999768e-01
1.367898000000000058e+00
2.272980000000000000e-01
-1.950199999999999850e-02
-2.602019999999999889e-01
-6.695020000000000415e-01
-8.604020000000000001e-01
-1.276502000000000026e+00
-1.509001999999999954e+00
-1.326202000000000103e+00
-9.092019999999999547e-01
-1.945402000000000076e+00
-2.101602000000000192e+00
-2.141201999999999828e+00
2.627298000000000133e+00
2.424097999999999864e+00
-1.668801999999999897e+00
-1.478102000000000027e+00
7.759979999999999656e-01
1.267598000000000003e+00
1.660198000000000063e+00
1.795098000000000082e+00
7.681980000000000475e-01
-9.436020000000000518e-01
-9.950199999999999323e-02
-6.839020000000000099e-01
-1.410701999999999900e+00
-1.500402000000000013e+00
-7.770019999999999705e-01
