1.830408000000000035e+00
2.164108000000000143e+00
2.253607999999999834e+00
1.974607999999999919e+00
1.603907999999999889e+00
1.576608000000000009e+00
2.041208000000000133e+00
2.137108000000000008e+00
1.153308000000000000e+00
1.316508000000000012e+00
-3.066920000000000202e-01
-9.177920000000000522e-01
-2.143692000000000153e+00
-3.334492000000000012e+00
-4.581991999999999621e+00
-4.672892000000000046e+00
-3.516792000000000140e+00
-2.265991999999999784e+00
1.219308000000000058e+00
2.435407999999999795e+00
-8.824920000000000542e-01
-3.289692000000000061e+00
1.161907999999999941e+00
2.914908000000000055e+00
1.999308000000000085e+00
3.155807999999999947e+00
1.438407999999999909e+00
2.166008000000000155e+00
4.271079999999999877e-01
-3.294920000000000071e-01
-8.984919999999999574e-01
-9.219920000000000337e-01
-5.486191999999999958e+00
-5.641492000000000395e+00
-3.595292000000000154e+00
1.520607999999999960e+00
1.229808000000000012e+00
2.689608000000000221e+00
2.375907999999999909e+00
