1.130362000000000089e+00
8.017619999999999747e-01
4.653619999999999979e-01
4.597620000000000040e-01
7.950620000000000465e-01
1.122662999999999967e+00
1.016620000000000024e-01
4.066199999999999676e-02
3.430619999999999781e-01
7.557629999999999626e-01
2.021620000000000084e-01
-9.509379999999999500e-01
-8.265379999999999949e-01
-1.152836999999999890e+00
-1.057037999999999922e+00
-6.405380000000000518e-01
-3.292379999999999751e-01
-4.252380000000000049e-01
1.474463000000000079e+00
8.087619999999999809e-01
1.139361999999999986e+00
-8.453800000000000203e-02
-2.290938000000000141e+00
-2.799380000000000202e-01
8.886199999999999655e-02
1.142562000000000078e+00
-1.476637999999999895e+00
-1.308137000000000105e+00
-5.655379999999999852e-01
-1.993800000000000086e-02
2.366461999999999843e+00
7.534619999999999651e-01
5.638619999999999743e-01
1.062362000000000029e+00
2.137061999999999795e+00
4.014619999999999855e-01
1.204862000000000100e+00
-3.058338000000000001e+00
-2.389737999999999918e+00
-2.505738000000000021e+00
