7.319409999999999528e-01
6.654409999999999492e-01
4.630409999999999804e-01
3.141410000000000036e-01
3.632409999999999806e-01
5.941410000000000302e-01
9.674099999999999366e-02
-6.445900000000000241e-02
-4.258999999999999765e-03
2.104409999999999892e-01
-1.769590000000000052e-01
-1.244590000000000002e-01
-2.494589999999999863e-01
-1.784590000000000065e-01
-2.994589999999999752e-01
-4.964589999999999836e-01
-5.692589999999999595e-01
-4.468590000000000062e-01
6.254410000000000247e-01
8.116409999999999458e-01
-6.319590000000000485e-01
-8.046590000000000131e-01
-5.538589999999999902e-01
4.994099999999999928e-02
-2.341590000000000060e-01
-1.145658999999999983e+00
6.255410000000000137e-01
2.004099999999999979e-02
-2.545899999999999899e-02
-2.352589999999999959e-01
-7.221589999999999954e-01
-5.106589999999999741e-01
9.455409999999999648e-01
8.385409999999999808e-01
7.646410000000000151e-01
9.644409999999999927e-01
-6.710589999999999611e-01
4.218410000000000215e-01
-1.361758999999999942e+00
