-1.214028000000000107e+00
-9.070270000000000277e-01
-4.787270000000000136e-01
-3.773270000000000235e-01
-6.586269999999999625e-01
-1.099328000000000083e+00
2.697300000000000045e-02
-2.122699999999999934e-02
-4.352269999999999750e-01
-1.419928000000000079e+00
-1.046127000000000029e+00
3.455730000000000190e-01
9.031730000000000036e-01
1.145172999999999996e+00
8.244730000000000114e-01
2.654730000000000145e-01
2.437299999999999883e-02
3.655729999999999813e-01
9.697300000000000364e-02
1.693672999999999984e+00
1.954272999999999927e+00
-5.220270000000000188e-01
-8.627270000000000216e-01
3.087730000000000197e-01
-1.343228000000000089e+00
-1.730126999999999970e+00
-8.298269999999999813e-01
-1.367626999999999926e+00
1.162771999999999917e+00
9.936719999999999997e-01
3.057299999999999948e-02
-1.869280000000000108e-01
1.436072000000000015e+00
-2.909280000000000199e-01
2.386372999999999855e+00
2.684972000000000136e+00
1.027671999999999919e+00
-1.279827000000000048e+00
-1.630927999999999933e+00
2.517300000000000093e-02
