-1.158028999999999975e+00
-5.357290000000000108e-01
1.557099999999999977e-02
-1.127289999999999959e-01
-7.214289999999999869e-01
-1.268629000000000007e+00
3.316709999999999936e-01
-9.029000000000000567e-03
-6.541289999999999605e-01
-1.909229000000000065e+00
-4.604289999999999772e-01
3.173710000000000142e-01
2.566709999999999825e-01
5.600709999999999855e-01
9.375710000000000433e-01
1.000871000000000066e+00
6.767710000000000115e-01
1.269970999999999961e+00
1.222471000000000085e+00
8.155710000000000459e-01
-2.209289999999999865e-01
8.374709999999999654e-01
-2.009228999999999932e+00
-2.285928999999999878e+00
-4.629000000000000302e-03
-8.628289999999999571e-01
-4.172900000000000220e-02
4.916710000000000247e-01
1.317871000000000015e+00
1.514270999999999923e+00
2.062710000000000099e-01
1.935570999999999930e+00
-2.072289999999999965e-01
-1.209729000000000054e+00
-3.612900000000000139e-02
