7.580209999999999448e-01
4.354210000000000025e-01
1.154209999999999958e-01
1.233210000000000001e-01
4.461209999999999898e-01
7.725210000000000132e-01
-2.110789999999999889e-01
-2.125789999999999902e-01
1.360210000000000030e-01
4.480210000000000026e-01
1.074020999999999892e+00
4.308210000000000095e-01
1.526210000000000067e-01
1.656209999999999904e-01
6.441210000000000546e-01
5.978210000000000468e-01
5.612099999999999728e-02
-4.400789999999999980e-01
-3.722790000000000266e-01
-3.117899999999999838e-02
4.314209999999999989e-01
-9.498790000000000289e-01
-2.355878999999999834e+00
-4.880789999999999851e-01
-5.212790000000000479e-01
1.508820999999999968e+00
1.344020999999999910e+00
1.865209999999999924e-01
6.585210000000000230e-01
2.801210000000000089e-01
1.107620999999999967e+00
1.006720999999999977e+00
-7.565790000000000015e-01
2.559210000000000096e-01
-1.291789999999999883e-01
1.507220999999999922e+00
-2.718379000000000101e+00
-2.893479000000000134e+00
-2.562978999999999896e+00
