1.318629999999999969e+00
1.846299999999999886e-01
-9.740699999999999914e-01
-1.116470000000000073e+00
1.474300000000000055e-01
1.276429999999999954e+00
1.472299999999999998e-01
2.425429999999999975e+00
3.076300000000000145e-01
5.814300000000000024e-01
5.957299999999999818e-01
1.761300000000000088e-01
-2.405700000000000061e-01
-2.501700000000000035e-01
-1.932169999999999943e+00
-1.963070000000000093e+00
1.026329999999999965e+00
1.048629999999999951e+00
6.398300000000000098e-01
2.048300000000000121e-01
6.972300000000000164e-01
-3.038699999999999735e-01
2.475330000000000030e+00
3.284429999999999961e+00
-4.939700000000000202e-01
1.204329999999999901e+00
9.096300000000000496e-01
-5.627699999999999925e-01
-5.537699999999999845e-01
-2.304269999999999818e+00
-1.330170000000000075e+00
-2.807669999999999888e+00
-2.282669999999999977e+00
-2.871370000000000200e+00
-1.403170000000000028e+00
1.351429999999999909e+00
1.387529999999999930e+00
