9.706329999999999680e-01
6.471329999999999583e-01
6.937330000000000441e-01
1.087733000000000061e+00
1.457133000000000012e+00
1.389833000000000096e+00
1.127432999999999907e+00
1.525832999999999995e+00
1.905032999999999976e+00
1.857032999999999934e+00
2.323932999999999804e+00
2.092330000000000023e-01
-9.119669999999999721e-01
-2.027267000000000152e+00
-1.998866999999999949e+00
-8.962670000000000359e-01
2.098329999999999917e-01
1.690433000000000074e+00
2.391330000000000122e-01
1.205232999999999999e+00
1.423432999999999948e+00
2.461033000000000026e+00
-3.176467000000000152e+00
-3.250967000000000162e+00
-3.104867000000000044e+00
-2.997866999999999837e+00
-1.004466999999999999e+00
6.893299999999999428e-02
8.366329999999999600e-01
1.534532999999999925e+00
2.130132999999999832e+00
2.621132999999999935e+00
3.175032999999999994e+00
-8.966669999999999918e-01
1.087232999999999894e+00
2.476633000000000084e+00
1.600333000000000006e+00
-1.006699999999999956e-02
1.875330000000000052e-01
-4.233166999999999902e+00
-2.492166999999999799e+00
-3.170066999999999968e+00
-3.878766999999999854e+00
-2.108267000000000113e+00
-2.987966999999999818e+00
-1.944670000000000010e-01
2.052329999999999988e-01
9.934330000000000105e-01
