-6.234330000000000149e-01
-4.267329999999999735e-01
-3.286330000000000084e-01
-4.468329999999999802e-01
-6.546330000000000204e-01
-7.157329999999999526e-01
-3.661329999999999862e-01
-4.931329999999999880e-01
-7.098330000000000473e-01
-7.902329999999999632e-01
-8.481330000000000258e-01
1.589669999999999972e-01
6.698669999999999902e-01
1.910466999999999915e+00
2.653666999999999998e+00
2.158466999999999913e+00
9.180669999999999664e-01
-9.451330000000000009e-01
-3.200330000000000119e-01
-1.046932999999999891e+00
-7.867330000000000156e-01
-1.173732999999999915e+00
-2.025329999999999908e-01
-4.235329999999999928e-01
-9.650330000000000297e-01
1.016669999999999935e-01
2.298366999999999827e+00
3.621267000000000014e+00
2.740566999999999975e+00
5.481669999999999598e-01
-4.898330000000000184e-01
-9.767329999999999623e-01
-1.735329999999999928e-01
-3.927329999999999988e-01
-1.573233000000000104e+00
-1.906333000000000055e+00
