2.226693000000000033e+00
1.451492999999999922e+00
9.284930000000000128e-01
1.195292999999999939e+00
1.996092999999999895e+00
2.498593000000000064e+00
6.550930000000000364e-01
9.084929999999999950e-01
1.698493000000000031e+00
2.256393000000000093e+00
1.948992999999999975e+00
7.330929999999999946e-01
5.687929999999999930e-01
2.604929999999999746e-01
1.108930000000000055e-01
2.430930000000000035e-01
5.358929999999999527e-01
6.934930000000000261e-01
3.275692999999999966e+00
1.173092999999999941e+00
1.051929999999999948e-01
4.133930000000000105e-01
-3.876069999999999793e-01
-5.199070000000000080e-01
-6.188069999999999959e-01
-6.649070000000000258e-01
-6.757069999999999466e-01
1.795930000000000026e-01
-1.750607000000000024e+00
-1.681307000000000107e+00
-2.869006999999999863e+00
-2.804006999999999916e+00
-3.949907000000000057e+00
4.462929999999999953e-01
2.380993000000000137e+00
2.721693000000000140e+00
1.529929999999999901e-01
-1.109070000000000056e-01
6.702930000000000277e-01
8.993929999999999980e-01
3.846992999999999885e+00
3.644792999999999950e+00
5.819929999999999826e-01
1.557692999999999994e+00
-6.568070000000000297e-01
4.039929999999999910e-01
-7.416070000000000162e-01
-8.476069999999999993e-01
7.947929999999999717e-01
1.337929999999999953e-01
-1.845007000000000064e+00
-2.663606999999999836e+00
-1.672206999999999999e+00
-7.461069999999999647e-01
-2.873406999999999822e+00
-3.804707000000000061e+00
-2.812707000000000068e+00
-1.877107000000000081e+00
-3.830607000000000095e+00
-3.888406999999999947e+00
