4.662680000000000158e-01
7.883679999999999577e-01
8.401680000000000259e-01
5.433679999999999621e-01
1.988679999999999892e-01
1.774679999999999869e-01
-1.101319999999999938e-01
9.192679999999999740e-01
6.288679999999999826e-01
-6.998320000000000096e-01
-1.730831999999999926e+00
-1.438131999999999966e+00
1.085668000000000077e+00
-1.406320000000000070e-01
-1.130932000000000048e+00
1.956768000000000063e+00
5.994680000000000009e-01
1.013867999999999991e+00
1.055168000000000106e+00
1.919679999999999997e-01
-1.191032000000000091e+00
-1.991231999999999891e+00
-1.418832000000000093e+00
-4.673200000000000270e-02
7.554680000000000284e-01
1.956868000000000052e+00
-2.769432000000000116e+00
-2.260332000000000008e+00
1.335267999999999899e+00
1.055067999999999895e+00
-1.081231999999999971e+00
5.167680000000000051e-01
2.721680000000000210e-01
1.353868000000000071e+00
2.095067999999999930e+00
7.387679999999999803e-01
-1.652531999999999890e+00
-3.063832000000000111e+00
-2.044131999999999838e+00
3.994679999999999898e-01
1.825468000000000091e+00
