5.199999999999999761e-03
-1.839999999999999969e-02
1.328000000000000014e-01
3.199000000000000177e-01
3.688000000000000167e-01
2.083000000000000129e-01
4.754999999999999782e-01
6.734999999999999876e-01
7.207999999999999963e-01
5.637999999999999678e-01
9.116999999999999549e-01
-3.377000000000000002e-01
-4.706000000000000183e-01
-1.735200000000000076e+00
-1.931599999999999984e+00
-8.549999999999999822e-01
4.161000000000000254e-01
6.015000000000000346e-01
1.801999999999999991e-01
-2.109000000000000041e-01
1.804100000000000037e+00
-1.156099999999999905e+00
4.404000000000000137e-01
7.845999999999999641e-01
1.692299999999999915e+00
1.262899999999999912e+00
-1.181100000000000039e+00
-2.594800000000000217e+00
-2.929899999999999949e+00
1.603199999999999958e+00
7.127000000000000002e-01
1.039000000000000062e-01
-2.328999999999999959e-01
-3.280000000000000138e-01
