4.021000000000000268e-02
-8.861900000000000333e-01
-1.434090000000000087e+00
-1.003889999999999949e+00
2.710000000000000169e-03
4.511100000000000110e-01
-1.616589999999999971e+00
-1.257589999999999986e+00
-2.492900000000000116e-01
4.344100000000000183e-01
4.309999999999999595e-03
5.157100000000000017e-01
-4.678999999999999826e-02
1.527100000000000124e-01
-4.082899999999999863e-01
-1.188690000000000024e+00
-1.407189999999999941e+00
-8.381899999999999906e-01
1.370209999999999928e+00
-1.305889999999999995e+00
1.593609999999999971e+00
-1.877189999999999914e+00
1.727610000000000090e+00
-1.826889999999999903e+00
6.867100000000000426e-01
-9.600899999999999990e-01
7.415100000000000025e-01
-2.286900000000000044e-01
-2.009590000000000209e+00
-1.014690000000000092e+00
1.608610000000000095e+00
1.246410000000000018e+00
-2.013389999999999791e+00
-9.009899999999999576e-01
2.404110000000000191e+00
1.262310000000000043e+00
2.061409999999999965e+00
2.451410000000000089e+00
1.482909999999999950e+00
2.236209999999999809e+00
