-5.599469999999999725e-01
5.082529999999999548e-01
1.699252999999999902e+00
1.766253000000000073e+00
7.471529999999999561e-01
-4.842469999999999830e-01
3.223152999999999935e+00
2.547152999999999778e+00
1.226652999999999993e+00
4.192529999999999868e-01
-1.656846999999999959e+00
3.566529999999999978e-01
-1.317470000000000030e-01
3.573952999999999935e+00
-2.086469999999999991e-01
-3.228469999999999951e-01
-4.052470000000000239e-01
-3.232470000000000065e-01
-2.372470000000000134e-01
-1.793470000000000064e-01
-2.062470000000000137e-01
-1.319470000000000087e-01
-3.957470000000000154e-01
9.179530000000000189e-01
-4.953469999999999818e-01
-1.867547000000000068e+00
-5.774470000000000436e-01
1.084452999999999889e+00
-3.953470000000000040e-01
-1.794346999999999914e+00
-2.483747000000000149e+00
1.137453000000000047e+00
-5.384470000000000089e-01
-3.810470000000000246e-01
-7.994700000000000417e-02
-1.350470000000000004e-01
-1.004647000000000068e+00
8.012529999999999930e-01
8.226529999999999676e-01
1.560453000000000090e+00
1.375253000000000059e+00
-1.898347000000000007e+00
-2.446247000000000060e+00
-2.315147000000000066e+00
-1.473046999999999995e+00
-8.537470000000000336e-01
2.155529999999999946e-01
