1.267579999999999929e+00
4.635799999999999921e-01
-3.200200000000000267e-01
-3.001199999999999979e-01
4.953799999999999870e-01
1.286980000000000013e+00
-1.131920000000000037e+00
-1.217919999999999892e+00
-4.562200000000000144e-01
3.992800000000000238e-01
2.184779999999999944e+00
4.428799999999999959e-01
1.150579999999999936e+00
2.320800000000000085e-01
6.668000000000000316e-02
1.205680000000000085e+00
1.123080000000000078e+00
-1.245200000000000057e-01
-1.276319999999999899e+00
-1.196220000000000061e+00
-2.303020000000000067e+00
-3.586520000000000152e+00
2.325880000000000170e+00
2.289079999999999782e+00
-5.881199999999999761e-01
-1.740820000000000034e+00
-1.879219999999999891e+00
-5.341200000000000392e-01
2.993980000000000086e+00
1.779479999999999951e+00
-1.541200000000000070e-01
1.033679999999999932e+00
1.688579999999999970e+00
1.932979999999999920e+00
2.197880000000000056e+00
-2.460199999999999887e-01
-2.228920000000000012e+00
-4.336120000000000196e+00
-3.773120000000000029e+00
-3.699520000000000142e+00
3.320479999999999876e+00
1.857580000000000009e+00
1.749279999999999946e+00
-1.505319999999999991e+00
-8.496200000000000419e-01
-3.962000000000000244e-02
