4.656489999999999796e+00
4.698290000000000077e+00
3.588290000000000202e+00
2.344390000000000196e+00
2.252990000000000048e+00
1.067690000000000028e+00
1.637289999999999912e+00
3.012090000000000156e+00
3.332790000000000141e+00
2.780190000000000161e+00
3.827789999999999804e+00
1.333490000000000064e+00
1.541789999999999994e+00
5.640990000000000393e+00
-5.354100000000000525e-01
-1.718609999999999971e+00
-2.972210000000000019e+00
-3.034510000000000041e+00
-1.866409999999999902e+00
-6.220099999999999518e-01
-1.919610000000000039e+00
-2.049609999999999932e+00
-4.254109999999999836e+00
-4.620409999999999684e+00
-4.175010000000000332e+00
-4.139610000000000234e+00
2.985590000000000188e+00
2.248999999999999957e-02
8.174900000000000500e-01
5.580989999999999895e+00
3.888900000000000134e-01
5.343900000000000317e-01
3.070889999999999898e+00
3.688689999999999802e+00
-1.632409999999999917e+00
2.843899999999999761e-01
-2.114209999999999923e+00
-2.964109999999999800e+00
-1.172809999999999908e+00
-5.571810000000000151e+00
-3.875809999999999977e+00
-4.764210000000000278e+00
-5.172609999999999708e+00
-3.616210000000000147e+00
-3.694809999999999928e+00
2.214189999999999880e+00
3.913489999999999913e+00
-1.468099999999999961e-01
-6.027099999999999680e-01
1.327090000000000103e+00
6.928900000000000059e-01
