1.395297000000000009e+00
1.783497000000000110e+00
1.822597000000000023e+00
1.441397000000000039e+00
1.016796999999999951e+00
1.031997000000000053e+00
1.455797000000000008e+00
1.065797000000000105e+00
6.636969999999999814e-01
6.338970000000000438e-01
5.894970000000000487e-01
2.162596999999999881e+00
2.554969999999999741e-01
-4.519029999999999991e-01
-1.146803000000000017e+00
-1.842503000000000002e+00
-1.864503000000000021e+00
-1.184903000000000040e+00
-4.904029999999999778e-01
-2.577903000000000056e+00
-2.622803000000000218e+00
1.772197000000000022e+00
1.078896999999999995e+00
7.029969999999999830e-01
6.632970000000000255e-01
2.460196999999999967e+00
2.142996999999999819e+00
6.855970000000000120e-01
-1.175402999999999976e+00
-2.372902999999999984e+00
-1.169802999999999926e+00
3.009699999999999875e-02
-3.223803000000000196e+00
-3.110103000000000062e+00
-1.620902999999999983e+00
