-1.967804000000000109e+00
-1.894703999999999944e+00
-1.995903999999999900e+00
-2.197404000000000135e+00
-2.246404000000000067e+00
-2.408904000000000156e+00
-2.041303999999999785e+00
-2.214204000000000061e+00
-2.129404000000000075e+00
-1.971603999999999912e+00
-1.891504000000000074e+00
-2.310404000000000124e+00
-2.171603999999999868e+00
4.966960000000000264e-01
1.158995999999999915e+00
2.202496000000000009e+00
2.639895999999999798e+00
1.989495999999999931e+00
9.354959999999999942e-01
2.459696000000000105e+00
1.698895999999999962e+00
3.665896000000000043e+00
4.920595999999999748e+00
2.828396000000000132e+00
2.189896000000000065e+00
-1.845404000000000044e+00
-2.526104000000000127e+00
-6.773040000000000171e-01
-1.879204000000000097e+00
-1.824704000000000104e+00
-3.465904000000000096e+00
-1.493203999999999976e+00
-3.218404000000000043e+00
8.584960000000000369e-01
4.337960000000000149e-01
2.152095999999999787e+00
6.655959999999999654e-01
1.740196000000000076e+00
5.705695999999999657e+00
4.963796000000000319e+00
5.115596000000000032e+00
2.724896000000000207e+00
1.148695999999999939e+00
2.241995999999999878e+00
-1.908204000000000011e+00
-1.698803999999999981e+00
-2.553404000000000007e+00
-3.241204000000000196e+00
-6.439040000000000319e-01
-5.204039999999999777e-01
