-9.582500000000000462e-01
-7.057499999999999885e-01
1.027499999999999941e-01
7.021500000000000519e-01
5.247500000000000497e-01
-3.582500000000000129e-01
1.541649999999999965e+00
2.224849999999999994e+00
2.066949999999999843e+00
1.222849999999999993e+00
-6.686499999999999666e-01
-1.310149999999999926e+00
1.117850000000000010e+00
4.984500000000000042e-01
-2.228499999999999925e-01
-1.312349999999999905e+00
-1.989849999999999897e+00
-1.590149999999999952e+00
-5.161499999999999977e-01
1.620499999999999996e-01
1.674949999999999939e+00
2.875849999999999795e+00
2.603749999999999787e+00
1.240499999999999936e-01
-1.095949999999999980e+00
-1.135950000000000015e+00
-1.928449999999999998e+00
1.623850000000000016e+00
5.349500000000000366e-01
-1.649550000000000072e+00
-2.833450000000000024e+00
-2.119050000000000100e+00
-2.055500000000000105e-01
9.986500000000000377e-01
