-1.484880000000000089e-01
8.161200000000000399e-02
5.294119999999999937e-01
7.570120000000000182e-01
5.534120000000000150e-01
1.043120000000000019e-01
1.209711999999999898e+00
1.464412000000000047e+00
1.269611999999999963e+00
8.018119999999999692e-01
1.530211999999999906e+00
3.930119999999999725e-01
3.260120000000000240e-01
1.390411999999999981e+00
1.353012000000000103e+00
2.468120000000000036e-01
-8.328879999999999617e-01
-8.089880000000000404e-01
-1.721880000000000077e-01
-1.550880000000000036e-01
-1.935388000000000108e+00
-3.025688000000000155e+00
-3.025688000000000155e+00
-1.936088000000000031e+00
1.369312000000000085e+00
1.812111999999999945e+00
6.240120000000000111e-01
2.440611999999999782e+00
1.712812000000000001e+00
-4.294879999999999809e-01
2.278912000000000049e+00
2.190812000000000204e+00
2.386119999999999908e-01
4.474119999999999764e-01
-4.942880000000000051e-01
1.301199999999999926e-02
-4.915880000000000249e-01
-1.952887999999999957e+00
-3.871087999999999862e+00
-3.872187999999999963e+00
-1.986388000000000043e+00
