-1.029436999999999935e+00
-4.306369999999999920e-01
9.426299999999999957e-02
-3.573699999999999793e-02
-6.226369999999999960e-01
-1.142536999999999914e+00
3.849629999999999996e-01
5.116300000000000014e-02
-5.657370000000000454e-01
-1.759036999999999962e+00
-3.520369999999999888e-01
3.545630000000000170e-01
2.364630000000000065e-01
5.113630000000000120e-01
9.181629999999999514e-01
1.041563000000000017e+00
7.445629999999999749e-01
9.385630000000000361e-01
-5.463699999999999807e-02
3.484630000000000227e-01
6.026629999999999487e-01
8.708630000000000537e-01
-1.860937000000000063e+00
-2.115937000000000179e+00
8.626300000000000634e-02
-7.340370000000000505e-01
-8.853700000000000458e-02
1.154762999999999984e+00
1.384263000000000021e+00
-4.736999999999999891e-03
-1.063736999999999933e+00
1.506629999999999914e-01
4.201630000000000087e-01
1.647863000000000078e+00
-8.123700000000000365e-02
