3.331479999999999997e-01
3.816479999999999873e-01
6.930479999999999974e-01
9.658480000000000398e-01
9.513479999999999714e-01
6.117479999999999585e-01
1.314048000000000105e+00
1.525848000000000093e+00
1.313747999999999916e+00
1.464847999999999928e+00
5.387480000000000047e-01
8.674800000000000566e-02
6.699479999999999880e-01
7.332480000000000109e-01
1.084800000000000000e-02
1.121479999999999977e-01
9.263479999999999492e-01
1.650147999999999948e+00
1.558948000000000000e+00
-8.126520000000000410e-01
-1.517951999999999968e+00
-1.408652000000000015e+00
-5.943519999999999914e-01
-2.327452000000000076e+00
-3.019251999999999825e+00
-2.911452000000000151e+00
-2.111352000000000118e+00
1.815247999999999973e+00
2.528748000000000218e+00
1.207047999999999899e+00
7.064479999999999649e-01
2.768479999999999830e-01
1.101479999999999959e-01
-1.522519999999999984e-01
-1.052519999999999983e-01
1.013347999999999915e+00
2.287948000000000093e+00
2.142948000000000075e+00
-9.093520000000000492e-01
-5.055520000000000014e-01
-2.425152000000000196e+00
-3.641951999999999856e+00
-3.449851999999999919e+00
-2.038651999999999909e+00
