1.100387999999999922e+00
8.793879999999999475e-01
3.536880000000000024e-01
2.638800000000000173e-02
2.076880000000000115e-01
7.762879999999999781e-01
-5.294119999999999937e-01
-8.848120000000000429e-01
-6.690120000000000511e-01
-1.302119999999999944e-01
-1.050211999999999923e+00
1.019879999999999953e-01
-7.112000000000000266e-03
-1.244712000000000041e+00
-1.357612000000000041e+00
-2.203120000000000078e-01
1.023887999999999909e+00
1.122287999999999952e+00
9.787879999999999914e-01
1.208787999999999974e+00
-2.734119999999999884e-01
7.858880000000000310e-01
1.337388000000000021e+00
-1.633212000000000108e+00
-1.550912000000000068e+00
-2.491611999999999938e+00
-2.285111999999999810e+00
-6.943120000000000402e-01
-1.318912000000000084e+00
-1.757511999999999963e+00
-1.586111999999999966e+00
-2.168012000000000050e+00
-2.356711999999999918e+00
1.938687999999999967e+00
2.118288000000000171e+00
1.151388000000000078e+00
1.433287999999999895e+00
1.051088000000000022e+00
1.609488000000000030e+00
2.084687999999999874e+00
1.752088000000000090e+00
1.167388000000000092e+00
