6.984740000000000393e-01
8.357740000000000169e-01
9.144740000000000091e-01
8.353739999999999499e-01
6.906740000000000101e-01
6.282739999999999991e-01
8.889740000000000419e-01
7.740740000000000398e-01
6.463740000000000041e-01
4.790739999999999998e-01
5.026739999999999542e-01
9.006739999999999746e-01
2.071473999999999815e+00
1.515773999999999955e+00
8.878740000000000521e-01
4.544739999999999891e-01
6.928739999999999899e-01
1.334673999999999916e+00
1.744173999999999891e+00
-1.157326000000000077e+00
-2.221626000000000101e+00
-3.228425999999999796e+00
-3.180025999999999797e+00
-2.129325999999999830e+00
-1.120625999999999900e+00
-1.500259999999999927e-01
7.956739999999999924e-01
-2.750259999999999927e-01
1.288739999999999886e-01
5.252740000000000187e-01
4.901739999999999986e-01
1.002474000000000087e+00
8.436740000000000350e-01
7.448740000000000361e-01
3.778739999999999877e-01
1.518474000000000101e+00
2.243774000000000157e+00
-2.279726000000000141e+00
-4.055325999999999986e+00
-3.967125999999999930e+00
-2.097625999999999991e+00
-3.051260000000000083e-01
