7.081680000000000197e-01
7.914679999999999493e-01
5.732679999999999998e-01
2.469679999999999931e-01
1.274679999999999980e-01
3.921680000000000166e-01
2.626799999999999968e-02
-3.120319999999999760e-01
-4.278319999999999901e-01
-2.089320000000000066e-01
2.691680000000000184e-01
1.120068000000000064e+00
-8.164320000000000466e-01
-2.191431999999999825e+00
-4.925320000000000253e-01
4.486680000000000113e-01
5.131679999999999575e-01
1.190768000000000049e+00
1.289968000000000004e+00
-1.978320000000000078e-01
-6.799319999999999808e-01
-2.370632000000000073e+00
