9.170150000000000245e-01
8.793149999999999578e-01
6.745149999999999757e-01
4.919149999999999912e-01
5.085150000000000503e-01
7.456150000000000277e-01
2.711149999999999949e-01
7.591499999999999637e-02
1.047150000000000025e-01
3.217149999999999732e-01
-1.041849999999999998e-01
-9.198499999999999732e-02
-2.545850000000000057e-01
-2.214849999999999874e-01
-3.822849999999999859e-01
-5.828849999999999865e-01
-6.206850000000000422e-01
-4.561850000000000072e-01
7.480149999999999855e-01
1.059714999999999963e+00
-7.466850000000000431e-01
-9.455850000000000088e-01
-9.831849999999999756e-01
-8.219849999999999657e-01
2.488150000000000084e-01
-9.548500000000000043e-02
-1.068885000000000085e+00
6.997149999999999759e-01
5.741500000000000076e-02
-6.768499999999999517e-02
-3.486850000000000227e-01
-4.886849999999999805e-01
1.043614999999999959e+00
9.672150000000000469e-01
1.035015000000000018e+00
1.215915000000000079e+00
-7.202849999999999531e-01
-1.071085000000000065e+00
-1.138284999999999991e+00
-8.549849999999999950e-01
