-4.327739999999999920e-01
-5.898740000000000094e-01
-5.252740000000000187e-01
-2.868740000000000179e-01
-9.637400000000000133e-02
-1.789739999999999942e-01
-2.295740000000000003e-01
1.432600000000000019e-02
2.096260000000000068e-01
1.566259999999999875e-01
-8.147400000000000475e-02
-8.355740000000000389e-01
3.574260000000000215e-01
4.810260000000000091e-01
5.846259999999999790e-01
-5.173740000000000006e-01
7.214260000000000117e-01
1.655126000000000097e+00
-3.780740000000000212e-01
5.502599999999999852e-02
4.065259999999999985e-01
5.010259999999999714e-01
-1.258740000000000137e-01
-9.600739999999999830e-01
-8.921740000000000226e-01
-3.998740000000000072e-01
1.387426000000000048e+00
