1.030224000000000029e+00
5.890239999999999920e-01
-1.806760000000000033e-01
-5.318760000000000154e-01
-1.368759999999999977e-01
6.755240000000000133e-01
-1.337676000000000087e+00
-1.728175999999999934e+00
-1.293476000000000070e+00
-5.041759999999999575e-01
-1.694175999999999904e+00
-6.044760000000000133e-01
-5.734759999999999858e-01
-1.762475999999999932e+00
-1.743176000000000059e+00
-5.313759999999999595e-01
6.654240000000000155e-01
6.573240000000000194e-01
1.117024000000000017e+00
9.435240000000000293e-01
1.794024000000000063e+00
3.047223999999999933e+00
-1.565759999999999930e-01
-1.674576000000000064e+00
-2.358776000000000206e+00
-1.973476000000000008e+00
-2.588875999999999955e+00
-2.729776000000000202e+00
-2.677475999999999967e+00
-5.149759999999999893e-01
1.588324000000000069e+00
1.248623999999999956e+00
1.737824000000000035e+00
6.214239999999999764e-01
1.522923999999999944e+00
3.833023999999999987e+00
3.124623999999999846e+00
3.212823999999999902e+00
7.339240000000000208e-01
-9.509760000000000435e-01
1.047239999999999976e-01
