1.019047999999999954e+00
1.022747999999999990e+00
7.342480000000000118e-01
4.241480000000000250e-01
3.791479999999999850e-01
7.033479999999999732e-01
9.314799999999999469e-02
-1.705520000000000092e-01
-1.485200000000000062e-02
-2.432519999999999960e-01
7.247479999999999478e-01
1.354648000000000074e+00
1.336147999999999891e+00
8.448480000000000434e-01
-3.444519999999999804e-01
-6.919520000000000115e-01
1.674480000000000135e-01
1.353747999999999951e+00
1.695748000000000033e+00
-6.701519999999999699e-01
-1.601519999999999888e-01
-7.471520000000000383e-01
-1.827051999999999898e+00
-2.319551999999999836e+00
-1.736051999999999929e+00
-1.202519999999999978e-01
-4.573519999999999808e-01
-7.006520000000000525e-01
-9.356520000000000392e-01
5.428479999999999972e-01
9.850480000000000347e-01
1.393647999999999998e+00
1.596047999999999911e+00
-1.019851999999999981e+00
-1.636052000000000062e+00
2.018047999999999842e+00
2.630047999999999941e+00
6.934479999999999533e-01
-3.609519999999999951e-01
-2.281152000000000069e+00
-3.157951999999999870e+00
-2.117252000000000134e+00
