-8.533180000000000209e-01
-4.830180000000000029e-01
5.948200000000000015e-02
2.466820000000000124e-01
-1.004179999999999934e-01
-6.650179999999999980e-01
8.045820000000000194e-01
1.061981999999999982e+00
7.793820000000000192e-01
1.623819999999999986e-01
1.150681999999999983e+00
-2.741800000000000140e-02
-5.071799999999999919e-02
-1.306418000000000079e+00
-1.470617999999999981e+00
-3.567179999999999795e-01
9.050820000000000531e-01
1.070681999999999912e+00
-1.067317999999999989e+00
-6.687180000000000346e-01
-2.153180000000000094e-01
-2.757318000000000158e+00
-2.978018000000000054e+00
2.293982000000000188e+00
3.454781999999999798e+00
4.633481999999999879e+00
-4.458917999999999715e+00
1.523781999999999970e+00
1.879982000000000042e+00
1.646482000000000001e+00
-9.164179999999999549e-01
-2.190218000000000220e+00
-4.245180000000000065e-01
1.745581999999999967e+00
-3.167179999999999995e-01
-1.851917999999999953e+00
-3.856180000000000163e-01
-1.067617999999999956e+00
3.498820000000000263e-01
-1.290918000000000010e+00
-9.218000000000000499e-03
-2.409018000000000104e+00
-2.689617999999999842e+00
3.638882000000000172e+00
3.336482000000000170e+00
5.557082000000000299e+00
4.460481999999999836e+00
4.763881999999999728e+00
-4.683417999999999637e+00
-5.056718000000000046e+00
-4.774517999999999596e+00
