-1.944239999999999968e+00
-1.869639999999999969e+00
-1.214539999999999953e+00
-6.117399999999999505e-01
-6.147399999999999531e-01
-1.344640000000000057e+00
1.281599999999999961e-01
6.122600000000000264e-01
1.552600000000000091e-01
-1.423740000000000006e+00
-2.518339999999999801e+00
2.078599999999999892e-01
1.460059999999999913e+00
8.323599999999999888e-01
1.015160000000000062e+00
5.819600000000000328e-01
-4.143999999999999767e-02
-2.206400000000000028e-01
4.327599999999999780e-01
-1.924000000000000016e-02
1.245659999999999989e+00
1.660560000000000036e+00
-5.142400000000000304e-01
-3.174399999999999999e-01
-2.466040000000000010e+00
2.941599999999999770e-01
-2.497440000000000104e+00
-3.036140000000000061e+00
2.269760000000000222e+00
8.574600000000000000e-01
1.913159999999999972e+00
1.502660000000000107e+00
7.509599999999999609e-01
-7.077400000000000357e-01
1.518359999999999932e+00
-4.014000000000000207e-02
-5.137399999999999745e-01
1.835460000000000091e+00
8.783600000000000296e-01
2.603159999999999918e+00
-7.484399999999999942e-01
7.490599999999999481e-01
-8.403399999999999759e-01
