5.108439999999999648e-01
2.719440000000000190e-01
3.475440000000000196e-01
6.767440000000000122e-01
9.502439999999999776e-01
8.653440000000000021e-01
7.438439999999999497e-01
1.070943999999999896e+00
1.348943999999999921e+00
1.277344000000000035e+00
1.672344000000000053e+00
-7.185559999999999725e-01
-1.892756000000000105e+00
-3.095756000000000174e+00
-3.134155999999999942e+00
-1.971756000000000064e+00
-7.670559999999999601e-01
1.078243999999999980e+00
-7.465600000000000014e-02
4.573439999999999728e-01
5.903439999999999799e-01
1.631944000000000061e+00
5.305440000000000156e-01
1.100843999999999934e+00
1.470244000000000106e+00
2.073944000000000010e+00
2.420443999999999818e+00
-1.891256000000000048e+00
-4.004756000000000427e+00
-4.072855999999999810e+00
-2.002355999999999803e+00
1.314440000000000053e-01
1.826543999999999945e+00
9.844439999999999857e-01
-2.631560000000000010e-01
-1.433560000000000112e-01
