4.404469999999999774e-01
3.572469999999999812e-01
4.951470000000000038e-01
7.258470000000000200e-01
8.303469999999999462e-01
6.636469999999999869e-01
8.638470000000000315e-01
1.096246999999999971e+00
1.199246999999999952e+00
1.072646999999999906e+00
7.957469999999999821e-01
1.174469999999999958e-01
1.198547000000000029e+00
-7.275299999999999823e-02
-2.746529999999999805e-01
7.540470000000000228e-01
5.067469999999999475e-01
-7.919530000000000181e-01
-1.826252999999999904e+00
-1.556853000000000042e+00
1.446147000000000071e+00
2.742646999999999835e+00
-3.043053000000000008e+00
-4.070153000000000354e+00
-1.037252999999999981e+00
-1.475352999999999914e+00
7.874470000000000081e-01
1.194047000000000081e+00
1.378746999999999945e+00
1.757846999999999937e+00
2.295470000000000010e-01
4.454700000000000326e-02
-2.553000000000000148e-03
1.511746999999999952e+00
1.995846999999999927e+00
-8.964530000000000554e-01
1.757247000000000003e+00
-2.340752999999999862e+00
3.333346999999999838e+00
2.693147000000000180e+00
3.244546999999999848e+00
-4.943052999999999919e+00
-3.765652999999999917e+00
-4.362453000000000358e+00
-1.594252999999999920e+00
-2.444153000000000020e+00
-7.364530000000000243e-01
