2.883309000000000122e+00
2.832009000000000221e+00
2.356508999999999965e+00
1.882009000000000043e+00
1.876908999999999939e+00
2.432008999999999865e+00
1.293609000000000009e+00
9.947089999999999543e-01
4.962090000000000112e-01
1.366908999999999930e+00
-9.488910000000000400e-01
-1.552891000000000021e+00
2.490508999999999862e+00
3.300508999999999915e+00
-1.471791000000000071e+00
-2.014390999999999821e+00
-2.670790999999999915e+00
-2.778591000000000033e+00
-2.226090999999999820e+00
-2.284291000000000071e+00
-2.976391000000000009e+00
-1.980890999999999957e+00
-1.177991000000000010e+00
3.820089999999999875e-01
1.990609000000000073e+00
3.233090000000000130e-01
1.930709000000000009e+00
2.244308999999999887e+00
8.653089999999999948e-01
-1.471090999999999926e+00
-1.202390999999999988e+00
2.720708999999999822e+00
2.908109000000000055e+00
3.279609000000000218e+00
3.672808999999999990e+00
-9.799909999999999455e-01
-3.106891000000000069e+00
-3.301791000000000142e+00
-2.933891000000000027e+00
-4.030890999999999558e+00
-2.488691000000000209e+00
-1.198091000000000017e+00
-1.589291000000000009e+00
-1.366910000000000069e-01
