-1.300335000000000019e+00
-1.383135000000000003e+00
-1.193135000000000057e+00
-8.973349999999999937e-01
-7.807349999999999568e-01
-9.982349999999999834e-01
-6.453349999999999920e-01
-3.833349999999999813e-01
-4.620349999999999735e-01
-9.203350000000000142e-01
-1.688635000000000108e+00
-6.103499999999999898e-02
-5.113499999999999990e-02
2.644650000000000056e-01
5.794650000000000079e-01
5.658649999999999514e-01
2.510649999999999826e-01
9.109650000000000247e-01
1.825865000000000071e+00
2.140064999999999884e+00
1.544065000000000021e+00
6.355650000000000466e-01
3.229650000000000021e-01
-6.478350000000000497e-01
-6.963350000000000373e-01
-1.085634999999999906e+00
-1.759134999999999893e+00
-1.837134999999999962e+00
-2.901349999999999763e-01
2.488650000000000029e-01
8.127649999999999597e-01
2.564649999999999985e-01
2.315964999999999829e+00
2.853464999999999918e+00
1.787465000000000082e+00
1.654650000000000010e-01
-3.998349999999999960e-01
