-1.895000000000000018e-01
2.195000000000000007e-01
8.826000000000000512e-01
1.095099999999999962e+00
6.973000000000000309e-01
4.880000000000000310e-02
1.961100000000000065e+00
1.807900000000000063e+00
1.055099999999999927e+00
6.753000000000000114e-01
-3.509999999999999787e-01
-6.069999999999999701e-02
4.143999999999999906e-01
2.634700000000000042e+00
8.580000000000000127e-02
-1.184999999999999942e-01
-4.601000000000000090e-01
-5.484999999999999876e-01
-3.741999999999999771e-01
-6.180000000000000077e-02
-5.268000000000000460e-01
-3.050999999999999823e-01
-8.713999999999999524e-01
3.220999999999999974e-01
-6.360000000000000098e-01
-2.021300000000000097e+00
1.471999999999999975e+00
-2.461000000000000132e-01
-7.389999999999999347e-02
-7.733999999999999764e-01
2.320000000000000118e-01
-5.694000000000000172e-01
5.565999999999999837e-01
-2.390000000000000110e-02
8.089999999999999969e-02
-4.401999999999999802e-01
-1.037500000000000089e+00
7.198999999999999844e-01
2.759999999999999953e-02
9.782999999999999474e-01
8.569999999999999840e-01
-2.116699999999999804e+00
-2.390699999999999825e+00
-2.627299999999999969e+00
