-6.009780000000000122e-01
2.097219999999999918e-01
1.031022000000000105e+00
1.038421999999999956e+00
2.347219999999999862e-01
-5.717780000000000085e-01
1.863121999999999945e+00
1.900722000000000023e+00
1.141721999999999904e+00
2.941219999999999946e-01
1.228922000000000070e+00
1.812219999999999942e-01
-1.422779999999999878e-01
-4.557800000000000046e-02
-3.696780000000000066e-01
-7.456779999999999520e-01
-8.763779999999999903e-01
-5.755780000000000340e-01
-1.448277999999999954e+00
1.966219999999999912e-01
-1.296178000000000052e+00
-1.386678000000000077e+00
-1.052977999999999970e+00
1.299220000000000097e-01
-2.408780000000000088e-01
-1.491077999999999903e+00
2.478622000000000103e+00
2.594322000000000017e+00
-3.284779999999999922e-01
5.082219999999999516e-01
-7.668779999999999486e-01
2.780219999999999914e-01
-6.600780000000000536e-01
-1.146978000000000053e+00
-1.988277999999999990e+00
7.985219999999999541e-01
-4.176779999999999937e-01
-1.708877999999999897e+00
-2.138177999999999912e+00
-4.105779999999999985e-01
-1.530779999999999919e-01
5.582219999999999960e-01
8.747219999999999995e-01
-1.351977999999999902e+00
-1.798677999999999999e+00
-2.272877999999999954e+00
3.349921999999999844e+00
2.548522000000000176e+00
2.547222000000000097e+00
