-1.924249000000000098e+00
-2.186948999999999810e+00
-2.159448999999999952e+00
-1.854149000000000047e+00
-1.557649000000000061e+00
-1.593348999999999904e+00
-1.834448999999999996e+00
-1.531449000000000060e+00
-1.235748999999999986e+00
-1.255948999999999982e+00
-9.322489999999999943e-01
4.152509999999999812e-01
1.640350999999999893e+00
2.832151000000000085e+00
2.810051000000000077e+00
1.608050999999999897e+00
4.113510000000000222e-01
-1.354748999999999981e+00
-2.507349000000000050e+00
3.934651000000000121e+00
5.163051000000000279e+00
-8.566489999999999938e-01
-7.987490000000000423e-01
-8.368489999999999540e-01
-2.062949000000000144e+00
-1.535849000000000020e+00
-1.038148999999999988e+00
-7.278489999999999682e-01
1.662951000000000068e+00
3.709651000000000032e+00
1.649251000000000023e+00
-6.155490000000000128e-01
-1.415848999999999913e+00
-2.716448999999999891e+00
-2.541748999999999814e+00
5.930350999999999928e+00
5.474250999999999756e+00
5.090550999999999604e+00
-8.657489999999999908e-01
-1.759349000000000052e+00
-1.870948999999999973e+00
-5.450490000000000057e-01
-2.164490000000000025e-01
