7.288120000000000154e-01
4.141119999999999801e-01
-5.958800000000000208e-02
-2.379880000000000051e-01
6.381199999999999373e-02
5.686120000000000063e-01
-1.348880000000000079e-01
8.861120000000000108e-01
6.660129999999999661e-01
-5.422879999999999923e-01
-1.557787999999999951e+00
-1.355688000000000004e+00
5.846120000000000205e-01
8.715129999999999821e-01
-8.445880000000000054e-01
1.740412000000000070e+00
1.649412000000000100e+00
2.702412999999999954e+00
-1.068387999999999893e+00
-7.909869999999999957e-01
1.843612000000000029e+00
-2.514587000000000128e+00
-2.165586999999999929e+00
3.527120000000000255e-01
9.397119999999999918e-01
1.251311999999999980e+00
1.239111999999999991e+00
-1.462188000000000043e+00
-1.807188000000000017e+00
-1.550880000000000036e-01
-7.708800000000000374e-02
-1.728388000000000035e+00
