1.010796999999999946e+00
3.853969999999999896e-01
-7.630299999999999583e-02
1.019970000000000043e-01
7.377970000000000361e-01
1.167596999999999996e+00
-3.629029999999999756e-01
-2.046030000000000071e-01
4.204970000000000097e-01
9.017969999999999597e-01
1.865396999999999972e+00
2.086969999999999936e-01
6.179970000000000185e-01
-2.396030000000000104e-01
-7.620029999999999859e-01
-2.144203000000000081e+00
1.666496999999999895e+00
2.116896999999999807e+00
-2.610029999999999850e-01
5.492970000000000352e-01
4.071969999999999756e-01
1.675796999999999981e+00
-8.400299999999999434e-02
1.459700000000000060e-02
-1.304302999999999990e+00
-8.343030000000000168e-01
-7.060299999999999909e-02
-2.534403000000000183e+00
-2.122402999999999818e+00
-2.847602999999999884e+00
