-1.157928999999999986e+00
-1.458428999999999975e+00
-1.817228999999999983e+00
-1.929829000000000017e+00
-1.615928999999999949e+00
-1.218828999999999940e+00
-2.300228999999999857e+00
-2.443629000000000051e+00
-2.144629000000000119e+00
-1.735128999999999921e+00
-9.020289999999999697e-01
-1.368228999999999917e+00
-2.796129000000000087e+00
-2.193829000000000029e+00
-1.836028999999999911e+00
-1.524729000000000001e+00
-1.793828999999999896e+00
-4.725289999999999768e-01
6.305709999999999926e-01
1.815771000000000024e+00
1.939870999999999901e+00
8.344709999999999628e-01
-3.492290000000000116e-01
8.270710000000000006e-01
1.280070999999999959e+00
3.135070999999999941e+00
3.946571000000000051e+00
2.879970999999999837e+00
2.898171000000000053e+00
-9.041289999999999605e-01
-6.393290000000000362e-01
-1.575728999999999935e+00
-1.091328999999999994e+00
-2.464529000000000192e+00
-4.894290000000000029e-01
-2.225128999999999913e+00
-1.999128999999999934e+00
-2.591129000000000016e+00
5.821709999999999940e-01
-1.194328999999999974e+00
7.758709999999999773e-01
1.031471000000000027e+00
2.355770999999999837e+00
4.888071000000000055e+00
4.178170999999999857e+00
3.465371000000000201e+00
3.746071000000000151e+00
3.038670999999999900e+00
1.983271000000000006e+00
