-5.629440000000000000e-01
-1.219543999999999961e+00
-1.263444000000000011e+00
-6.128440000000000554e-01
1.209559999999999941e-01
9.675599999999999479e-02
-7.123439999999999772e-01
-8.594400000000000650e-02
6.741559999999999775e-01
7.827560000000000073e-01
1.184855999999999909e+00
8.245600000000000152e-02
2.605599999999999930e-02
-1.048043999999999976e+00
-2.105544000000000082e+00
-2.063543999999999823e+00
-9.850440000000000307e-01
7.537559999999999816e-01
-1.889143999999999934e+00
-3.321143999999999874e+00
-3.435944000000000109e+00
1.589555999999999969e+00
2.141856000000000204e+00
2.189455999999999847e+00
1.358456000000000108e+00
-9.908439999999999470e-01
-2.321439999999999892e-01
8.282559999999999922e-01
-1.023743999999999987e+00
1.768056000000000072e+00
4.042560000000000042e-01
-2.396144000000000052e+00
-1.869744000000000073e+00
2.427956000000000003e+00
9.520560000000000134e-01
2.028156000000000070e+00
2.921555999999999820e+00
2.435055999999999887e+00
1.051655999999999924e+00
