-5.624479999999999480e-01
-4.239479999999999915e-01
-1.098480000000000012e-01
7.675200000000000078e-02
-3.474800000000000111e-02
-3.560479999999999756e-01
4.010520000000000196e-01
6.066519999999999690e-01
4.872520000000000184e-01
1.628519999999999968e-01
6.891519999999999868e-01
-4.712480000000000002e-01
-5.645480000000000498e-01
-1.745948000000000055e+00
-1.894547999999999899e+00
-8.433479999999999865e-01
3.470520000000000271e-01
4.770519999999999761e-01
-5.534480000000000510e-01
-6.150480000000000391e-01
1.305752000000000024e+00
2.521452000000000027e+00
-1.015648000000000106e+00
-7.464480000000000004e-01
4.971519999999999828e-01
8.536519999999999664e-01
1.592851999999999935e+00
8.553520000000000012e-01
-1.302348000000000061e+00
-2.574647999999999826e+00
-2.827348000000000194e+00
1.397151999999999950e+00
-3.784799999999999970e-02
-7.404479999999999951e-01
-5.125480000000000036e-01
-8.497479999999999478e-01
3.160852000000000217e+00
3.052151999999999976e+00
2.337752000000000052e+00
-8.101479999999999793e-01
-1.492447999999999997e+00
2.628519999999999746e-01
