1.920640000000000125e-01
2.464639999999999886e-01
-8.436000000000000790e-03
-3.541360000000000063e-01
-4.574360000000000093e-01
-1.504359999999999864e-01
-6.659359999999999724e-01
-9.793359999999999843e-01
-8.788359999999999506e-01
-1.178935999999999984e+00
-1.671360000000000068e-01
5.943640000000000034e-01
-7.443600000000000216e-02
1.008264000000000049e+00
9.385639999999999539e-01
-2.213360000000000050e-01
-1.401736000000000093e+00
-1.352335999999999983e+00
-1.517360000000000098e-01
2.020363999999999827e+00
1.374163999999999941e+00
3.736400000000000138e-02
1.945063999999999904e+00
1.115264000000000033e+00
-2.487360000000000126e-01
-7.994360000000000355e-01
3.185963999999999796e+00
-1.259535999999999989e+00
-2.032335999999999920e+00
-1.502936000000000050e+00
-2.906360000000000054e-01
1.187639999999999946e-01
6.406640000000000112e-01
7.887640000000000207e-01
8.485639999999999850e-01
1.955464000000000091e+00
-2.341635999999999829e+00
-2.281435999999999797e+00
3.000663999999999998e+00
1.527263999999999955e+00
-8.829360000000000541e-01
-1.856235999999999997e+00
