4.906479999999999730e-01
3.613480000000000025e-01
2.576479999999999881e-01
2.838479999999999892e-01
4.165479999999999738e-01
5.288479999999999848e-01
1.736479999999999968e-01
1.942480000000000040e-01
3.310480000000000089e-01
4.427479999999999749e-01
3.384480000000000266e-01
-1.364651999999999976e+00
-9.978519999999999612e-01
-2.214520000000000099e-01
3.674800000000000288e-02
-4.862520000000000175e-01
-1.271751999999999994e+00
-1.530551999999999913e+00
6.196479999999999766e-01
3.310480000000000089e-01
6.614799999999999847e-02
1.011480000000000018e-01
9.126480000000000148e-01
8.379480000000000262e-01
1.841480000000000061e-01
6.435480000000000089e-01
-2.853519999999999945e-01
-1.685651999999999928e+00
-2.148751999999999995e+00
1.057747999999999911e+00
7.414479999999999960e-01
2.344479999999999897e-01
4.065480000000000205e-01
