4.161273000000000444e+00
3.526273000000000213e+00
2.432573000000000096e+00
1.950873000000000079e+00
2.516472999999999960e+00
3.659473000000000198e+00
1.896072999999999897e+00
1.222072999999999965e+00
2.762729999999999908e-01
-3.599269999999999969e-01
-8.532700000000000007e-02
8.284730000000000150e-01
1.481473000000000040e+00
4.365072999999999759e+00
4.023972999999999800e+00
-1.233727000000000018e+00
-3.842127000000000070e+00
-2.687027000000000054e+00
-3.176727000000000078e+00
2.382673000000000041e+00
2.604572999999999805e+00
-2.040127000000000024e+00
-1.871626999999999930e+00
-1.184126999999999930e+00
-3.371027000000000218e+00
-1.616027000000000102e+00
-2.720527000000000140e+00
-2.317626999999999882e+00
1.055372999999999895e+00
1.141172999999999993e+00
2.678573000000000093e+00
3.837299999999999739e-02
-5.721270000000000522e-01
1.007273000000000085e+00
4.753772999999999804e+00
3.830872999999999973e+00
3.548472999999999988e+00
4.818172999999999817e+00
-4.540127000000000024e+00
-4.405026999999999582e+00
-2.169526999999999983e+00
-1.947726999999999986e+00
-3.679027000000000047e+00
-3.905027000000000026e+00
3.295672999999999853e+00
3.075972999999999846e+00
1.674873000000000056e+00
-4.772270000000000123e-01
-4.237626999999999811e+00
-2.668327000000000115e+00
-2.302926999999999946e+00
-7.305270000000000374e-01
-1.831526999999999905e+00
-3.419926999999999939e+00
-1.653227000000000002e+00
-3.200327000000000144e+00
