6.158379999999999965e-01
1.135737999999999914e+00
1.441737999999999964e+00
1.190838000000000063e+00
6.375380000000000491e-01
3.932379999999999765e-01
1.502637999999999918e+00
1.515738000000000030e+00
3.986379999999999924e-01
3.815379999999999883e-01
-9.846620000000000372e-01
-1.625620000000000120e-01
1.376138000000000083e+00
-1.701462000000000030e+00
-1.791562000000000099e+00
-2.518062000000000022e+00
-3.121161999999999992e+00
-2.424361999999999906e+00
7.787380000000000413e-01
2.484237999999999946e+00
1.494637999999999911e+00
2.476138000000000172e+00
6.759380000000000388e-01
1.175937999999999928e+00
-5.663620000000000321e-01
-8.740620000000000056e-01
-1.644862000000000046e+00
1.161380000000000051e-01
-3.017619999999999747e-01
1.769538000000000055e+00
1.155937999999999910e+00
-1.331461999999999923e+00
-2.724362000000000172e+00
-2.570161999999999836e+00
