-1.814669999999999894e-01
-3.040669999999999762e-01
-3.094669999999999921e-01
-1.924669999999999992e-01
-6.996700000000000141e-02
-5.826699999999999935e-02
-2.003669999999999896e-01
-7.226699999999999791e-02
8.003300000000000691e-02
3.893300000000000233e-02
2.539330000000000198e-01
8.126330000000000497e-01
1.323299999999999997e-02
1.605330000000000090e-01
7.143299999999999650e-02
-4.296670000000000211e-01
-1.067670000000000008e-01
9.391329999999999956e-01
9.152329999999999632e-01
-1.587669999999999915e-01
-1.210666999999999938e+00
-1.186266999999999960e+00
-7.234669999999999712e-01
9.333329999999999682e-01
7.608329999999999815e-01
1.869633000000000100e+00
-1.044767000000000001e+00
3.495329999999999826e-01
1.143733000000000111e+00
-6.155669999999999753e-01
9.346330000000000471e-01
-7.290670000000000206e-01
-5.234670000000000156e-01
-4.270669999999999744e-01
1.785633000000000026e+00
1.736032999999999937e+00
-1.779669999999999863e-01
-2.053666999999999909e+00
-2.022966999999999960e+00
