2.319420000000000037e+00
2.061920000000000197e+00
1.660420000000000007e+00
1.503919999999999924e+00
1.742720000000000047e+00
2.169919999999999849e+00
1.095320000000000071e+00
9.241200000000000525e-01
1.154519999999999991e+00
1.576920000000000099e+00
9.460199999999999720e-01
-2.342799999999999883e-01
-1.919800000000000118e-01
-1.834800000000000042e-01
-1.370800000000000074e-01
-1.132800000000000057e-01
-1.187799999999999967e-01
-1.612800000000000067e-01
2.403620000000000090e+00
2.219120000000000203e+00
-5.188000000000000250e-02
4.673200000000000132e-01
-6.143800000000000372e-01
-6.015800000000000036e-01
-7.909800000000000164e-01
-7.579799999999999871e-01
-1.039479999999999960e+00
-1.704779999999999962e+00
-1.451580000000000092e+00
-2.522879999999999789e+00
-3.552280000000000104e+00
-2.250179999999999847e+00
-1.553379999999999983e+00
-2.262800000000000089e-01
5.881199999999999761e-01
8.622199999999999864e-01
1.857220000000000093e+00
-1.254800000000000082e-01
-6.847999999999999921e-02
-1.703800000000000037e-01
2.690819999999999990e+00
2.750820000000000043e+00
2.036519999999999886e+00
2.524719999999999853e+00
-1.059779999999999944e+00
3.923200000000000021e-01
-1.147480000000000055e+00
-1.783879999999999910e+00
-2.681280000000000108e+00
-1.446180000000000021e+00
-4.766799999999999926e-01
-3.010679999999999801e+00
-2.339879999999999960e+00
-1.599080000000000057e+00
-1.780980000000000008e+00
