1.169642000000000071e+00
6.444429999999999881e-01
-1.381570000000000020e-01
-3.822570000000000134e-01
8.604299999999999449e-02
9.169420000000000348e-01
-1.150457999999999981e+00
-1.197958000000000078e+00
-4.492570000000000174e-01
-3.297570000000000223e-01
1.511941999999999897e+00
9.413420000000000121e-01
1.860420000000000129e-01
2.761430000000000273e-01
-9.835800000000000098e-02
-6.381569999999999743e-01
-7.510569999999999746e-01
-1.157000000000000042e-03
1.291341999999999990e+00
8.037429999999999852e-01
-2.399570000000000036e-01
-1.018358000000000096e+00
-1.509657999999999944e+00
-1.612657999999999925e+00
-1.772656999999999927e+00
1.441542000000000101e+00
2.118641999999999914e+00
5.673430000000000417e-01
1.529643000000000086e+00
5.162419999999999787e-01
-1.168957999999999942e+00
1.318341999999999903e+00
2.081942999999999877e+00
1.471842000000000095e+00
2.149429999999999952e-01
-9.824570000000000247e-01
-7.214580000000000437e-01
-1.733357999999999954e+00
-7.525570000000000315e-01
-2.439456999999999987e+00
