1.207460000000000061e-01
3.498459999999999903e-01
5.061459999999999848e-01
4.191460000000000186e-01
1.831460000000000032e-01
5.794599999999999751e-02
5.658459999999999601e-01
4.745460000000000234e-01
2.348459999999999992e-01
8.744599999999999596e-02
1.388459999999999972e-01
2.799459999999999726e-01
1.179459999999999953e-01
-1.147853999999999930e+00
-1.290653999999999968e+00
-1.733540000000000081e-01
1.083545999999999898e+00
1.227746000000000004e+00
-2.093540000000000123e-01
4.288460000000000050e-01
2.238945999999999881e+00
2.139245999999999981e+00
-3.365540000000000198e-01
-1.520539999999999947e-01
-2.539153999999999911e+00
-3.167454000000000214e+00
6.069459999999999855e-01
-1.090539999999999982e-01
-4.045399999999999691e-02
-4.741540000000000199e-01
1.264545999999999948e+00
-2.023054000000000130e+00
2.213146000000000058e+00
2.425460000000000116e-01
-2.843539999999999957e-01
6.011459999999999582e-01
3.139460000000000028e-01
3.136946000000000012e+00
1.462245999999999935e+00
1.833545999999999898e+00
-2.920539999999999803e-01
-8.936539999999999484e-01
8.622459999999999569e-01
-4.172054000000000151e+00
-2.620953999999999784e+00
-3.265753999999999824e+00
