3.118927999999999923e+00
2.564227999999999952e+00
1.545428000000000024e+00
1.062527999999999917e+00
1.558027999999999968e+00
2.616127999999999787e+00
9.567280000000000229e-01
7.082800000000000207e-02
-1.102271999999999919e+00
-1.920671999999999935e+00
-1.557172000000000001e+00
-4.269720000000000182e-01
3.974280000000000035e-01
3.232927999999999802e+00
3.070028000000000201e+00
-6.027199999999999919e-02
-7.488719999999999821e-01
-2.354071999999999942e+00
-1.865971999999999964e+00
-3.073571999999999971e+00
-3.451572000000000084e+00
2.314279999999999948e-01
3.616280000000000050e-01
1.768227999999999911e+00
-1.356171999999999933e+00
1.291028000000000064e+00
3.688827999999999996e+00
2.619127999999999901e+00
2.667327999999999921e+00
3.842027999999999999e+00
-3.967720000000000136e-01
-1.830171999999999910e+00
-5.217720000000000136e-01
-2.541672000000000153e+00
-8.640719999999999512e-01
-1.865572000000000008e+00
-4.376371999999999929e+00
-2.690971999999999920e+00
-3.657871999999999790e+00
