-7.132680000000000131e-01
-2.885679999999999912e-01
2.833319999999999728e-01
4.177319999999999922e-01
3.433200000000000141e-02
-5.725679999999999659e-01
9.662319999999999798e-01
9.524319999999999453e-01
3.883320000000000105e-01
2.559319999999999928e-01
-1.052467999999999959e+00
-4.608679999999999999e-01
-5.018679999999999808e-01
-6.227679999999999882e-01
1.693199999999999913e-02
7.763320000000000221e-01
8.972320000000000295e-01
-9.096799999999999331e-02
-1.577067999999999914e+00
1.326932000000000000e+00
1.357631999999999950e+00
-1.030567999999999929e+00
-1.492567999999999895e+00
-1.575680000000000136e-01
-8.901679999999999593e-01
-1.003168000000000060e+00
1.281231999999999926e+00
1.499832000000000054e+00
