-2.175739999999999896e-01
-6.639739999999999531e-01
-8.157739999999999991e-01
-5.124739999999999851e-01
-3.687399999999999706e-02
1.126260000000000039e-01
5.456260000000000554e-01
-9.884739999999999638e-01
-6.899739999999999762e-01
-4.067740000000000244e-01
6.232599999999999946e-02
2.467260000000000009e-01
3.762260000000000049e-01
1.652260000000000117e-01
1.321026000000000034e+00
1.687426000000000093e+00
1.061825999999999937e+00
-1.937740000000000018e-01
-1.273274000000000017e+00
-1.098273999999999972e+00
2.168826000000000143e+00
3.291526000000000174e+00
3.617626000000000008e+00
2.826525999999999872e+00
-2.573974000000000206e+00
-3.709474000000000160e+00
-3.560874000000000095e+00
-2.280574000000000101e+00
1.286926000000000014e+00
6.073260000000000325e-01
-1.330974000000000101e+00
-8.849740000000000384e-01
-5.825740000000000363e-01
6.079259999999999664e-01
1.419226000000000099e+00
-2.181740000000000068e-01
1.709826000000000068e+00
-4.623740000000000072e-01
1.969025999999999943e+00
3.901126000000000094e+00
4.487625999999999671e+00
3.115725999999999996e+00
-2.710874000000000006e+00
-4.697873999999999661e+00
-4.434573999999999572e+00
-2.243774000000000157e+00
