1.573336000000000068e+00
1.640735999999999972e+00
1.443135999999999974e+00
1.200336000000000070e+00
1.229735999999999940e+00
1.362635999999999958e+00
8.631360000000000143e-01
6.923600000000000587e-02
8.009359999999999813e-01
1.056836000000000109e+00
-1.143664000000000014e+00
-1.162863999999999898e+00
-2.070263999999999882e+00
-2.052464000000000066e+00
-1.184163999999999994e+00
-2.710640000000000271e-01
-2.643639999999999879e-01
1.152436000000000016e+00
1.904436000000000018e+00
2.295936000000000199e+00
-2.320964000000000027e+00
-3.476264000000000021e+00
1.280360000000000109e-01
5.578359999999999985e-01
1.389235999999999915e+00
-1.179964000000000013e+00
-2.167764000000000024e+00
-2.935664000000000051e+00
-2.263764000000000109e+00
7.991359999999999575e-01
-9.264639999999999542e-01
-6.386400000000000410e-02
1.783236000000000043e+00
1.890360000000000096e-01
-2.761464000000000141e+00
4.149360000000000270e-01
1.360635999999999957e+00
1.262035999999999936e+00
1.945535999999999932e+00
2.042936000000000085e+00
2.163435999999999915e+00
3.189735999999999905e+00
2.516135999999999928e+00
-2.126863999999999866e+00
-7.396400000000000197e-02
8.484359999999999680e-01
1.938136000000000081e+00
7.879359999999999697e-01
2.123035999999999923e+00
-2.008664000000000005e+00
-3.175463999999999842e+00
-2.073964000000000141e+00
-3.028163999999999856e+00
-1.667864000000000013e+00
-1.632363999999999926e+00
