8.910200000000000342e-01
1.911520000000000108e+00
2.744720000000000049e+00
2.530120000000000147e+00
1.494320000000000093e+00
6.997200000000000086e-01
3.366420000000000190e+00
3.188719999999999999e+00
2.156320000000000014e+00
1.317520000000000024e+00
1.982320000000000082e+00
-4.361800000000000122e-01
-6.346800000000000219e-01
-1.918379999999999974e+00
-3.022180000000000089e+00
-2.851179999999999826e+00
-1.563779999999999948e+00
-3.847800000000000109e-01
2.119419999999999860e+00
-1.957279999999999909e+00
-3.243279999999999941e+00
9.481199999999999628e-01
-4.017680000000000362e+00
-3.901879999999999793e+00
2.894219999999999793e+00
4.187420000000000364e+00
3.899119999999999919e+00
4.820200000000000040e-01
2.222200000000000009e-01
-4.036179999999999879e+00
-1.406579999999999941e+00
-2.971799999999999997e-01
-8.850799999999999779e-01
2.878719999999999946e+00
1.504119999999999902e+00
-3.097579999999999778e+00
-3.868479999999999919e+00
-3.732779999999999987e+00
1.194420000000000037e+00
9.412199999999999456e-01
-4.912779999999999703e+00
-3.431480000000000086e+00
-3.359879999999999978e+00
2.586120000000000196e+00
2.910820000000000185e+00
3.908619999999999983e+00
