3.328849999999999865e-01
1.296284999999999910e+00
1.973985000000000101e+00
1.654884999999999939e+00
6.694849999999999968e-01
4.308499999999999830e-02
2.324285000000000156e+00
2.018485000000000085e+00
1.037484999999999991e+00
3.584849999999999981e-01
-9.983149999999999524e-01
1.609685000000000032e+00
7.049849999999999728e-01
-5.802150000000000363e-01
-6.811499999999999500e-02
-2.584150000000000058e-01
-9.697149999999999936e-01
-1.434315000000000007e+00
-1.263114999999999988e+00
1.977849999999999886e-01
9.082850000000000090e-01
-2.123415000000000052e+00
-1.208215000000000039e+00
-1.150614999999999943e+00
-2.406915000000000138e+00
-3.684149999999999925e-01
3.100084999999999980e+00
2.550584999999999880e+00
-9.828149999999999942e-01
-1.385115000000000096e+00
2.333985000000000198e+00
1.115285000000000082e+00
1.446185000000000054e+00
4.772850000000000148e-01
-1.650114999999999998e+00
1.190285000000000037e+00
1.828584999999999905e+00
2.733849999999999891e-01
-1.792315000000000103e+00
-6.588150000000000395e-01
-5.118150000000000199e-01
-2.496014999999999873e+00
-2.457114999999999938e+00
-3.242515000000000036e+00
-1.333149999999999891e-01
-1.306014999999999926e+00
