1.021617999999999915e+00
8.368179999999999508e-01
3.255179999999999740e-01
-2.638199999999999920e-02
1.162180000000000019e-01
6.740180000000000060e-01
-5.693820000000000547e-01
-9.494820000000000482e-01
-7.718819999999999570e-01
-2.459820000000000062e-01
-1.177181999999999951e+00
-3.378199999999999953e-02
-1.210819999999999952e-01
-1.354781999999999931e+00
-1.447781999999999902e+00
-2.866819999999999924e-01
9.467179999999999485e-01
1.027617999999999920e+00
8.392180000000000195e-01
1.189818000000000042e+00
-2.716381999999999852e+00
-3.018882000000000065e+00
2.119117999999999835e+00
2.376717999999999886e+00
-3.377820000000000267e-01
-2.795819999999999972e-01
1.177318000000000087e+00
-7.040819999999999856e-01
-1.372282000000000002e+00
-1.885982000000000047e+00
-1.718782000000000032e+00
-2.283882000000000190e+00
2.015017999999999976e+00
9.912180000000000435e-01
1.288218000000000085e+00
1.061717999999999940e+00
1.578918000000000044e+00
-4.096981999999999680e+00
-2.780381999999999909e+00
-2.508881999999999834e+00
3.348717999999999861e+00
2.429218000000000099e+00
1.622117999999999949e+00
-3.198819999999999997e-01
-1.136881999999999948e+00
6.585180000000000478e-01
1.944218000000000002e+00
1.580017999999999923e+00
9.764180000000000081e-01
