-4.467999999999999750e-02
-4.077999999999999681e-02
-1.948000000000000079e-02
-1.068000000000000026e-02
-1.257999999999999917e-02
-1.077999999999999965e-02
-3.680000000000000111e-03
-3.880000000000000202e-03
-1.307999999999999961e-02
-1.857999999999999929e-02
-4.297999999999999737e-02
-6.067999999999999783e-02
4.420000000000000318e-03
-2.799999999999999755e-04
-1.718000000000000083e-02
-3.187999999999999862e-02
5.050200000000000244e-01
-4.218000000000000221e-02
-5.877999999999999892e-02
-7.728000000000000147e-02
