-3.454212000000000060e+00
-2.984211999999999865e+00
-1.754011999999999905e+00
-9.232120000000000326e-01
-1.320211999999999941e+00
-2.634011999999999798e+00
-4.253120000000000234e-01
-2.017120000000000024e-01
6.498880000000000212e-01
1.279088000000000003e+00
1.069188000000000027e+00
2.204879999999999896e-01
-3.809712000000000209e+00
-3.162011999999999823e+00
2.339087999999999834e+00
7.877880000000000438e-01
4.791880000000000028e-01
9.089880000000000182e-01
2.516880000000000228e-01
4.946880000000000166e-01
-1.904119999999999979e-01
1.651488000000000067e+00
1.298488000000000087e+00
-1.238912000000000013e+00
-1.021811999999999943e+00
-1.993811999999999918e+00
-3.191711999999999883e+00
-3.417111999999999927e+00
-2.446912000000000198e+00
1.342487999999999904e+00
6.769880000000000342e-01
2.389880000000000060e-01
2.393987999999999783e+00
3.538187999999999889e+00
4.536088000000000342e+00
4.398787999999999698e+00
3.264587999999999823e+00
2.263888000000000122e+00
-7.073120000000000518e-01
1.561088000000000031e+00
6.298800000000000232e-02
-3.476011999999999880e+00
-4.753212000000000437e+00
-2.870411999999999964e+00
-4.128212000000000437e+00
1.825787999999999967e+00
1.414880000000000027e-01
6.531879999999999908e-01
1.201087999999999933e+00
6.324880000000000502e-01
-6.624120000000000008e-01
5.718879999999999519e-01
-9.251199999999999701e-02
-1.815012000000000070e+00
-3.951811999999999880e+00
-4.351511999999999603e+00
-2.637312000000000101e+00
1.643488000000000060e+00
2.280088000000000115e+00
-1.589119999999999977e-01
3.006880000000000108e-01
3.669788000000000050e+00
5.423087999999999909e+00
5.178688000000000180e+00
3.158688000000000162e+00
1.385388000000000064e+00
