1.023832999999999993e+00
1.131332999999999922e+00
1.406733000000000011e+00
1.647432999999999925e+00
1.554932999999999899e+00
1.704032999999999909e+00
1.461233000000000004e+00
1.203133000000000008e+00
1.247333000000000025e+00
1.726433000000000106e+00
1.470032999999999923e+00
1.946433000000000080e+00
1.974032999999999927e+00
7.542330000000000423e-01
2.039330000000000032e-01
2.329330000000000012e-01
-9.412669999999999648e-01
-2.156867000000000090e+00
-2.199666999999999817e+00
-1.025767000000000095e+00
-3.383267000000000024e+00
-3.956967000000000123e+00
-3.326067000000000107e+00
-3.545567000000000135e+00
-1.007867000000000068e+00
2.301330000000000042e-01
1.751533000000000007e+00
2.201833000000000151e+00
1.481333000000000011e+00
2.713633000000000184e+00
9.489330000000000265e-01
9.935329999999999995e-01
1.193232999999999988e+00
-1.065566999999999931e+00
-4.882966999999999835e+00
-4.206667000000000378e+00
-3.290667000000000009e+00
-4.478867000000000154e+00
-3.652966999999999853e+00
-2.740066999999999808e+00
2.033000000000000085e-03
8.390330000000000288e-01
7.748329999999999940e-01
1.930533000000000055e+00
1.555433000000000066e+00
2.392132999999999843e+00
2.213032999999999806e+00
1.597132999999999914e+00
2.354732999999999965e+00
