4.541029999999999789e-01
1.337029999999999885e-01
-8.489700000000000024e-02
1.010299999999999913e-02
3.403030000000000221e-01
5.768029999999999546e-01
-2.339970000000000105e-01
-1.656970000000000109e-01
1.508029999999999926e-01
4.039030000000000120e-01
1.859030000000000127e-01
-1.433497000000000021e+00
-1.023597000000000090e+00
-1.113596999999999948e+00
-8.054970000000000185e-01
-4.106969999999999787e-01
-3.316970000000000196e-01
-6.443969999999999976e-01
8.870029999999999859e-01
2.230299999999999991e-02
-9.529700000000000670e-02
2.918029999999999791e-01
3.675030000000000241e-01
5.760300000000000142e-02
-3.850970000000000226e-01
6.423029999999999573e-01
4.568030000000000146e-01
9.597029999999999728e-01
-1.419097000000000053e+00
-8.779970000000000274e-01
-5.963969999999999549e-01
1.508702999999999905e+00
1.031603000000000048e+00
-2.158970000000000056e-01
1.795029999999999959e-01
-1.490970000000000073e-01
5.336030000000000495e-01
6.684029999999999694e-01
1.240030000000000021e-01
