3.019737999999999811e+00
2.026137999999999995e+00
1.177238000000000007e+00
1.345938000000000079e+00
2.349038000000000181e+00
3.159937999999999914e+00
-1.598562000000000038e+00
-5.521620000000000417e-01
-4.245619999999999949e-01
-1.290961999999999943e+00
-2.350861999999999785e+00
-2.491762000000000032e+00
4.212437999999999683e+00
1.867737999999999898e+00
-3.167861999999999956e+00
-4.299561999999999884e+00
6.014380000000000281e-01
1.077380000000000004e-01
3.966379999999999906e-01
-1.145461999999999980e+00
-1.610620000000000107e-01
2.492837999999999887e+00
-1.728561999999999932e+00
-3.281861999999999835e+00
4.097237999999999936e+00
4.760538000000000380e+00
1.128238000000000074e+00
2.490638000000000130e+00
-4.874862000000000251e+00
-3.986261999999999972e+00
-4.950561999999999685e+00
9.724380000000000246e-01
-4.558619999999999894e-01
-5.076619999999999466e-01
-2.023619999999999863e-01
9.856380000000000141e-01
-1.577620000000000133e-01
8.385380000000000056e-01
-4.015619999999999745e-01
