-3.432935000000000070e+00
-2.778834999999999944e+00
-1.457135000000000069e+00
-7.267350000000000199e-01
-1.314934999999999965e+00
-2.706535000000000135e+00
-5.318349999999999467e-01
-1.097349999999999992e-01
6.524649999999999617e-01
9.764650000000000274e-01
5.614649999999999919e-01
-1.871349999999999958e-01
-3.503435000000000077e+00
-3.433135000000000048e+00
1.909364999999999979e+00
1.264964999999999895e+00
7.780650000000000066e-01
1.123264999999999958e+00
7.467650000000000121e-01
1.263565000000000049e+00
8.706650000000000222e-01
2.307665000000000077e+00
3.047664999999999846e+00
4.669650000000000190e-01
-3.504349999999999965e-01
-1.694134999999999946e+00
-2.182735000000000092e+00
-1.358335000000000070e+00
-2.663499999999999895e-02
2.148264999999999869e+00
1.404465000000000074e+00
3.018264999999999976e+00
3.934664999999999857e+00
1.408649999999999902e-01
-6.832350000000000367e-01
-2.007835000000000036e+00
-2.511035000000000128e+00
-3.792349999999999888e-01
8.177649999999999642e-01
-5.011349999999999971e-01
-3.025335000000000107e+00
-4.504335000000000200e+00
-3.108934999999999782e+00
-4.440635000000000332e+00
2.357064999999999966e+00
8.580649999999999666e-01
9.709649999999999670e-01
1.239964999999999984e+00
1.129264999999999963e+00
3.546650000000000080e-01
1.787265000000000104e+00
1.505165000000000086e+00
-3.213534999999999808e+00
-1.761134999999999895e+00
2.765264999999999862e+00
2.862365000000000048e+00
8.709649999999999892e-01
6.502649999999999819e-01
4.725665000000000227e+00
3.346064999999999845e+00
4.387864999999999682e+00
1.174565000000000081e+00
-2.893350000000000088e-01
-2.649235000000000007e+00
-3.549434999999999896e+00
