1.756999999999999951e-01
2.225000000000000033e-01
-5.879999999999999810e-02
-4.197000000000000175e-01
-5.157000000000000473e-01
-1.841000000000000136e-01
-7.559000000000000163e-01
-1.076999999999999957e+00
-9.568999999999999728e-01
-1.254299999999999971e+00
-1.917999999999999983e-01
5.955000000000000293e-01
-1.378000000000000058e-01
9.560999999999999499e-01
9.133000000000000007e-01
-2.636000000000000010e-01
-1.452099999999999946e+00
-1.412500000000000089e+00
-2.124999999999999944e-01
2.063499999999999890e+00
1.338200000000000056e+00
-1.000000000000000021e-02
1.880400000000000071e+00
1.035800000000000054e+00
-3.299000000000000266e-01
-8.642999999999999572e-01
-1.375599999999999934e+00
-2.088600000000000012e+00
-1.606700000000000017e+00
-3.249000000000000221e-01
1.108999999999999986e-01
6.479000000000000314e-01
8.195999999999999952e-01
7.842999999999999972e-01
1.901999999999999913e+00
-2.392700000000000049e+00
-2.347100000000000186e+00
2.825099999999999945e+00
2.481799999999999784e+00
2.939400000000000013e+00
1.441100000000000048e+00
-9.765000000000000346e-01
-1.924099999999999921e+00
