1.079417999999999989e+00
7.487179999999999946e-01
4.795179999999999998e-01
5.474179999999999602e-01
8.824180000000000357e-01
1.130117999999999956e+00
2.748180000000000067e-01
3.352180000000000160e-01
6.744179999999999620e-01
9.464179999999999815e-01
6.989180000000000392e-01
-5.312820000000000320e-01
-7.192819999999999769e-01
-5.997820000000000373e-01
-6.976820000000000244e-01
-9.100819999999999466e-01
-1.031681999999999988e+00
-9.507820000000000160e-01
1.525617999999999919e+00
6.843179999999999819e-01
-1.121382000000000101e+00
-5.594820000000000348e-01
-6.516819999999999835e-01
9.431799999999999906e-02
8.414179999999999993e-01
1.565417999999999976e+00
-7.738819999999999588e-01
-4.116819999999999924e-01
-9.877829999999999666e-01
-1.201681999999999917e+00
1.198617999999999961e+00
1.652918000000000109e+00
4.381180000000000074e-01
8.816180000000000128e-01
-1.822481999999999935e+00
-1.535382000000000025e+00
-1.595820000000000016e-01
-5.248819999999999597e-01
-1.637782000000000071e+00
1.485180000000000111e-01
