3.251740000000000186e-01
6.440740000000000354e-01
7.556739999999999569e-01
5.366739999999999844e-01
1.919740000000000058e-01
1.025739999999999985e-01
6.738739999999999730e-01
4.781739999999999879e-01
1.340739999999999987e-01
-1.712599999999999886e-02
-6.762600000000000555e-02
1.325739999999999974e-01
-1.043260000000000021e-01
-1.365626000000000007e+00
-1.640525999999999929e+00
-6.442259999999999653e-01
6.146740000000000537e-01
8.935739999999999794e-01
-2.238259999999999972e-01
8.712739999999999929e-01
2.091374000000000066e+00
3.112573999999999952e+00
-2.905225999999999864e+00
-3.229125999999999941e+00
-3.931259999999999755e-01
6.183739999999999792e-01
6.229740000000000277e-01
-1.090425999999999895e+00
-5.519260000000000277e-01
1.143073999999999923e+00
-2.147526000000000046e+00
-8.065259999999999652e-01
1.355874000000000024e+00
4.516740000000000199e-01
-1.165926000000000018e+00
1.116773999999999933e+00
7.936739999999999906e-01
3.985374000000000194e+00
2.796974000000000071e+00
3.412873999999999963e+00
-4.265526000000000373e+00
-2.595225999999999811e+00
-3.163825999999999805e+00
3.977740000000000165e-01
-1.344526000000000110e+00
-5.315260000000000540e-01
