-2.631491000000000025e+00
-2.780091000000000090e+00
-2.360790999999999862e+00
-1.759490999999999916e+00
-1.547490999999999950e+00
-2.000891000000000197e+00
-1.364290999999999920e+00
-7.539909999999999668e-01
-4.972909999999999831e-01
-9.095910000000000384e-01
-1.892190999999999956e+00
-3.405590999999999813e+00
-3.133909999999999751e-01
-2.535910000000000108e-01
5.562089999999999534e-01
1.826089999999999935e-01
1.500108999999999915e+00
2.058209000000000177e+00
3.040008999999999961e+00
2.378509000000000206e+00
1.849909000000000026e+00
1.231708999999999943e+00
1.132908999999999944e+00
1.649408999999999903e+00
2.267908999999999953e+00
1.796408999999999923e+00
-7.412910000000000332e-01
-1.044791000000000025e+00
-2.264791000000000221e+00
-3.532990999999999993e+00
-3.732291000000000025e+00
-1.002191000000000054e+00
6.780089999999999728e-01
-1.256191000000000058e+00
1.409090000000000065e-01
1.078008999999999995e+00
-4.943910000000000249e-01
3.594708999999999932e+00
3.776809000000000083e+00
1.917909000000000086e+00
8.259090000000000042e-01
6.509089999999999598e-01
1.569908999999999999e+00
2.662109000000000059e+00
