9.548039999999999861e-01
5.491040000000000365e-01
-1.859959999999999947e-01
-5.504959999999999853e-01
-1.720959999999999990e-01
6.097040000000000237e-01
-5.637959999999999638e-01
1.781040000000000123e-01
-1.930959999999999899e-01
-1.316896000000000067e+00
-2.061996000000000162e+00
-1.687896000000000063e+00
9.061040000000000205e-01
1.028504000000000085e+00
-1.820295999999999914e+00
-1.797196000000000016e+00
-1.395095999999999892e+00
5.889039999999999830e-01
3.513040000000000052e-01
1.074904000000000082e+00
8.095040000000000013e-01
1.928404000000000007e+00
1.162903999999999938e+00
2.079504000000000019e+00
-3.959960000000000147e-01
1.060303999999999913e+00
-2.935096000000000149e+00
-2.281496000000000191e+00
6.084039999999999448e-01
1.460504000000000024e+00
1.260003999999999902e+00
1.601504000000000039e+00
-2.408596000000000181e+00
-2.382995999999999892e+00
-9.179960000000000342e-01
-8.372960000000000402e-01
-2.311996000000000162e+00
6.417040000000000521e-01
1.704903999999999975e+00
2.639904000000000028e+00
2.551003999999999827e+00
4.784039999999999959e-01
5.811039999999999539e-01
1.522604000000000068e+00
-6.020959999999999646e-01
-2.258960000000000135e-01
-1.287795999999999941e+00
