-7.578019999999999756e-01
-2.264019999999999921e-01
1.931980000000000086e-01
6.759800000000000531e-02
-4.724019999999999886e-01
-8.610020000000000451e-01
4.862980000000000080e-01
3.715979999999999839e-01
-1.618020000000000014e-01
-5.846019999999999550e-01
-2.640020000000000144e-01
1.613980000000000137e-01
-2.720200000000000048e-02
-1.300302000000000069e+00
-1.511301999999999923e+00
-4.540020000000000167e-01
8.174979999999999469e-01
1.024197999999999942e+00
-1.444501999999999953e+00
-1.042020000000000030e-01
-5.588020000000000209e-01
-1.841701999999999950e+00
1.920198000000000071e+00
1.776097999999999955e+00
2.287097999999999853e+00
2.543797999999999782e+00
7.413980000000000015e-01
-1.012202000000000046e+00
-7.396019999999999817e-01
-4.273020000000000151e-01
1.210097999999999896e+00
-2.142901999999999862e+00
-2.517701999999999884e+00
-1.094201999999999897e+00
-1.690201999999999982e+00
2.947980000000000045e-01
-4.138020000000000032e-01
-1.743401999999999896e+00
-2.570701999999999821e+00
-2.182202000000000197e+00
2.768498000000000125e+00
1.119097999999999926e+00
1.417297999999999947e+00
3.468497999999999859e+00
1.742598000000000091e+00
2.692997999999999781e+00
