-2.238624000000000169e+00
-1.513023999999999925e+00
-6.081239999999999979e-01
-4.385240000000000249e-01
-1.119423999999999975e+00
-2.053024000000000182e+00
4.864760000000000195e-01
6.234760000000000302e-01
-7.169240000000000057e-01
-5.527239999999999931e-01
-5.412399999999999850e-02
-2.841524000000000161e+00
-1.718723999999999918e+00
-8.933240000000000069e-01
-4.230240000000000111e-01
8.669759999999999689e-01
1.728575999999999890e+00
1.257076000000000082e+00
2.988075999999999954e+00
3.885575999999999919e+00
1.313376000000000099e+00
1.005076000000000080e+00
-1.271123999999999921e+00
-1.141523999999999983e+00
9.575999999999999443e-03
1.448376000000000108e+00
8.647759999999999891e-01
1.450175999999999910e+00
-1.447424000000000044e+00
1.171760000000000024e-01
-1.511424000000000101e+00
-2.335723999999999911e+00
-3.412224000000000146e+00
-1.192723999999999895e+00
-2.398924000000000056e+00
-1.911723999999999979e+00
1.892975999999999992e+00
4.835975999999999608e+00
4.078675999999999746e+00
3.511476000000000042e+00
1.389075999999999977e+00
1.493076000000000070e+00
-7.692400000000000626e-02
-1.820224000000000064e+00
-1.432423999999999920e+00
-1.225239999999999940e-01
