1.205737999999999976e+00
8.913379999999999637e-01
6.481379999999999919e-01
7.267379999999999951e-01
1.044937999999999922e+00
1.266037999999999997e+00
4.830380000000000229e-01
5.547379999999999534e-01
8.721379999999999688e-01
1.117537999999999920e+00
9.171380000000000088e-01
-4.214620000000000033e-01
-5.325619999999999798e-01
-2.084620000000000084e-01
-3.517620000000000191e-01
-7.835619999999999807e-01
-1.092262000000000066e+00
-9.848620000000000152e-01
1.642638000000000043e+00
8.155379999999999852e-01
-9.002620000000000067e-01
-6.555619999999999781e-01
-1.316462000000000021e+00
-1.262162000000000006e+00
-1.337761999999999896e+00
2.539379999999999971e-01
3.437379999999999880e-01
1.411537999999999959e+00
1.555738000000000065e+00
-1.157620000000000038e-01
-1.428562000000000110e+00
1.321037999999999935e+00
1.751138000000000083e+00
5.788379999999999637e-01
9.960379999999999789e-01
-1.360462000000000060e+00
-2.203062000000000076e+00
-7.472619999999999818e-01
-1.530761999999999956e+00
-1.931562000000000001e+00
-1.940061999999999953e+00
-4.249620000000000064e-01
7.435380000000000322e-01
9.896380000000000177e-01
-6.012619999999999632e-01
