-1.470120000000000038e-01
4.087999999999999620e-03
2.064880000000000049e-01
2.742879999999999763e-01
1.569879999999999887e-01
-8.411200000000000621e-02
4.684880000000000155e-01
5.169880000000000031e-01
3.945879999999999943e-01
2.800880000000000036e-01
4.600879999999999970e-01
-4.184120000000000061e-01
-4.304120000000000168e-01
-1.346912000000000109e+00
-1.380611999999999950e+00
-4.867119999999999780e-01
4.425879999999999814e-01
4.709880000000000178e-01
-2.722120000000000095e-01
-5.701200000000000018e-02
2.738880000000000203e-01
-6.195119999999999516e-01
2.760880000000000001e-01
6.608880000000000310e-01
1.504488000000000048e+00
1.468879999999999908e-01
-1.230112000000000094e+00
-2.055611999999999995e+00
-2.112211999999999978e+00
1.167288000000000103e+00
1.219087999999999949e+00
5.639880000000000448e-01
-1.049711999999999978e+00
5.198799999999999949e-02
-2.126119999999999954e-01
9.259880000000000333e-01
-7.448120000000000296e-01
6.896879999999999677e-01
3.968800000000000106e-02
1.314788000000000068e+00
1.375879999999999881e-01
