9.709529999999999550e-01
4.518530000000000046e-01
4.835300000000000015e-02
1.796530000000000071e-01
7.058529999999999527e-01
1.079053000000000040e+00
-2.250469999999999970e-01
-1.082469999999999960e-01
4.322529999999999983e-01
8.311530000000000307e-01
5.465529999999999555e-01
-7.459470000000000267e-01
-8.546470000000000455e-01
-9.062470000000000248e-01
-9.481469999999999620e-01
-9.354470000000000285e-01
-8.876469999999999638e-01
-8.466470000000000384e-01
1.669253000000000098e+00
3.265529999999999822e-01
-8.676469999999999461e-01
-9.121470000000000411e-01
-6.470470000000000388e-01
-4.419469999999999787e-01
9.217530000000000445e-01
1.293852999999999920e+00
-1.137146999999999908e+00
-9.871469999999999967e-01
-9.684469999999999468e-01
-8.911470000000000224e-01
1.411052999999999891e+00
1.879653000000000018e+00
-6.134699999999999875e-02
6.242529999999999468e-01
