-3.653290000000000148e-01
-5.732899999999999802e-02
3.524709999999999788e-01
4.570710000000000051e-01
1.463710000000000011e-01
-2.589290000000000203e-01
8.982710000000000417e-01
1.065971000000000002e+00
7.980709999999999749e-01
2.913709999999999911e-01
1.039471000000000034e+00
-1.872290000000000065e-01
-2.804289999999999838e-01
-1.484329000000000010e+00
-1.635229000000000044e+00
-5.688290000000000290e-01
6.410709999999999464e-01
7.813710000000000377e-01
-5.734289999999999665e-01
-1.624289999999999901e-01
-2.862128999999999923e+00
-2.981729000000000074e+00
1.607471000000000094e+00
2.823370999999999853e+00
-7.632899999999999407e-02
1.438271000000000077e+00
1.818770999999999916e+00
1.435770999999999908e+00
-1.031528999999999918e+00
-2.323428999999999967e+00
-6.485290000000000221e-01
1.722671000000000063e+00
1.946710000000000107e-01
-1.414428999999999936e+00
7.587099999999999400e-02
-4.656290000000000151e-01
-3.980128999999999806e+00
-2.249928999999999846e+00
-2.894928999999999863e+00
3.456170999999999882e+00
3.360271000000000008e+00
2.637170999999999932e+00
6.301710000000000367e-01
-1.098228999999999900e+00
-7.172900000000000109e-02
