1.768186000000000035e+00
2.066985999999999990e+00
2.032786000000000204e+00
1.671286000000000049e+00
1.330786000000000024e+00
1.417885999999999980e+00
1.644886000000000070e+00
1.276186000000000043e+00
9.214860000000000273e-01
9.630859999999999976e-01
5.568859999999999921e-01
1.069485999999999937e+00
2.430985999999999869e+00
-3.053139999999999743e-01
-1.710313999999999890e+00
-2.549414000000000069e+00
-4.819140000000000090e-01
3.137860000000000094e-01
9.588599999999999901e-02
1.464885999999999910e+00
2.263186000000000142e+00
1.693186000000000080e+00
-2.336113999999999802e+00
-3.730513999999999886e+00
-4.538914000000000115e+00
-3.951213999999999782e+00
-1.970113999999999921e+00
1.276186000000000043e+00
6.468599999999999350e-02
1.483486000000000082e+00
1.178585999999999911e+00
1.192585999999999924e+00
2.665686000000000000e+00
2.465885999999999800e+00
-5.293139999999999512e-01
1.905586000000000002e+00
3.334985999999999784e+00
2.369686000000000181e+00
-1.764814000000000105e+00
-4.179914000000000129e+00
-5.622513999999999790e+00
-4.588014000000000259e+00
-2.468614000000000086e+00
-2.192213999999999885e+00
