-5.762220000000000120e-01
-3.918220000000000036e-01
-1.290219999999999978e-01
-3.252200000000000230e-02
-1.794219999999999982e-01
-4.840220000000000078e-01
2.223779999999999923e-01
3.055780000000000163e-01
1.589780000000000082e-01
-1.882199999999999845e-02
2.700779999999999847e-01
-5.272219999999999684e-01
-4.812219999999999831e-01
-1.327422000000000102e+00
-1.305121999999999893e+00
-4.200220000000000065e-01
4.465779999999999750e-01
4.153780000000000250e-01
-7.105219999999999869e-01
-4.822219999999999840e-01
-5.212200000000000166e-02
1.271177999999999919e+00
2.178278000000000159e+00
5.005779999999999674e-01
1.331377999999999950e+00
-8.982199999999999906e-02
-1.338721999999999968e+00
-2.022222000000000186e+00
-1.975821999999999967e+00
-4.054220000000000046e-01
1.089977999999999891e+00
-1.475322000000000022e+00
1.164779999999999982e-01
-3.481219999999999870e-01
-6.830220000000000180e-01
3.924779999999999935e-01
5.605780000000000207e-01
-1.081622000000000083e+00
2.755478000000000094e+00
2.882778000000000063e+00
1.639677999999999969e+00
