1.180970000000000075e+00
-3.543000000000000316e-02
-1.109029999999999960e+00
-1.025830000000000020e+00
1.832699999999999885e-01
1.249270000000000103e+00
1.768699999999999994e-01
2.460970000000000102e+00
-9.753000000000000558e-02
2.098700000000000010e-01
2.196700000000000041e-01
2.241700000000000081e-01
2.260699999999999932e-01
1.616700000000000081e-01
-2.316930000000000156e+00
-1.079029999999999934e+00
1.423699999999999966e-01
-9.553300000000000125e-01
2.564699999999999758e-01
1.611769999999999925e+00
2.421699999999999964e-01
2.538699999999999846e-01
2.619069999999999787e+00
3.281969999999999832e+00
-9.694300000000000139e-01
7.269700000000000051e-01
2.559699999999999753e-01
2.399699999999999889e-01
-2.450730000000000075e+00
-2.326330000000000009e+00
-3.200330000000000119e+00
-1.247030000000000083e+00
-1.893529999999999935e+00
-1.471300000000000108e-01
-1.260729999999999906e+00
-1.823029999999999928e+00
-6.347300000000000164e-01
1.597869999999999902e+00
2.207069999999999865e+00
2.071670000000000122e+00
2.620700000000000252e-01
-6.493299999999999628e-01
1.159370000000000012e+00
