-1.095674000000000037e+00
-3.686740000000000017e-01
2.455259999999999942e-01
6.402599999999999958e-02
-6.525739999999999874e-01
-1.258273999999999893e+00
5.482259999999999911e-01
1.182259999999999978e-01
-6.134739999999999638e-01
-2.005873999999999935e+00
-2.467739999999999934e-01
4.576259999999999772e-01
-2.662740000000000107e-01
5.862599999999999756e-02
1.108325999999999922e+00
1.835925999999999947e+00
1.514626000000000028e+00
2.485326000000000146e+00
-1.588873999999999898e+00
1.120926000000000089e+00
-2.146774000000000182e+00
-2.420373999999999803e+00
2.879260000000000153e-01
-6.928739999999999899e-01
-5.047739999999999450e-01
1.359626000000000001e+00
2.656325999999999965e+00
