2.059191999999999911e+00
2.559191999999999911e+00
2.493491999999999820e+00
1.913092000000000015e+00
1.407591999999999954e+00
8.221920000000000339e-01
2.596919999999999784e-01
2.015919999999999934e-01
9.889919999999999822e-01
1.475991999999999971e+00
3.006391999999999953e+00
3.025691999999999826e+00
1.914292000000000105e+00
2.464592000000000116e+00
-5.422080000000000233e-01
-2.199079999999999924e-01
-9.885080000000000533e-01
-2.081107999999999958e+00
-2.383307999999999982e+00
-1.647108000000000017e+00
-3.459808000000000217e+00
-3.080207999999999835e+00
-2.840307999999999833e+00
-3.864907999999999788e+00
-7.228080000000000060e-01
-8.390799999999999648e-02
3.575092000000000159e+00
1.362592000000000025e+00
2.151591999999999949e+00
8.438919999999999755e-01
-1.605080000000000118e-01
1.871691999999999911e+00
3.694919999999999871e-01
6.614919999999999689e-01
-1.968807999999999891e+00
-3.930508000000000113e+00
-2.849708000000000130e+00
-2.230208000000000190e+00
-4.409708000000000183e+00
-4.571608000000000338e+00
-3.443108000000000057e+00
-2.752080000000000082e-01
-4.919080000000000119e-01
9.982919999999999572e-01
3.578892000000000184e+00
3.990692000000000128e+00
1.879091999999999985e+00
3.705919999999999770e-01
