1.321927000000000074e+00
4.992269999999999763e-01
-5.706729999999999858e-01
-8.395730000000000137e-01
-4.347299999999999776e-02
1.058427000000000007e+00
-3.292729999999999824e-01
6.112700000000000078e-02
-1.842729999999999924e-01
-9.032729999999999926e-01
-1.284972999999999921e+00
-9.892729999999999579e-01
7.648270000000000346e-01
1.927227000000000023e+00
-1.536472999999999978e+00
-3.321172999999999931e+00
-2.089373000000000147e+00
2.970269999999999855e-01
7.497270000000000323e-01
1.009427000000000074e+00
1.038826999999999945e+00
2.031327000000000105e+00
2.320427000000000017e+00
1.614527000000000045e+00
6.156270000000000353e-01
3.233269999999999755e-01
5.942269999999999497e-01
-1.845272999999999941e+00
-1.302173000000000025e+00
1.570269999999999999e-01
1.567526999999999893e+00
2.701726999999999990e+00
2.130726999999999816e+00
-4.210873000000000310e+00
-3.230573000000000139e+00
-3.483073000000000086e+00
-2.245473000000000052e+00
-1.970973000000000086e+00
4.888270000000000115e-01
2.590227000000000057e+00
3.096527000000000029e+00
1.839526999999999912e+00
5.822700000000000098e-02
-4.773729999999999918e-01
