-3.117046999999999901e+00
-3.219047000000000214e+00
-2.879646999999999846e+00
-2.404246999999999801e+00
-2.250446999999999864e+00
-2.632846999999999937e+00
-1.992146999999999890e+00
-1.574646999999999908e+00
-1.716947000000000001e+00
-2.546946999999999850e+00
-3.716847000000000012e+00
-1.066646999999999901e+00
-3.149469999999999770e-01
-1.083347000000000060e+00
-1.308146999999999949e+00
-2.824700000000000127e-02
9.532530000000000170e-01
2.270153000000000088e+00
3.182653000000000176e+00
2.778953000000000007e+00
1.470053000000000054e+00
5.660530000000000284e-01
9.515529999999999822e-01
1.830453000000000108e+00
4.428652999999999729e+00
5.400352999999999959e+00
-2.185846999999999873e+00
-2.843147000000000091e+00
-3.814246999999999943e+00
-3.984747000000000039e+00
-1.919647000000000103e+00
-4.086469999999999825e-01
-2.056547000000000125e+00
-5.458469999999999711e-01
-3.756470000000000087e-01
-2.069646999999999792e+00
4.262529999999999930e-01
-9.559469999999999912e-01
2.585853000000000179e+00
3.482352999999999810e+00
-4.521470000000000211e-01
1.267052999999999985e+00
2.170752999999999933e+00
2.675653000000000059e+00
6.328452999999999662e+00
5.608353000000000144e+00
5.087353000000000236e+00
