-1.956210999999999922e+00
-2.021611000000000047e+00
-1.854710999999999999e+00
-1.611410999999999927e+00
-1.517211000000000087e+00
-1.687410999999999994e+00
-1.448210999999999915e+00
-1.200611000000000095e+00
-1.105510999999999910e+00
-1.269911000000000012e+00
-8.580109999999999681e-01
4.050889999999999769e-01
1.621988999999999903e+00
2.813489000000000129e+00
2.798289000000000026e+00
1.604289000000000076e+00
4.105889999999999818e-01
-1.656511000000000067e+00
-2.276311000000000195e+00
3.908688999999999858e+00
5.144889000000000046e+00
-8.936110000000000442e-01
-7.962110000000000021e-01
-8.270110000000000516e-01
-6.490110000000000046e-01
-1.512710999999999917e+00
-1.075511000000000106e+00
-1.223211000000000048e+00
1.648889000000000049e+00
3.696988999999999859e+00
1.647788999999999948e+00
-9.653110000000000301e-01
-1.801010999999999918e+00
-2.328911000000000175e+00
-2.400910999999999795e+00
5.910789000000000293e+00
5.446888999999999648e+00
5.088089000000000084e+00
-1.118711000000000011e+00
-1.729411000000000032e+00
-1.854810999999999988e+00
-5.549110000000000431e-01
-1.863110000000000044e-01
-3.328110000000000235e-01
1.425889999999999935e-01
-1.575310999999999906e+00
