-1.300505999999999940e+00
-5.862060000000000048e-01
5.049940000000000540e-01
8.621940000000000159e-01
2.202939999999999898e-01
-9.349060000000000148e-01
2.247593999999999870e+00
2.069294000000000189e+00
9.310939999999999772e-01
-1.759406000000000025e+00
-1.016605999999999899e+00
-1.444060000000000066e-01
-1.414106000000000085e+00
-2.033706000000000014e+00
-1.397605999999999904e+00
-1.428059999999999885e-01
4.773939999999999850e-01
3.088293999999999873e+00
5.399939999999999740e-01
-1.661705999999999905e+00
-2.564805999999999919e+00
-5.058059999999999778e-01
-1.845005999999999924e+00
-1.936906000000000017e+00
-3.016906000000000088e+00
-1.881605999999999890e+00
3.547939999999999983e-01
1.456693999999999933e+00
3.293293999999999944e+00
2.728094000000000019e+00
4.043294000000000388e+00
1.433194000000000079e+00
-1.075060000000000043e-01
