1.508418999999999954e+00
1.034818999999999933e+00
4.818189999999999973e-01
3.989190000000000236e-01
8.675190000000000401e-01
1.422719000000000067e+00
-1.776810000000000056e-01
-3.359809999999999741e-01
7.381899999999999573e-02
7.197189999999999976e-01
-1.901809999999999889e-01
-1.157081000000000026e+00
-1.004880999999999913e+00
-1.604581000000000035e+00
-1.462881000000000098e+00
-7.097809999999999953e-01
-9.578100000000000502e-02
-2.507809999999999762e-01
1.939419000000000004e+00
1.121118999999999977e+00
1.238018999999999981e+00
-5.125809999999999533e-01
-1.136381000000000085e+00
6.247190000000000243e-01
1.294418999999999986e+00
-2.401981000000000144e+00
-8.314810000000000256e-01
-5.676809999999999912e-01
7.848190000000000444e-01
-2.187781000000000198e+00
-1.955481000000000025e+00
1.974190000000000111e-01
2.792819000000000162e+00
1.269919000000000020e+00
7.717190000000000438e-01
1.538918999999999926e+00
2.295319000000000109e+00
6.481190000000000007e-01
1.198619000000000101e+00
-8.837810000000000388e-01
-7.533809999999999674e-01
-2.226380999999999943e+00
1.835218999999999934e+00
5.775190000000000046e-01
2.029519000000000073e+00
-2.356681000000000026e+00
-2.593881000000000103e+00
-3.268280999999999992e+00
