-2.097013000000000016e+00
-2.777512999999999899e+00
-2.973212999999999884e+00
-2.456713000000000147e+00
-1.725313000000000097e+00
-1.560313000000000061e+00
-2.655012999999999845e+00
-2.148712999999999873e+00
-1.417613000000000012e+00
-1.219813000000000036e+00
-9.017129999999999868e-01
1.781870000000000120e-01
1.524887000000000103e+00
2.557887000000000022e+00
2.229086999999999819e+00
8.918869999999999854e-01
-1.257129999999999914e-01
-8.841130000000000377e-01
-3.310213000000000072e+00
3.895386999999999933e+00
4.250886999999999638e+00
-9.318130000000000024e-01
6.957870000000000443e-01
-6.512130000000000418e-01
3.240187000000000150e+00
3.627086999999999950e+00
-3.224413000000000196e+00
-2.355213000000000001e+00
-6.622130000000000516e-01
-3.760129999999999861e-01
1.730787000000000075e+00
-1.172212999999999949e+00
-4.381299999999999778e-02
-8.320130000000000026e-01
-3.826613000000000042e+00
-3.177712999999999788e+00
5.342986999999999931e+00
3.911186999999999969e+00
3.866486999999999785e+00
-7.776129999999999987e-01
-1.915912999999999977e+00
-6.247129999999999628e-01
-1.213713000000000042e+00
-1.142212999999999923e+00
4.411286999999999736e+00
2.788286999999999960e+00
4.038086999999999982e+00
