1.760213999999999945e+00
1.756814000000000098e+00
1.055314000000000085e+00
3.101140000000000008e-01
3.298139999999999961e-01
-3.622859999999999969e-01
7.921400000000000663e-02
1.426139999999999908e-01
1.019114000000000075e+00
9.850139999999999452e-01
4.721139999999999781e-01
1.158614000000000033e+00
-3.915859999999999896e-01
-3.006860000000000088e-01
2.379913999999999863e+00
-1.558599999999999916e-02
1.720140000000000002e-01
4.913999999999999965e-03
-3.211860000000000270e-01
-5.710859999999999825e-01
-3.930859999999999910e-01
-9.283860000000000445e-01
-2.063886000000000109e+00
-4.221860000000000057e-01
8.392140000000000155e-01
2.584139999999999771e-01
-9.651859999999999884e-01
5.581139999999999990e-01
-1.236485999999999974e+00
2.278614000000000139e+00
-1.590860000000000052e-01
-1.444385999999999948e+00
1.062513999999999958e+00
-6.462860000000000271e-01
2.048614000000000157e+00
7.071140000000000203e-01
4.801139999999999852e-01
-5.951859999999999928e-01
-2.578485999999999834e+00
-1.741285999999999889e+00
-2.775986000000000065e+00
7.197139999999999649e-01
1.144114000000000075e+00
1.614414000000000016e+00
-7.206860000000000488e-01
-1.447586000000000039e+00
-1.650185999999999931e+00
4.231399999999999745e-02
1.132913999999999977e+00
-2.011985999999999830e+00
-7.691860000000000364e-01
