-1.683797999999999906e+00
-5.453980000000000494e-01
6.281020000000000492e-01
6.636020000000000252e-01
-4.710980000000000167e-01
-1.644498000000000015e+00
-4.486979999999999857e-01
-5.008979999999999544e-01
-4.792980000000000018e-01
-4.359979999999999967e-01
-3.892979999999999774e-01
-3.927979999999999805e-01
-5.781979999999999897e-01
-2.850497999999999976e+00
-4.501979999999999871e-01
2.788402000000000047e+00
2.035201999999999956e+00
-5.530979999999999785e-01
5.842019999999999991e-01
6.113020000000000120e-01
-5.728980000000000183e-01
1.902802000000000104e+00
2.283402000000000154e+00
3.583502000000000187e+00
-1.080897999999999914e+00
-9.358980000000000077e-01
-1.409297999999999940e+00
-2.034098000000000184e+00
-2.182497999999999827e+00
-1.710798000000000041e+00
-5.563979999999999482e-01
-3.555980000000000252e-01
-3.580980000000000274e-01
2.722019999999999995e-01
-1.447997999999999896e+00
-3.643797999999999870e+00
-3.055698000000000025e+00
3.785702000000000123e+00
2.909101999999999855e+00
2.266302000000000039e+00
1.977902000000000049e+00
2.612601999999999869e+00
-1.382498000000000005e+00
-2.989979999999999860e-01
1.901402000000000037e+00
2.665401999999999827e+00
2.303301999999999961e+00
1.571501999999999954e+00
3.757201999999999931e+00
-4.526979999999999893e-01
-1.290697999999999901e+00
-2.406098000000000070e+00
-2.668498000000000037e+00
-1.835898000000000030e+00
