7.629629999999999468e-01
6.918630000000000058e-01
4.749630000000000241e-01
3.213630000000000098e-01
3.708629999999999982e-01
5.902629999999999821e-01
1.094630000000000047e-01
-5.103699999999999903e-02
-5.036999999999999811e-03
2.074630000000000085e-01
-1.947369999999999934e-01
-9.733700000000000685e-02
-2.266370000000000051e-01
-1.118370000000000059e-01
-2.350369999999999959e-01
-4.788370000000000126e-01
-5.958369999999999500e-01
-4.707370000000000165e-01
7.169630000000000170e-01
8.540630000000000166e-01
-6.188369999999999704e-01
-8.302370000000000028e-01
-4.971369999999999956e-01
-2.204369999999999941e-01
-1.182136999999999993e+00
5.787630000000000274e-01
8.446299999999999641e-02
7.806299999999999351e-02
-1.353370000000000128e-01
-7.858370000000000077e-01
-5.701370000000000049e-01
2.112630000000000063e-01
8.368630000000000235e-01
8.067630000000000079e-01
1.020863000000000076e+00
-6.284370000000000234e-01
4.961630000000000207e-01
-1.277836999999999890e+00
