1.646859999999999991e-01
1.414385999999999921e+00
2.243285999999999891e+00
1.795786000000000104e+00
5.078859999999999486e-01
-2.772140000000000160e-01
2.646085999999999938e+00
2.228585999999999956e+00
9.682859999999999800e-01
9.978599999999999970e-02
6.392860000000000209e-01
-6.630139999999999922e-01
-6.775139999999999496e-01
-4.860140000000000016e-01
-4.902139999999999831e-01
-6.790140000000000065e-01
-8.571140000000000425e-01
-8.542140000000000288e-01
-1.589213999999999904e+00
1.874085999999999919e+00
-1.023913999999999991e+00
-1.160814000000000012e+00
-3.009140000000000148e-01
-3.023140000000000271e-01
2.978886000000000145e+00
-9.120139999999999914e-01
1.355685999999999947e+00
-8.943140000000000533e-01
-1.451114000000000015e+00
-3.320139999999999758e-01
-6.873139999999999805e-01
-9.860139999999999461e-01
-1.826413999999999982e+00
-2.058914000000000133e+00
2.815186000000000188e+00
1.268386000000000013e+00
-1.262513999999999914e+00
-2.065014000000000127e+00
-2.688139999999999974e-01
-1.417140000000000066e-01
-1.269714000000000009e+00
5.170860000000000456e-01
