-7.269090000000000273e-01
-4.878089999999999926e-01
-5.901089999999999947e-01
-9.697090000000000432e-01
-1.247908999999999935e+00
-1.083309000000000077e+00
-1.098808999999999925e+00
-1.499608999999999970e+00
-1.788208999999999937e+00
-1.663508999999999904e+00
-2.230808999999999820e+00
-4.849089999999999789e-01
4.908910000000000218e-01
1.459190999999999905e+00
1.457090999999999914e+00
4.782910000000000217e-01
-4.849089999999999789e-01
-1.341709000000000040e+00
-1.129089999999999955e-01
-1.268609000000000098e+00
-1.537708999999999993e+00
-2.495909000000000155e+00
2.383391000000000037e+00
3.476191000000000031e+00
2.437891000000000030e+00
2.471090999999999926e+00
-8.836089999999999778e-01
-1.583909000000000011e+00
-1.894109000000000043e+00
-3.218808999999999809e+00
-2.288209000000000160e+00
5.069909999999999695e-01
4.273910000000000209e-01
-1.237708999999999948e+00
-1.058208999999999955e+00
-1.192109000000000085e+00
7.569099999999999440e-02
-2.690899999999999889e-02
4.227390999999999899e+00
3.940990999999999911e+00
3.151590999999999809e+00
3.308790999999999816e+00
1.555091000000000001e+00
2.648991000000000096e+00
