7.328590000000000382e-01
7.173589999999999689e-01
5.986590000000000522e-01
4.878589999999999871e-01
4.933589999999999920e-01
6.329590000000000494e-01
3.522589999999999888e-01
2.362589999999999968e-01
2.646589999999999776e-01
3.824589999999999934e-01
6.046589999999999465e-01
8.270589999999999886e-01
1.435589999999999922e-01
-5.427410000000000290e-01
-1.596640999999999977e+00
-2.307141000000000108e+00
-1.983740999999999977e+00
-9.536409999999999609e-01
-2.467409999999999881e-01
1.060858999999999996e+00
3.273590000000000111e-01
9.755900000000000682e-02
9.272590000000000554e-01
7.537589999999999568e-01
8.174590000000000467e-01
9.174590000000000245e-01
-1.895941000000000098e+00
-3.115441000000000127e+00
-2.533240999999999854e+00
-6.928410000000000402e-01
5.527590000000000003e-01
1.936458999999999930e+00
5.574590000000000378e-01
1.445759000000000016e+00
