7.474889999999999590e-01
-1.180110000000000048e-01
-7.022110000000000296e-01
-4.095110000000000139e-01
4.850889999999999924e-01
1.046489000000000003e+00
-1.047711000000000059e+00
-8.317109999999999781e-01
2.918899999999999967e-02
7.063890000000000446e-01
1.594889999999999919e-01
-5.784110000000000085e-01
-6.320109999999999895e-01
-1.376311000000000062e+00
-1.470110999999999946e+00
-8.126109999999999722e-01
-6.371100000000000374e-02
2.338900000000000007e-02
1.961988999999999983e+00
-4.254109999999999836e-01
-2.296311000000000213e+00
-1.856311000000000044e+00
-2.329111000000000153e+00
-3.604210999999999832e+00
5.287889999999999535e-01
1.303689000000000098e+00
1.647488999999999981e+00
-1.400711000000000039e+00
-2.299110000000000043e-01
1.220388999999999946e+00
-1.096611000000000002e+00
-1.898010999999999893e+00
-8.835110000000000463e-01
6.044890000000000541e-01
2.853588999999999931e+00
1.600789000000000017e+00
-1.081410999999999900e+00
5.488999999999999956e-03
1.700789000000000106e+00
6.825890000000000013e-01
2.153989000000000154e+00
1.712088999999999972e+00
2.663788999999999962e+00
1.306389000000000022e+00
