3.063162999999999858e+00
2.364262999999999781e+00
1.709062999999999999e+00
1.768963000000000063e+00
2.455563000000000162e+00
3.105763000000000051e+00
2.467262999999999984e+00
1.117262999999999895e+00
5.474630000000000329e-01
-7.142370000000000108e-01
-1.417637000000000036e+00
-8.262369999999999992e-01
4.143629999999999813e-01
3.857263000000000108e+00
2.317963000000000218e+00
-1.412036999999999987e+00
-9.500370000000000203e-01
-2.704337000000000213e+00
-1.335436999999999985e+00
-6.156369999999999898e-01
-3.751437000000000133e+00
-4.821336999999999762e+00
-4.435636999999999830e+00
-3.144436999999999927e+00
1.226963000000000026e+00
2.838862999999999914e+00
3.187762999999999902e+00
1.108462999999999976e+00
8.371629999999999905e-01
4.672462999999999589e+00
3.324962999999999891e+00
1.792763000000000106e+00
2.801362999999999825e+00
1.184629999999999989e-01
-1.154036999999999979e+00
-1.495737000000000094e+00
-1.248636999999999997e+00
3.053629999999999955e-01
-4.128370000000000095e-01
-3.668737000000000137e+00
-5.777536999999999701e+00
-5.027836999999999890e+00
-2.489136999999999933e+00
