1.808210000000000095e+00
9.900099999999999456e-01
1.476099999999999912e-01
1.239100000000000062e-01
9.262099999999999778e-01
1.758510000000000018e+00
-7.246899999999999453e-01
-7.887899999999999912e-01
5.009999999999999697e-03
8.745100000000000096e-01
2.658710000000000129e+00
1.019609999999999905e+00
-1.589000000000000135e-02
-1.764790000000000081e+00
8.275099999999999678e-01
8.179100000000000259e-01
1.648209999999999953e+00
1.641110000000000069e+00
-1.289290000000000047e+00
-2.246189999999999909e+00
-1.773889999999999967e+00
-2.721690000000000165e+00
2.407610000000000028e+00
3.209109999999999907e+00
4.133100000000000107e-01
1.649410000000000043e+00
3.805100000000000149e-01
-1.047290000000000054e+00
-1.949389999999999956e+00
-2.731289999999999996e+00
4.486100000000000088e-01
1.859809999999999963e+00
1.215309999999999890e+00
-2.147900000000000087e-01
1.251609999999999889e+00
2.682409999999999961e+00
2.239710000000000090e+00
2.062609999999999832e+00
6.230099999999999527e-01
-1.210990000000000011e+00
-2.837899999999999867e-01
-2.320390000000000175e+00
-3.250389999999999890e+00
-1.701889999999999903e+00
-7.715899999999999981e-01
-2.365489999999999871e+00
-2.790690000000000115e+00
-3.726890000000000036e+00
