1.470310999999999924e+00
1.763311000000000073e+00
1.793811000000000044e+00
1.491111000000000075e+00
1.155410999999999966e+00
1.192911000000000055e+00
1.491011000000000086e+00
1.424010999999999916e+00
4.976110000000000255e-01
8.389109999999999623e-01
-1.010288999999999993e+00
-1.717589000000000032e+00
-2.167889000000000177e+00
-2.824889000000000205e+00
-3.053288999999999920e+00
-2.627889000000000141e+00
-1.969489000000000045e+00
8.785110000000000419e-01
2.057411000000000101e+00
-2.881489000000000189e+00
-3.869788999999999923e+00
6.542109999999999870e-01
2.400110999999999883e+00
1.149710999999999927e+00
2.437410999999999994e+00
7.399109999999999854e-01
1.732510999999999912e+00
2.721099999999999908e-02
-1.149688999999999961e+00
-1.548788999999999971e+00
-2.013389000000000095e+00
-3.157188999999999801e+00
-1.641189000000000009e+00
1.176210999999999895e+00
9.344109999999999916e-01
2.283110999999999891e+00
2.043711000000000055e+00
