-4.652499999999999691e-02
-4.152499999999999941e-02
-1.842500000000000041e-02
-9.124999999999999431e-03
-1.192499999999999984e-02
-1.182500000000000044e-02
-8.249999999999999955e-04
-9.250000000000000409e-04
-1.142499999999999939e-02
-1.772500000000000117e-02
-4.512499999999999845e-02
-6.222500000000000253e-02
-1.652500000000000149e-02
3.275000000000000133e-03
4.375000000000000416e-03
-3.182499999999999912e-02
5.060750000000000526e-01
-4.762500000000000067e-02
-5.972500000000000031e-02
-8.042499999999999649e-02
