8.818270000000000275e-01
7.357270000000000199e-01
6.239270000000000094e-01
6.604269999999999863e-01
8.118269999999999653e-01
9.299269999999999481e-01
5.431270000000000264e-01
5.760269999999999557e-01
7.328270000000000062e-01
8.502269999999999550e-01
7.562269999999999825e-01
-5.861730000000000551e-01
-7.037729999999999819e-01
-1.082729999999999942e-01
-2.563730000000000175e-01
-1.008172999999999986e+00
-1.618373000000000062e+00
-1.468873000000000095e+00
1.037527000000000088e+00
6.965270000000000072e-01
-1.188773000000000080e+00
-2.252572999999999936e+00
8.141270000000000451e-01
-1.550273000000000012e+00
4.203270000000000062e-01
4.756270000000000220e-01
1.461027000000000076e+00
1.154727000000000059e+00
2.106270000000000087e-01
-2.207573000000000008e+00
1.482126999999999972e+00
1.162827000000000055e+00
5.865270000000000206e-01
7.787269999999999470e-01
-2.566673000000000204e+00
-1.300972999999999935e+00
-1.565973000000000059e+00
