3.188922999999999952e+00
3.327322999999999809e+00
2.933323000000000125e+00
2.342623000000000122e+00
2.140022999999999787e+00
2.622723000000000138e+00
1.852823000000000109e+00
1.400622999999999951e+00
7.251229999999999620e-01
1.504423000000000066e+00
-7.168769999999999865e-01
-1.185276999999999914e+00
2.487023000000000206e+00
3.912622999999999962e+00
-1.193977000000000066e+00
-1.622476999999999947e+00
-2.087276999999999827e+00
-2.081777000000000211e+00
-1.641277000000000097e+00
-1.642276999999999987e+00
-1.012777000000000038e+00
-2.520776999999999823e+00
-2.473876999999999882e+00
-2.491376999999999953e+00
-3.896876999999999924e+00
1.032122999999999902e+00
2.654622999999999955e+00
7.911230000000000206e-01
2.294223000000000123e+00
2.316323000000000132e+00
8.872229999999999839e-01
-1.203977000000000075e+00
-1.123677000000000037e+00
2.623422999999999838e+00
2.869022999999999879e+00
4.032822999999999602e+00
4.225723000000000340e+00
-8.608770000000000033e-01
-1.633477000000000068e+00
3.862299999999999761e-02
-1.045576999999999979e+00
-1.556176999999999921e+00
-2.828676999999999886e+00
-1.447977000000000070e+00
-3.141277000000000097e+00
-4.138777000000000150e+00
-4.180176999999999587e+00
-4.475277000000000172e+00
