1.227689999999999948e+00
8.503899999999999793e-01
4.436899999999999733e-01
4.143899999999999806e-01
7.936900000000000066e-01
1.195689999999999920e+00
-1.391000000000000049e-02
-1.065099999999999936e-01
2.273900000000000088e-01
7.191899999999999959e-01
4.929000000000000048e-02
-1.002709999999999990e+00
-8.577099999999999724e-01
-1.600810000000000066e+00
-1.464110000000000023e+00
-5.708100000000000396e-01
1.763899999999999912e-01
3.079000000000000140e-02
1.602389999999999981e+00
8.812900000000000178e-01
1.306589999999999918e+00
-3.944099999999999828e-01
1.149289999999999923e+00
-2.439509999999999845e+00
-2.302309999999999857e+00
-4.822100000000000275e-01
-2.009100000000000052e-01
1.030389999999999917e+00
-2.293810000000000127e+00
6.143899999999999917e-01
2.485590000000000188e+00
8.962900000000000311e-01
5.986900000000000555e-01
1.186890000000000001e+00
2.167790000000000106e+00
4.544900000000000051e-01
1.186690000000000023e+00
-2.402709999999999901e+00
-2.428209999999999980e+00
-3.128709999999999880e+00
