4.405789999999999984e-01
1.490789999999999893e-01
-3.962209999999999899e-01
-6.469209999999999683e-01
-4.021210000000000062e-01
1.827789999999999970e-01
-1.208121000000000000e+00
-1.329920999999999909e+00
-8.547209999999999530e-01
-8.484209999999999807e-01
5.215790000000000148e-01
4.406789999999999874e-01
8.072789999999999688e-01
5.141790000000000527e-01
-3.541210000000000191e-01
-5.735209999999999475e-01
1.133789999999999937e-01
1.007079000000000057e+00
1.205978999999999912e+00
-4.410209999999999964e-01
7.266789999999999639e-01
1.274879000000000095e+00
6.567790000000000017e-01
-5.138209999999999722e-01
-1.063420999999999950e+00
-1.080221000000000098e+00
-1.769120999999999944e+00
-1.125221000000000027e+00
-1.592020999999999908e+00
4.459790000000000143e-01
9.658790000000000431e-01
2.401790000000000036e-01
8.552790000000000115e-01
-1.271020999999999956e+00
-4.732100000000000195e-02
1.546979000000000104e+00
1.901478999999999919e+00
1.226979000000000042e+00
2.185979000000000116e+00
1.086678999999999951e+00
-1.000121000000000038e+00
-1.978920999999999930e+00
