-1.288779999999999926e-01
1.015220000000000011e-01
3.825219999999999732e-01
4.318219999999999836e-01
2.119219999999999993e-01
-5.937800000000000022e-02
7.100220000000000420e-01
7.681219999999999715e-01
5.569220000000000281e-01
2.729219999999999979e-01
-3.516779999999999906e-01
4.232199999999999851e-02
6.365220000000000322e-01
-8.674779999999999713e-01
-6.464779999999999971e-01
-1.752677999999999958e+00
-1.631877999999999940e+00
-4.052780000000000271e-01
6.970220000000000304e-01
5.758219999999999450e-01
9.941219999999999501e-01
7.652200000000000668e-02
-5.031780000000000141e-01
2.121220000000000050e-01
-1.738780000000000048e-01
1.523322000000000065e+00
7.503220000000000445e-01
-2.721477999999999842e+00
-2.496878000000000153e+00
-3.092779999999999974e-01
1.654322000000000070e+00
1.450221999999999900e+00
