2.471497999999999973e+00
2.533297999999999828e+00
2.419497999999999927e+00
2.240498000000000101e+00
2.173798000000000119e+00
2.285597999999999796e+00
2.129097999999999935e+00
1.910498000000000030e+00
1.806597999999999926e+00
1.995298000000000016e+00
1.532597999999999905e+00
2.223298000000000219e+00
2.722897999999999818e+00
1.995997999999999939e+00
3.067980000000000151e-01
-9.957019999999999760e-01
-1.921002000000000098e+00
-1.186601999999999935e+00
2.559980000000000033e-01
-1.457202000000000108e+00
-2.834902000000000033e+00
-3.747802000000000078e+00
-3.294702000000000019e+00
-4.072201999999999877e+00
-5.483401999999999887e+00
1.807398000000000060e+00
1.482498000000000093e+00
2.394798000000000204e+00
3.025898000000000199e+00
1.357097999999999915e+00
2.773397999999999808e+00
2.811297999999999853e+00
2.114297999999999789e+00
2.854398000000000213e+00
1.061898000000000009e+00
-1.285201999999999956e+00
-1.518302000000000040e+00
5.020980000000000443e-01
9.729980000000000295e-01
-7.838019999999999987e-01
-3.205201999999999884e+00
-4.805702000000000140e+00
-5.958402000000000420e+00
-5.845401999999999987e+00
-5.765801999999999872e+00
