-3.026500000000000024e-02
-3.396500000000000213e-02
-2.856500000000000011e-02
-1.796499999999999833e-02
-4.264999999999999694e-03
-4.364999999999999956e-03
-2.336500000000000035e-02
-1.516499999999999966e-02
3.534999999999999948e-03
1.183500000000000003e-02
-6.106500000000000122e-02
-4.806499999999999662e-02
6.303499999999999381e-02
2.033499999999999891e-02
-3.556499999999999939e-02
-2.106500000000000039e-02
3.742349999999999843e-01
-4.176499999999999657e-02
-5.296499999999999819e-02
-5.456500000000000239e-02
