-1.754704999999999959e+00
-9.646050000000000457e-01
-1.459050000000000069e-01
-1.739050000000000040e-01
-9.294050000000000367e-01
-1.766205000000000025e+00
5.789950000000000374e-01
3.134950000000000236e-01
-5.947050000000000392e-01
-1.125105000000000022e+00
-2.616105000000000125e+00
-1.010904999999999943e+00
-2.596049999999999747e-01
-5.959050000000000180e-01
-1.874305000000000110e+00
-2.182104999999999961e+00
-1.214604999999999935e+00
6.159499999999999698e-02
3.564950000000000063e-01
1.632295000000000051e+00
2.115295000000000147e+00
1.359695000000000098e+00
1.928795000000000037e+00
3.252295000000000158e+00
4.012394999999999712e+00
3.446295000000000108e+00
8.391950000000000243e-01
-1.326205000000000078e+00
-2.083004999999999995e+00
-2.739405000000000090e+00
-3.188204999999999956e+00
-4.346050000000000191e-01
-1.619105000000000016e+00
7.245949999999999891e-01
-2.664204999999999934e+00
-3.183804999999999996e+00
-1.454104999999999981e+00
8.212949999999999973e-01
3.328949999999999965e-01
1.340694999999999970e+00
3.694094999999999906e+00
5.047295000000000087e+00
4.042995000000000339e+00
