-1.101831999999999923e+00
-5.798320000000000141e-01
2.553679999999999839e-01
5.975679999999999881e-01
1.082680000000000031e-01
-7.715319999999999956e-01
4.775679999999999925e-01
-1.798319999999999919e-01
1.678679999999999894e-01
1.176268000000000091e+00
1.834967999999999932e+00
1.487068000000000056e+00
-9.181319999999999482e-01
-1.316232000000000069e+00
1.637067999999999968e+00
3.022168000000000188e+00
1.578268000000000004e+00
-5.274320000000000119e-01
-1.551319999999999921e-01
-7.807319999999999816e-01
-4.482320000000000193e-01
-1.063832000000000111e+00
-2.271631999999999874e+00
-1.766531999999999991e+00
-9.763319999999999776e-01
2.618468000000000018e+00
2.010467999999999922e+00
-5.369319999999999649e-01
-1.548332000000000042e+00
-1.547631999999999897e+00
-1.950731999999999911e+00
3.704568000000000083e+00
3.243567999999999785e+00
3.238767999999999869e+00
1.386867999999999990e+00
1.422668000000000044e+00
-9.158319999999999794e-01
6.353680000000000438e-01
-1.330732000000000026e+00
-3.605320000000000191e-01
-3.097231999999999985e+00
-2.625131999999999799e+00
-1.261832000000000065e+00
-2.571032000000000206e+00
