5.820680000000000298e-01
5.557680000000000398e-01
7.150680000000000369e-01
9.118680000000000119e-01
9.629680000000000462e-01
7.953679999999999639e-01
1.075668000000000069e+00
1.281568000000000040e+00
1.328867999999999938e+00
1.165867999999999904e+00
1.523068000000000088e+00
2.780679999999999819e-01
1.504679999999999906e-01
1.257568000000000019e+00
1.155667999999999918e+00
-5.973200000000000037e-02
-1.185831999999999997e+00
-1.096132000000000106e+00
7.705680000000000307e-01
3.515679999999999916e-01
-2.400031999999999943e+00
-3.538132000000000055e+00
-3.474832000000000143e+00
-2.273832000000000075e+00
1.039968000000000004e+00
1.397267999999999954e+00
2.315767999999999827e+00
1.856867999999999963e+00
-5.642319999999999558e-01
2.230567999999999884e+00
2.028668000000000138e+00
-1.168320000000000053e-01
1.309868000000000032e+00
6.888680000000000359e-01
3.259679999999999800e-01
2.262679999999999969e-01
-2.468831999999999915e+00
-4.470132999999999690e+00
-4.357732999999999635e+00
-2.275831999999999855e+00
