1.274609000000000103e+00
2.218408999999999853e+00
2.955309000000000186e+00
2.722309000000000090e+00
1.760108999999999924e+00
1.063509000000000038e+00
3.460608999999999824e+00
3.255309000000000008e+00
2.291408999999999807e+00
1.553709000000000007e+00
2.123009000000000146e+00
-2.499909999999999910e-01
-4.628909999999999969e-01
-1.740990999999999955e+00
-2.822191000000000116e+00
-2.634990999999999861e+00
-1.353491000000000000e+00
5.470900000000000069e-02
2.446009000000000100e+00
-1.797090999999999994e+00
-3.084890999999999828e+00
1.133108999999999922e+00
-3.780491000000000046e+00
-3.637391000000000041e+00
4.219008999999999787e+00
3.864508999999999972e+00
7.920089999999999630e-01
2.709309000000000189e+00
3.825089999999999879e-01
-3.830991000000000035e+00
-1.184190999999999994e+00
1.794090000000000129e-01
-3.809910000000000241e-01
3.156108999999999831e+00
1.905809000000000086e+00
-2.958991000000000149e+00
-3.755491000000000135e+00
-3.512790999999999997e+00
1.415108999999999950e+00
1.140708999999999973e+00
-4.629590999999999568e+00
-3.264590999999999799e+00
-2.994590999999999781e+00
