1.670636000000000010e+00
1.306535999999999920e+00
8.592359999999999998e-01
7.710360000000000547e-01
1.124236000000000013e+00
1.587436000000000069e+00
3.043359999999999954e-01
1.937359999999999915e-01
5.629359999999999919e-01
1.032235999999999931e+00
1.931335999999999942e+00
1.394735999999999976e+00
-7.925640000000000462e-01
-1.651664000000000021e+00
-2.656664000000000136e+00
-2.805963999999999903e+00
-1.953764000000000056e+00
-9.382639999999999869e-01
-7.576399999999999801e-02
-2.198640000000000039e-01
4.917360000000000064e-01
9.693599999999999439e-02
1.771336000000000022e+00
1.913600000000000023e-02
-1.687639999999999973e-01
2.287736000000000214e+00
2.298836000000000102e+00
1.126535999999999982e+00
1.731036000000000019e+00
-1.564964000000000022e+00
-3.324364000000000097e+00
-3.591164000000000023e+00
-2.117064000000000057e+00
5.469359999999999777e-01
-5.096400000000000236e-02
-1.196863999999999928e+00
