6.969049999999999967e-01
7.961049999999999516e-01
7.074049999999999505e-01
5.135049999999999892e-01
4.072049999999999836e-01
4.950049999999999728e-01
3.609049999999999758e-01
1.553049999999999986e-01
2.274049999999999960e-01
1.061050000000000049e-01
3.779049999999999909e-01
9.999050000000000438e-01
2.278050000000000075e-01
4.304999999999999799e-03
-4.517950000000000021e-01
-7.056949999999999612e-01
-4.716949999999999754e-01
-5.319499999999999923e-02
1.776050000000000129e-01
9.790500000000000591e-02
5.249049999999999550e-01
-7.268949999999999578e-01
4.535049999999999915e-01
-1.121194999999999942e+00
-2.552294999999999980e+00
-2.295000000000000165e-03
8.846049999999999747e-01
-8.712950000000000417e-01
1.525050000000000017e-01
4.380049999999999777e-01
1.076205000000000078e+00
1.069404999999999939e+00
7.392050000000000010e-01
-6.164950000000000152e-01
5.016049999999999676e-01
5.940050000000000052e-01
-2.060950000000000004e-01
1.519104999999999928e+00
2.175050000000000039e-01
1.273204999999999920e+00
7.611050000000000315e-01
-2.845495000000000108e+00
-2.952694999999999848e+00
-2.978994999999999838e+00
