-4.701999999999999930e-02
-4.202000000000000179e-02
-1.822000000000000008e-02
-8.920000000000000845e-03
-1.221999999999999996e-02
-1.192000000000000004e-02
-2.000000000000000164e-05
-2.200000000000000078e-04
-1.182000000000000065e-02
-1.872000000000000053e-02
-4.352000000000000313e-02
-6.311999999999999555e-02
-2.021999999999999839e-02
4.680000000000000132e-03
5.680000000000000153e-03
-3.452000000000000207e-02
5.111799999999999677e-01
-4.662000000000000172e-02
-6.042000000000000148e-02
-8.201999999999999569e-02
