3.632842999999999822e+00
4.174542999999999893e+00
4.277542999999999651e+00
3.790843000000000185e+00
3.199542999999999804e+00
3.172442999999999902e+00
3.860243000000000091e+00
3.531343000000000121e+00
2.457443000000000044e+00
2.687443000000000026e+00
-1.880557000000000034e+00
2.601643000000000150e+00
4.653242999999999796e+00
-2.786557000000000173e+00
-3.632457000000000047e+00
-3.570357000000000003e+00
-2.655056999999999778e+00
-1.834057000000000048e+00
-4.537357000000000085e+00
-4.625657000000000352e+00
-2.653957000000000122e+00
-1.568956999999999935e+00
-4.373156999999999961e+00
-5.617357000000000156e+00
-9.811569999999999458e-01
1.084443000000000046e+00
5.173429999999999973e-01
3.172343000000000135e+00
4.868142999999999887e+00
3.329143000000000185e+00
4.435342999999999591e+00
3.437542999999999793e+00
1.771843000000000057e+00
2.741442999999999852e+00
2.630742999999999832e+00
5.069943000000000310e+00
4.592143000000000086e+00
-2.809356999999999882e+00
-1.145956999999999892e+00
-5.389256999999999742e+00
-4.942956999999999823e+00
-3.679157000000000011e+00
-1.641556999999999933e+00
-6.034570000000000212e-01
-1.642457000000000056e+00
-6.213556999999999775e+00
-5.463856999999999964e+00
-6.176956999999999809e+00
-1.133256999999999959e+00
-1.297657000000000060e+00
1.004043000000000019e+00
4.412429999999999963e-01
1.037943000000000060e+00
6.833430000000000337e-01
