1.640387000000000040e+00
5.701869999999999994e-01
-6.880129999999999857e-01
-8.900130000000000541e-01
1.607870000000000132e-01
1.432687000000000044e+00
-4.241299999999999931e-02
-2.750130000000000075e-01
-4.765130000000000199e-01
-4.403130000000000099e-01
-2.023129999999999928e-01
-2.713000000000000134e-03
7.720869999999999678e-01
2.583187000000000122e+00
-6.421130000000000448e-01
-2.849312999999999985e+00
-2.340513000000000066e+00
-7.266129999999999534e-01
1.481870000000000132e-01
4.074869999999999881e-01
-1.028130000000000016e-01
1.303870000000000029e-01
8.788869999999999738e-01
1.423586999999999936e+00
1.168487000000000053e+00
-2.146113000000000159e+00
2.162186999999999859e+00
3.551587000000000049e+00
1.140387000000000040e+00
1.614869999999999917e-01
-3.216129999999999822e-01
-1.066013000000000099e+00
-3.154129999999999989e-01
-1.629130000000000023e-01
1.863869999999999971e-01
-2.131299999999999861e-02
1.712587000000000081e+00
3.457587000000000188e+00
2.582886999999999933e+00
-3.905712999999999990e+00
-2.294112999999999847e+00
-2.754413000000000000e+00
-2.941113000000000088e+00
-2.503312999999999899e+00
-2.958129999999999926e-01
1.126087000000000060e+00
-6.881129999999999747e-01
1.561387000000000080e+00
-2.274112999999999829e+00
-2.679812999999999779e+00
-2.628813000000000066e+00
4.105186999999999919e+00
3.741586999999999996e+00
3.915386999999999951e+00
3.544869999999999965e-01
2.454870000000000108e-01
-8.533129999999999882e-01
-1.331712999999999925e+00
-1.996113000000000026e+00
-4.625130000000000075e-01
