2.087801999999999936e+00
2.515001999999999960e+00
1.996402000000000010e+00
9.729020000000000445e-01
4.316019999999999857e-01
1.070202000000000098e+00
3.914020000000000277e-01
-6.802979999999999583e-01
-1.159397999999999929e+00
-6.140980000000000327e-01
-2.351097999999999910e+00
-2.202497999999999845e+00
-1.389598000000000111e+00
-1.268698000000000103e+00
-4.749979999999999758e-01
2.334019999999999984e-01
1.436020000000000074e-01
-6.550979999999999581e-01
6.205019999999999980e-01
3.542202000000000073e+00
1.081002000000000018e+00
1.850402000000000102e+00
-2.941197999999999979e+00
-3.582898000000000138e+00
9.586019999999999541e-01
1.620301999999999909e+00
-3.323980000000000268e-01
1.478401999999999994e+00
7.709019999999999762e-01
-1.122997999999999941e+00
-2.542397999999999936e+00
-3.237098000000000031e+00
-1.798497999999999930e+00
-4.375979999999999870e-01
6.861019999999999897e-01
-6.780979999999999785e-01
1.883019999999999972e-01
1.147702000000000000e+00
3.880501999999999896e+00
3.949002000000000123e+00
-4.147298000000000151e+00
