-1.776179999999999981e-01
1.183820000000000011e-01
4.473820000000000019e-01
4.762819999999999832e-01
1.885819999999999996e-01
-1.278179999999999872e-01
8.082819999999999450e-01
8.493819999999999704e-01
5.530819999999999625e-01
2.247820000000000096e-01
5.700819999999999776e-01
-9.954180000000000250e-01
-7.416179999999999994e-01
-1.706717999999999957e+00
-1.546218000000000092e+00
-4.244180000000000175e-01
5.345820000000000016e-01
3.748819999999999930e-01
-4.889180000000000192e-01
8.018200000000000327e-02
1.040381999999999918e+00
1.107982000000000022e+00
1.420182000000000055e+00
7.077820000000000222e-01
-2.592017999999999933e+00
-2.299517999999999951e+00
-2.996179999999999954e-01
1.407381999999999911e+00
1.128881999999999941e+00
-9.401800000000000435e-02
-6.649180000000000090e-01
2.918819999999999748e-01
-1.715180000000000038e-01
