1.676889999999999992e+00
1.909389999999999921e+00
2.026190000000000158e+00
1.906689999999999996e+00
1.660889999999999977e+00
1.544489999999999919e+00
2.034190000000000165e+00
1.915489999999999915e+00
1.678989999999999982e+00
1.540890000000000093e+00
1.541690000000000005e+00
2.394900000000000084e-01
2.139900000000000135e-01
5.946900000000000519e-01
5.531899999999999595e-01
1.199899999999999994e-01
-2.507099999999999884e-01
-2.145100000000000062e-01
1.351990000000000025e+00
2.037290000000000045e+00
9.528999999999999970e-02
8.445899999999999519e-01
-8.086100000000000509e-01
-9.349100000000000188e-01
-1.563909999999999911e+00
-1.735109999999999930e+00
-1.967109999999999914e+00
-1.790010000000000101e+00
-1.596810000000000063e+00
-2.389409999999999812e+00
-3.529310000000000169e+00
-1.715309999999999890e+00
-9.453099999999999836e-01
-6.115099999999999980e-01
3.875899999999999901e-01
-9.673100000000000032e-01
-1.686609999999999943e+00
2.016589999999999883e+00
2.371989999999999821e+00
1.660889999999999977e+00
9.204900000000000304e-01
8.511900000000000022e-01
-5.496100000000000430e-01
8.506899999999999462e-01
1.239090000000000025e+00
2.205989999999999895e+00
1.951289999999999969e+00
-1.440209999999999990e+00
7.989000000000000268e-02
-2.357409999999999783e+00
-1.537709999999999910e+00
-2.852009999999999934e+00
-1.928709999999999924e+00
-5.410099999999999909e-01
-2.323209999999999997e+00
-1.868710000000000093e+00
-9.121099999999999763e-01
-1.004809999999999981e+00
