-1.083620000000000028e+00
-2.089420000000000055e+00
-2.697719999999999896e+00
-2.270519999999999872e+00
-1.217719999999999914e+00
-6.535199999999999898e-01
-2.928819999999999979e+00
-2.581220000000000070e+00
-1.536620000000000097e+00
-8.566200000000000481e-01
-1.195119999999999960e+00
1.528000000000000018e-02
1.323380000000000001e+00
2.288279999999999870e+00
1.941480000000000095e+00
6.639800000000000146e-01
-3.049200000000000244e-01
3.907800000000000162e-01
-2.527120000000000033e+00
4.866800000000000015e-01
3.575579999999999981e+00
3.890680000000000138e+00
-1.026920000000000055e+00
2.880980000000000096e+00
2.776879999999999793e+00
3.087799999999999989e-01
7.175799999999999956e-01
-1.805320000000000036e+00
-3.752419999999999867e+00
-3.155320000000000125e+00
1.549779999999999935e+00
-1.305919999999999970e+00
1.228480000000000016e+00
1.420800000000000118e-01
-3.288520000000000110e+00
-2.081620000000000026e+00
4.921179999999999666e+00
3.245179999999999954e+00
3.838379999999999903e+00
-6.882200000000000539e-01
-1.989919999999999911e+00
3.547480000000000189e+00
1.802179999999999893e+00
2.956780000000000186e+00
3.922800000000000176e-01
1.806980000000000031e+00
2.422799999999999954e-01
-2.867220000000000102e+00
-1.308619999999999894e+00
-1.720420000000000060e+00
