5.177274999999999849e+00
4.556574999999999598e+00
3.446074999999999999e+00
2.931074999999999875e+00
3.481875000000000053e+00
4.639475000000000016e+00
2.826874999999999805e+00
2.144775000000000098e+00
1.267174999999999940e+00
6.296749999999999847e-01
8.412749999999999950e-01
1.681175000000000086e+00
2.328475000000000072e+00
5.325874999999999915e+00
5.086375000000000313e+00
-1.697249999999999870e-01
-6.713249999999999496e-01
-1.408525000000000027e+00
-1.966325000000000101e+00
-2.714725000000000055e+00
-3.256324999999999914e+00
3.155574999999999797e+00
3.243875000000000064e+00
-3.982324999999999893e+00
-4.494024999999999714e+00
-5.215324999999999989e+00
-5.714125000000000121e+00
2.021075000000000177e+00
2.071474999999999955e+00
3.593875000000000153e+00
1.079974999999999907e+00
3.624749999999999917e-01
1.807674999999999921e+00
5.704774999999999707e+00
4.781774999999999665e+00
4.621274999999999800e+00
5.912374999999999936e+00
-1.365425000000000111e+00
1.582749999999999990e-01
-7.270250000000000323e-01
-2.219324999999999992e+00
-2.642825000000000202e+00
-1.145224999999999937e+00
-2.040525000000000144e+00
-3.543425000000000047e+00
-3.943624999999999936e+00
-2.429425000000000168e+00
3.885275000000000034e+00
3.710774999999999935e+00
2.261074999999999946e+00
-3.301825000000000010e+00
-4.824324999999999974e+00
-5.177025000000000432e+00
-3.651825000000000099e+00
-4.537824999999999775e+00
-6.065624999999999822e+00
-6.228324999999999889e+00
-6.417024999999999757e+00
-4.882225000000000037e+00
