-7.323349999999999582e-01
-1.646350000000000036e-01
6.094650000000000345e-01
8.354650000000000132e-01
2.902649999999999952e-01
-5.175349999999999673e-01
5.355649999999999578e-01
-2.131349999999999911e-01
1.686500000000000152e-02
9.981649999999999689e-01
1.745765000000000011e+00
1.515465000000000062e+00
-3.862349999999999950e-01
-1.103534999999999933e+00
1.316564999999999985e+00
3.213264999999999816e+00
1.753265000000000073e+00
-7.634349999999999747e-01
-4.992349999999999843e-01
-1.213535000000000030e+00
-8.890350000000000197e-01
-1.974434999999999940e+00
-1.089034999999999975e+00
-1.892835000000000045e+00
-9.901349999999999874e-01
2.508364999999999956e+00
2.107565000000000133e+00
3.296500000000000125e-02
-9.670349999999999779e-01
-1.679235000000000033e+00
-1.422935000000000061e+00
3.851164999999999949e+00
3.532564999999999955e+00
3.389064999999999994e+00
1.463764999999999983e+00
1.637864999999999904e+00
-1.305350000000000121e-01
-1.792435000000000000e+00
-5.054349999999999676e-01
-2.509434999999999860e+00
-2.745334999999999859e+00
-5.980349999999999833e-01
-2.911349999999999771e-01
-1.240834999999999910e+00
-2.364434999999999842e+00
-2.677535000000000220e+00
