1.012736999999999998e+00
1.763699999999999990e-02
-1.102762999999999938e+00
-1.237662999999999958e+00
-2.559629999999999961e-01
8.794370000000000243e-01
-3.926629999999999843e-01
-8.426300000000000456e-02
-2.081629999999999869e-01
-6.683630000000000404e-01
-9.716630000000000544e-01
-8.300629999999999953e-01
1.499369999999999870e-01
1.929337000000000080e+00
-8.739630000000000454e-01
-3.617763000000000062e+00
-2.549563000000000024e+00
9.363699999999999801e-02
1.289036999999999988e+00
1.798737000000000030e+00
1.034936999999999996e+00
3.204337000000000213e+00
2.568369999999999820e-01
-1.321063000000000098e+00
-1.069663000000000030e+00
-5.890630000000000033e-01
9.861370000000000413e-01
2.171837000000000018e+00
2.710736999999999952e+00
-4.560463000000000378e+00
-3.329863000000000017e+00
-3.799462999999999813e+00
-2.898763000000000201e+00
-2.421263000000000165e+00
2.022237000000000062e+00
1.466936999999999935e+00
3.736999999999999870e-03
1.019336999999999938e+00
3.342737000000000069e+00
3.796536999999999829e+00
3.595636999999999972e+00
