-1.342427000000000037e+00
-8.192270000000000385e-01
2.567300000000000137e-02
3.819730000000000070e-01
-1.144270000000000009e-01
-1.003927000000000014e+00
2.689730000000000176e-01
-3.941270000000000051e-01
-3.012700000000000100e-02
1.004772999999999916e+00
1.671672999999999965e+00
1.306373000000000006e+00
-1.167327000000000004e+00
-1.549126999999999921e+00
1.488172999999999968e+00
1.867572999999999928e+00
1.353672999999999904e+00
-7.457270000000000287e-01
-2.012269999999999892e-01
-7.122270000000000545e-01
5.597300000000000192e-02
-1.895326999999999984e+00
-1.208426999999999918e+00
2.474972999999999868e+00
1.836673000000000000e+00
-7.840270000000000294e-01
-1.803527000000000102e+00
-2.192127000000000159e+00
-1.770526999999999962e+00
2.565373000000000125e+00
1.047573000000000087e+00
2.395672999999999941e+00
2.219373000000000040e+00
8.614730000000000443e-01
7.613729999999999665e-01
6.734729999999999883e-01
7.116730000000000000e-01
-6.031269999999999687e-01
-2.321626999999999885e+00
-1.637326999999999977e+00
-2.676527000000000100e+00
