-2.048633999999999844e+00
-2.358734000000000108e+00
-2.045834000000000152e+00
-1.388033999999999990e+00
-1.012634000000000034e+00
-1.361734000000000000e+00
-1.103634000000000004e+00
-4.474339999999999984e-01
-1.993400000000000033e-02
-3.284340000000000037e-01
-1.083034000000000052e+00
-3.044734000000000052e+00
6.755659999999999998e-01
-1.874339999999999895e-01
4.831659999999999844e-01
9.173660000000000148e-01
1.589466000000000045e+00
2.032865999999999840e+00
1.813366000000000033e+00
1.143466000000000093e+00
2.295265999999999806e+00
2.093566000000000038e+00
-4.823399999999999910e-02
-1.895340000000000080e-01
-1.394633999999999929e+00
-3.297534000000000187e+00
-3.297633999999999954e+00
-5.136340000000000350e-01
6.597659999999999636e-01
1.776065999999999923e+00
2.552265999999999924e+00
9.741659999999999764e-01
2.532265999999999906e+00
2.606365999999999961e+00
1.026466000000000101e+00
