3.979213999999999807e+00
4.148214000000000290e+00
3.680914000000000019e+00
2.992214000000000151e+00
2.769114000000000075e+00
3.312314000000000203e+00
2.412614000000000036e+00
2.174214000000000091e+00
1.393213999999999952e+00
2.016414000000000151e+00
-1.456860000000000099e-01
-6.994860000000000522e-01
-1.851086000000000009e+00
-3.144585999999999881e+00
-4.295186000000000170e+00
-4.165986000000000189e+00
-2.896186000000000149e+00
-1.745085999999999915e+00
3.133614000000000122e+00
4.848014000000000046e+00
-5.469985999999999571e+00
-6.673686000000000007e+00
-4.844860000000000277e-01
-2.941860000000000031e-01
-7.582860000000000156e-01
1.484013999999999944e+00
3.097313999999999901e+00
1.677513999999999950e+00
3.151914000000000105e+00
1.538013999999999992e+00
2.743113999999999830e+00
1.248914000000000080e+00
-4.540859999999999896e-01
-6.053859999999999797e-01
-3.276985999999999954e+00
-5.029586000000000112e+00
-2.829985999999999891e+00
3.163514000000000159e+00
3.565614000000000061e+00
5.012514000000000358e+00
5.226613999999999649e+00
-7.510086000000000261e+00
-6.703085999999999878e+00
-6.803086000000000411e+00
7.835140000000000438e-01
-6.740859999999999630e-01
-7.445859999999999701e-01
-1.199786000000000019e+00
-1.335185999999999984e+00
2.372140000000000082e-01
