-8.519189999999999818e-01
-7.371189999999999687e-01
-4.338190000000000102e-01
-2.441190000000000027e-01
-3.297189999999999843e-01
-6.527190000000000492e-01
7.568099999999999827e-02
1.768810000000000104e-01
-6.781900000000000428e-02
-7.774189999999999712e-01
-9.498189999999999689e-01
5.082809999999999828e-01
7.526810000000000445e-01
1.059180999999999928e+00
1.138481000000000076e+00
8.992809999999999970e-01
5.862810000000000521e-01
2.125809999999999922e-01
-6.353189999999999671e-01
-1.012618999999999936e+00
-8.749190000000000023e-01
-1.180419000000000107e+00
7.121809999999999530e-01
1.253881000000000023e+00
9.656810000000000116e-01
4.066810000000000147e-01
