1.184125000000000094e+00
8.410250000000000226e-01
4.704249999999999821e-01
4.430250000000000021e-01
7.887250000000000094e-01
1.154525000000000023e+00
5.212499999999999772e-02
-3.397499999999999826e-02
2.700250000000000150e-01
7.213249999999999940e-01
1.056249999999999967e-01
-9.735749999999999682e-01
-8.457750000000000545e-01
-1.634174999999999933e+00
-1.515574999999999894e+00
-5.975749999999999673e-01
1.968250000000000000e-01
6.972499999999999531e-02
1.524825000000000097e+00
8.697249999999999703e-01
1.117024999999999935e+00
-4.312750000000000195e-01
-2.274375000000000036e+00
-3.775749999999999940e-01
-1.038749999999999951e-01
1.082125000000000004e+00
-2.353075000000000028e+00
-2.144575000000000120e+00
9.160249999999999782e-01
6.952249999999999819e-01
2.408825000000000216e+00
8.050249999999999906e-01
6.144249999999999989e-01
1.148125000000000062e+00
2.126825000000000188e+00
3.989249999999999741e-01
1.158924999999999983e+00
-2.407074999999999854e+00
-2.374375000000000124e+00
-3.096674999999999844e+00
