-3.033089999999999953e-01
-2.965090000000000225e-01
-1.837090000000000112e-01
-6.800900000000000001e-02
-5.640900000000000081e-02
-1.872089999999999865e-01
5.749100000000000044e-02
1.503909999999999969e-01
9.399100000000000510e-02
1.578910000000000036e-01
3.174910000000000232e-01
-2.106089999999999907e-01
-4.171090000000000075e-01
-6.256089999999999707e-01
-7.964090000000000336e-01
-1.780899999999999844e-02
9.370910000000000073e-01
1.105491000000000001e+00
5.194910000000000361e-01
1.944490999999999969e+00
-2.774090000000000167e-01
7.489099999999999924e-02
2.517909999999999870e-01
9.405909999999999549e-01
-8.019089999999999829e-01
-1.529089999999999894e-01
-3.152090000000000169e-01
-4.174089999999999745e-01
-5.051090000000000302e-01
-1.241508999999999974e+00
-1.539609000000000005e+00
1.862691000000000097e+00
