-3.307780000000000165e-01
-7.927800000000000125e-02
1.812219999999999942e-01
1.835219999999999907e-01
-4.817799999999999860e-02
-3.289779999999999927e-01
4.877219999999999889e-01
3.208219999999999961e-01
5.912200000000000094e-02
-6.174779999999999713e-01
-9.587800000000000489e-02
-1.140779999999999988e-01
4.838219999999999743e-01
-8.057799999999999685e-02
3.734219999999999762e-01
-6.935780000000000278e-01
-8.218779999999999974e-01
8.682199999999999640e-02
-2.919780000000000153e-01
4.375220000000000220e-01
-1.177877999999999981e+00
-2.187800000000000161e-02
1.551422000000000079e+00
-1.177378000000000036e+00
2.405220000000000136e-01
1.469821999999999962e+00
4.022000000000000401e-03
