1.020804999999999962e+00
7.533050000000000024e-01
1.526049999999999907e-01
-2.043949999999999934e-01
2.020500000000000074e-02
6.653050000000000352e-01
-8.381950000000000234e-01
-1.225395000000000012e+00
-9.623950000000000005e-01
-3.474949999999999983e-01
-1.368894999999999973e+00
-2.171949999999999992e-01
-2.391949999999999910e-01
-1.442595000000000072e+00
-1.465494999999999992e+00
-2.747950000000000115e-01
9.295050000000000257e-01
9.479049999999999976e-01
9.190049999999999608e-01
1.113404999999999978e+00
9.280049999999999688e-01
2.414505000000000123e+00
-1.039495000000000058e+00
-1.719794999999999963e+00
-2.013094999999999857e+00
-1.978294999999999915e+00
-2.404694999999999805e+00
-2.418495000000000061e+00
-2.957949999999999746e-01
1.914504999999999901e+00
1.061905000000000099e+00
1.427405000000000035e+00
9.221049999999999525e-01
1.567704999999999904e+00
1.739805000000000046e+00
1.299104999999999954e+00
6.586049999999999960e-01
