-1.397121000000000057e+00
-1.486720999999999959e+00
-1.402220999999999940e+00
-1.220221000000000000e+00
-1.120721000000000078e+00
-1.209721000000000046e+00
-1.087720999999999938e+00
-8.818209999999999660e-01
-9.506210000000000493e-01
-8.530210000000000292e-01
-1.111920999999999937e+00
-1.680220999999999965e+00
7.598789999999999711e-01
1.713878999999999930e+00
3.043378999999999834e+00
3.434578999999999827e+00
2.496579000000000104e+00
1.166579000000000033e+00
-6.826210000000000333e-01
-9.000209999999999599e-01
9.037900000000000100e-02
-1.685821000000000014e+00
-9.219209999999999905e-01
-1.175221000000000071e+00
-1.757621000000000100e+00
-1.752121000000000040e+00
1.427078999999999986e+00
3.774979000000000084e+00
4.471179000000000237e+00
2.800479000000000163e+00
4.488789999999999725e-01
-1.322121000000000102e+00
-1.028321000000000041e+00
