1.823841000000000045e+00
1.104740999999999973e+00
2.760409999999999808e-01
1.686410000000000131e-01
8.651410000000000489e-01
1.687041000000000013e+00
-6.769589999999999774e-01
-8.179589999999999916e-01
-9.115900000000000392e-02
7.440409999999999524e-01
-1.915590000000000070e-01
8.365409999999999791e-01
5.185410000000000297e-01
1.482040999999999942e+00
1.322241000000000000e+00
2.000409999999999966e-01
-7.752590000000000314e-01
-6.286589999999999678e-01
2.489341000000000026e+00
1.224641000000000091e+00
-1.895359000000000016e+00
-2.876859000000000055e+00
-2.749759000000000064e+00
-1.641558999999999990e+00
-1.241959000000000035e+00
-1.483158999999999894e+00
1.478410000000000002e-01
-1.238159000000000010e+00
2.366441000000000017e+00
2.072341000000000211e+00
9.474100000000000577e-02
2.153240999999999961e+00
3.031441000000000052e+00
6.947410000000000529e-01
1.847040999999999933e+00
-2.013558999999999877e+00
-3.737959000000000032e+00
-3.510858999999999952e+00
-1.579958999999999891e+00
