-2.320946999999999871e+00
-1.244146999999999892e+00
-5.134699999999999681e-02
8.335299999999999654e-02
-9.794469999999999565e-01
-2.189046999999999965e+00
-8.474469999999999503e-01
-8.169469999999999787e-01
-7.101469999999999727e-01
-6.670469999999999455e-01
-6.868469999999999853e-01
-7.693470000000000031e-01
-1.367547000000000068e+00
-3.331946999999999992e+00
-6.105469999999999509e-01
2.542552999999999841e+00
1.454353000000000007e+00
-6.886470000000000091e-01
4.467530000000000112e-01
5.964530000000000109e-01
-3.941470000000000251e-01
2.915953000000000017e+00
2.915252999999999872e+00
-1.151346999999999898e+00
-8.482469999999999732e-01
-1.517147000000000023e+00
-2.501247000000000220e+00
-2.818446999999999925e+00
-2.144247000000000014e+00
1.792052999999999896e+00
1.653953000000000007e+00
1.936352999999999991e+00
4.279753000000000362e+00
-3.320746999999999893e+00
-8.774469999999999770e-01
-6.459470000000000489e-01
-7.893470000000000208e-01
-5.576470000000000038e-01
-2.250347000000000097e+00
-3.493247000000000213e+00
-4.160247000000000028e+00
3.498752999999999780e+00
2.308352999999999877e+00
2.667752999999999819e+00
1.767452999999999941e+00
1.388752999999999904e+00
-1.100646999999999931e+00
1.444529999999999981e-01
-7.494699999999999973e-02
-1.258547000000000082e+00
-3.581747000000000014e+00
-2.391046999999999922e+00
2.031753000000000142e+00
2.635053000000000090e+00
8.919529999999999959e-01
1.361952999999999969e+00
4.371852999999999767e+00
4.427852999999999817e+00
5.045453000000000188e+00
