1.420349000000000084e+00
2.507489999999999997e-01
-9.157509999999999817e-01
-1.020550999999999986e+00
2.406490000000000018e-01
1.386749000000000009e+00
2.136490000000000056e-01
2.566749000000000169e+00
3.447490000000000276e-01
7.194899999999999907e-02
5.274899999999999728e-02
1.880489999999999939e-01
3.498490000000000211e-01
3.700490000000000168e-01
-2.074551000000000034e+00
-1.588151000000000090e+00
5.248490000000000100e-01
7.355490000000000084e-01
-9.775100000000000455e-02
-1.387510000000000132e-01
2.640948999999999991e+00
3.438848999999999823e+00
-4.836509999999999976e-01
1.246248999999999940e+00
-5.451000000000000116e-03
1.796490000000000031e-01
4.573490000000000055e-01
-2.355951000000000128e+00
-1.709751000000000021e+00
-2.993551000000000073e+00
-1.920751000000000097e+00
-2.454550999999999927e+00
-8.395510000000000472e-01
8.612490000000000423e-01
-1.338509999999999978e-01
1.650349000000000066e+00
-2.690509999999999846e-01
8.028490000000000348e-01
-9.925509999999999611e-01
