-2.582999999999999741e-01
-1.597999999999999976e-01
1.544999999999999984e-01
3.825999999999999956e-01
3.149000000000000132e-01
-9.100000000000000450e-03
6.908999999999999586e-01
9.294999999999999929e-01
8.772999999999999687e-01
5.578999999999999515e-01
1.127499999999999947e+00
-1.130000000000000032e-01
-2.416999999999999982e-01
-1.538599999999999968e+00
-1.808699999999999974e+00
-7.621999999999999886e-01
5.381000000000000227e-01
8.121000000000000441e-01
-1.650000000000000078e-01
-3.986999999999999988e-01
-3.120800000000000018e+00
-3.436799999999999855e+00
2.073500000000000121e+00
3.149500000000000188e+00
1.164199999999999902e+00
1.867399999999999949e+00
1.550100000000000033e+00
-9.689999999999999725e-01
-2.369400000000000173e+00
-9.124999999999999778e-01
1.320500000000000007e+00
3.795000000000000040e-01
-3.613000000000000100e-01
-3.331999999999999962e-01
-6.413999999999999702e-01
-4.513499999999999623e+00
-2.922000000000000153e+00
-3.209000000000000075e+00
4.067000000000000171e+00
3.013500000000000068e+00
3.273499999999999854e+00
