1.000040000000000040e+00
1.225340000000000096e+00
1.157939999999999969e+00
8.395399999999999530e-01
5.830400000000000027e-01
6.964399999999999480e-01
7.485399999999999832e-01
4.201400000000000134e-01
1.882399999999999907e-01
2.623400000000000176e-01
4.228399999999999936e-01
1.542740000000000000e+00
-1.616599999999999981e-01
-7.008600000000000385e-01
-1.273360000000000047e+00
-1.805260000000000087e+00
-1.777260000000000062e+00
-1.221659999999999968e+00
-6.877600000000000380e-01
-1.210600000000000009e-01
-9.235999999999999766e-02
9.320399999999999796e-01
3.474400000000000266e-01
5.979400000000000270e-01
5.626400000000000290e-01
1.718339999999999979e+00
1.601040000000000019e+00
1.965399999999999925e-01
-1.328359999999999985e+00
-2.245159999999999823e+00
-2.192660000000000053e+00
-1.222960000000000047e+00
3.806399999999999784e-01
5.122400000000000286e-01
-1.105660000000000087e+00
