5.722359999999999669e-01
9.366360000000000241e-01
1.092835999999999919e+00
8.648360000000000491e-01
4.849359999999999782e-01
3.684359999999999857e-01
1.016135999999999928e+00
7.910359999999999614e-01
4.034360000000000168e-01
2.505359999999999809e-01
2.338359999999999883e-01
-1.249640000000000056e-01
-1.746400000000000036e-02
1.240336000000000105e+00
1.348036000000000012e+00
1.976360000000000061e-01
-1.056764000000000037e+00
-1.163264000000000076e+00
-3.026399999999999924e-02
1.166436000000000028e+00
3.607360000000000011e-01
-3.485639999999999850e-01
-5.633639999999999759e-01
-1.267864000000000102e+00
-1.743563999999999892e+00
-1.503463999999999912e+00
-8.012639999999999763e-01
9.432359999999999634e-01
-5.716399999999999954e-02
2.901360000000000050e-01
5.448359999999999870e-01
-1.144763999999999893e+00
2.143635999999999875e+00
2.327735999999999805e+00
-1.954363999999999990e+00
-2.146964000000000095e+00
3.277360000000000273e-01
-9.006400000000000516e-02
1.452036000000000104e+00
1.057136000000000076e+00
-1.862640000000000129e-01
-1.442164000000000001e+00
-2.295364000000000182e+00
-1.862263999999999919e+00
-6.143640000000000212e-01
