9.294850000000000056e-01
4.355850000000000000e-01
5.688499999999999807e-02
1.884850000000000136e-01
6.902850000000000374e-01
1.037884999999999946e+00
-1.912149999999999961e-01
-7.301499999999999657e-02
4.449850000000000194e-01
8.165850000000000053e-01
5.611850000000000449e-01
-7.041150000000000464e-01
-8.319149999999999601e-01
-8.385150000000000103e-01
-8.950150000000000050e-01
-9.414150000000000018e-01
-9.359150000000000524e-01
-8.790149999999999908e-01
1.600484999999999935e+00
3.101849999999999885e-01
-9.537149999999999794e-01
-8.985149999999999526e-01
-5.939149999999999707e-01
-3.873150000000000204e-01
8.708850000000000202e-01
1.357285000000000075e+00
-1.075415000000000010e+00
-7.877150000000000540e-01
-9.860149999999999748e-01
-9.842149999999999510e-01
1.335685000000000011e+00
1.791684999999999972e+00
-5.921499999999999680e-02
5.885850000000000248e-01
