-1.281200000000000047e-02
4.388000000000000407e-03
1.848800000000000096e-02
1.548800000000000003e-02
-1.812000000000000026e-03
-1.581199999999999967e-02
-3.112000000000000183e-03
1.318800000000000007e-02
1.288800000000000015e-02
-3.412000000000000102e-03
-1.951200000000000156e-02
-1.941199999999999870e-02
7.688000000000000389e-03
-3.411200000000000343e-02
2.988800000000000137e-02
3.078799999999999940e-02
-3.981200000000000017e-02
2.548800000000000024e-02
-3.412000000000000102e-03
-3.241200000000000331e-02
2.068800000000000153e-02
-2.912000000000000092e-03
7.993879999999999875e-01
-8.765119999999999578e-01
4.248799999999999799e-02
4.418799999999999811e-02
