1.265651000000000082e+00
1.588651000000000035e+00
1.619550999999999963e+00
1.300651000000000002e+00
9.478509999999999991e-01
9.639510000000000023e-01
1.309550999999999910e+00
9.835509999999999531e-01
6.517509999999999692e-01
6.281510000000000149e-01
5.872509999999999675e-01
1.905550999999999995e+00
3.079509999999999748e-01
-3.318490000000000051e-01
-1.026948999999999890e+00
-1.652949000000000002e+00
-1.603849000000000080e+00
-9.144489999999999563e-01
-2.931489999999999929e-01
-2.225448999999999788e+00
-2.166548999999999836e+00
-1.487049000000000065e+00
-8.650489999999999569e-01
1.571350999999999942e+00
9.908510000000000373e-01
7.520510000000000250e-01
6.591510000000000424e-01
2.153251000000000026e+00
1.889950999999999937e+00
7.403509999999999813e-01
-1.110149000000000052e+00
-2.183749000000000162e+00
2.372509999999999897e-01
-2.762449000000000154e+00
-2.652248999999999857e+00
-1.440148999999999901e+00
-3.382490000000000219e-01
