5.357100000000000195e-01
5.262099999999999556e-01
5.884099999999999886e-01
6.575100000000000389e-01
6.664099999999999469e-01
6.101100000000000412e-01
7.390099999999999447e-01
7.960099999999999953e-01
7.377099999999999769e-01
7.727100000000000080e-01
6.323100000000000387e-01
4.494099999999999762e-01
2.888100000000000112e-01
3.304099999999999815e-01
9.534099999999999797e-01
1.032310000000000061e+00
4.932099999999999818e-01
-1.260900000000000076e-01
-2.178900000000000003e-01
-8.943900000000000183e-01
-2.207990000000000119e+00
-2.847389999999999866e+00
-2.183390000000000164e+00
-8.818899999999999517e-01
-2.421899999999999886e-01
8.721100000000000518e-01
1.814310000000000089e+00
1.687099999999999989e-01
7.249100000000000543e-01
5.883099999999999996e-01
4.394100000000000228e-01
4.067100000000000160e-01
-2.714900000000000091e-01
1.394309999999999938e+00
1.519609999999999905e+00
5.528100000000000236e-01
-5.478899999999999881e-01
-2.740190000000000126e+00
-3.864290000000000003e+00
-2.680989999999999984e+00
-3.616900000000000115e-01
7.769099999999999895e-01
