8.887760000000000105e-01
4.210760000000000058e-01
6.707599999999999674e-02
1.911760000000000126e-01
6.711759999999999948e-01
1.018775999999999904e+00
-1.739239999999999953e-01
-6.252399999999999625e-02
4.349759999999999738e-01
7.951759999999999939e-01
5.466760000000000508e-01
-7.480240000000000222e-01
-8.623239999999999794e-01
-9.189239999999999631e-01
-9.642239999999999700e-01
-9.503239999999999466e-01
-8.997239999999999682e-01
-8.552239999999999842e-01
1.468676000000000093e+00
2.933760000000000256e-01
-1.002224000000000004e+00
-8.719240000000000324e-01
-9.245240000000000125e-01
-5.600239999999999663e-01
-3.657239999999999935e-01
9.264759999999999662e-01
1.290076000000000001e+00
-1.138524000000000092e+00
-1.005624000000000073e+00
-9.032240000000000268e-01
1.962776000000000076e+00
1.746375999999999928e+00
-6.192399999999999988e-02
5.462759999999999838e-01
