3.918639999999999901e-01
4.616399999999999670e-02
-3.310359999999999969e-01
-3.634359999999999813e-01
-2.213599999999999943e-02
3.577640000000000264e-01
-7.529360000000000497e-01
-8.263359999999999594e-01
-5.252360000000000362e-01
-1.012360000000000065e-01
-6.481360000000000454e-01
9.701640000000000263e-01
5.133640000000000425e-01
-4.246360000000000134e-01
-7.501360000000000250e-01
-1.330359999999999876e-01
8.085639999999999494e-01
1.134263999999999939e+00
7.344640000000000057e-01
8.256399999999999850e-02
-5.298359999999999737e-01
2.657640000000000002e-01
-1.148935999999999957e+00
-1.073836000000000013e+00
-1.353836000000000039e+00
-9.059359999999999635e-01
-1.480836000000000041e+00
1.296764000000000028e+00
1.875963999999999965e+00
1.596964000000000050e+00
3.464000000000000065e-03
-1.696360000000000090e-01
3.723639999999999728e-01
1.304164000000000101e+00
-4.104360000000000230e-01
1.969640000000000002e-01
