5.058489999999999931e-01
2.189490000000000047e-01
1.001490000000000019e-01
2.709489999999999954e-01
5.757489999999999553e-01
7.012490000000000112e-01
1.340490000000000015e-01
2.882489999999999775e-01
5.946489999999999831e-01
7.279489999999999572e-01
7.378489999999999771e-01
-5.794510000000000494e-01
-6.599509999999999543e-01
-7.373509999999999787e-01
-7.517509999999999470e-01
-7.228510000000000213e-01
-5.940509999999999957e-01
-5.864509999999999446e-01
9.725489999999999968e-01
3.314899999999999791e-02
-5.629509999999999792e-01
7.607490000000000085e-01
-7.666509999999999714e-01
-2.125850999999999935e+00
-8.693509999999999849e-01
4.275490000000000124e-01
-5.789509999999999934e-01
-1.067509999999999987e-01
1.598489999999999911e-01
9.456489999999999618e-01
1.224949000000000066e+00
1.400349000000000066e+00
-1.113450999999999969e+00
-7.800510000000000499e-01
1.640349000000000057e+00
1.035949000000000009e+00
-1.855509999999999937e-01
1.151490000000000014e-01
7.748490000000000100e-01
1.500949000000000089e+00
1.026648999999999923e+00
-2.119251000000000218e+00
-2.702250999999999959e+00
-2.601450999999999958e+00
2.936489999999999934e-01
9.239490000000000203e-01
1.052448999999999968e+00
