9.178429999999999644e-01
-1.448570000000000135e-01
-1.139456999999999942e+00
-1.158457000000000070e+00
1.449429999999999885e-01
1.047843000000000080e+00
4.498429999999999929e-01
2.130243000000000109e+00
-1.346569999999999989e-01
1.453043000000000085e+00
1.774942999999999937e+00
1.090843000000000007e+00
1.164430000000000048e-01
-2.025569999999999871e-01
-2.173957000000000139e+00
-1.715556999999999999e+00
4.448429999999999884e-01
8.391429999999999723e-01
1.850843000000000016e+00
-7.355699999999999739e-02
-5.795700000000000157e-02
-1.110057000000000071e+00
-1.174557000000000073e+00
-1.859570000000000112e-01
8.640430000000000055e-01
9.283430000000000293e-01
1.426042999999999950e+00
3.016342999999999996e+00
2.248242999999999991e+00
2.816142999999999841e+00
-8.938570000000000126e-01
6.308430000000000426e-01
1.982942999999999900e+00
-3.904569999999999985e-01
-9.462570000000000148e-01
-2.446756999999999849e+00
-1.776756999999999920e+00
-3.102956999999999965e+00
-1.941856999999999944e+00
-2.646757000000000026e+00
-1.006456999999999935e+00
3.592429999999999790e-01
-5.305569999999999453e-01
-8.578569999999999807e-01
-1.896557000000000048e+00
-1.997956999999999983e+00
-2.323570000000000080e-01
1.639642999999999962e+00
1.766342999999999996e+00
