-3.758210000000000162e-01
-2.216210000000000124e-01
-9.721000000000000474e-03
6.387900000000000522e-02
-5.422099999999999836e-02
-3.065209999999999879e-01
2.728789999999999827e-01
3.331790000000000029e-01
1.903789999999999927e-01
7.607899999999999385e-02
2.391790000000000027e-01
-4.626210000000000044e-01
-4.714209999999999789e-01
-1.220121000000000011e+00
-1.246520999999999990e+00
-5.016209999999999836e-01
2.547789999999999777e-01
2.737789999999999946e-01
-5.047209999999999752e-01
-2.899209999999999843e-01
-5.709210000000000118e-01
-1.563120999999999983e+00
5.232790000000000497e-01
6.335790000000000033e-01
1.315879000000000021e+00
2.141278999999999932e+00
9.723789999999999933e-01
-4.423210000000000197e-01
-6.632100000000000495e-02
6.945789999999999464e-01
-6.635210000000000274e-01
8.827899999999999636e-02
6.025789999999999758e-01
3.777789999999999759e-01
4.906789999999999763e-01
1.294578999999999924e+00
-2.472209999999999963e-01
-1.169321000000000055e+00
-1.802621000000000029e+00
-1.847420999999999980e+00
8.230790000000000051e-01
8.796789999999999887e-01
3.302789999999999893e-01
-1.277821000000000096e+00
-1.837209999999999954e-01
-4.560210000000000097e-01
1.343879000000000046e+00
1.619579000000000102e+00
1.500779000000000085e+00
-5.960210000000000230e-01
-1.418921000000000099e+00
-3.691209999999999769e-01
7.407789999999999653e-01
-9.265210000000000390e-01
5.186790000000000012e-01
-4.329210000000000003e-01
1.102978999999999932e+00
