-7.221500000000000141e-02
-1.187214999999999909e+00
-1.979815000000000103e+00
-1.543414999999999981e+00
-4.099149999999999738e-01
3.441850000000000187e-01
-2.210315000000000030e+00
-1.508915000000000006e+00
-3.732150000000000190e-01
6.518850000000000477e-01
6.425849999999999618e-01
1.481384999999999952e+00
-1.537814999999999932e+00
3.613850000000000118e-01
1.696850000000000025e-01
2.697849999999999970e-01
5.377849999999999575e-01
7.214850000000000430e-01
8.471849999999999659e-01
7.168499999999999872e-02
-6.166150000000000242e-01
7.180849999999999733e-01
6.695849999999999858e-01
1.891184999999999894e+00
2.176285000000000025e+00
2.669084999999999930e+00
-6.368150000000000199e-01
-9.689149999999999707e-01
-2.330614999999999881e+00
-3.299214999999999787e+00
-2.390115000000000212e+00
1.299285000000000023e+00
-1.924015000000000031e+00
1.627084999999999892e+00
3.669850000000000056e-01
1.855385000000000062e+00
1.944085000000000063e+00
-2.370214999999999961e+00
-9.627149999999999874e-01
2.677849999999999953e-01
-4.801500000000000212e-02
5.995850000000000346e-01
9.658849999999999936e-01
1.365185000000000093e+00
7.455850000000000533e-01
3.406585000000000196e+00
-5.790149999999999464e-01
-1.472415000000000029e+00
-9.686150000000000038e-01
-2.386149999999999938e-01
-3.311914999999999942e+00
2.125985000000000014e+00
4.779849999999999932e-01
1.669985000000000053e+00
