3.478599999999999748e-02
1.101185999999999998e+00
1.822186000000000083e+00
1.450885999999999898e+00
3.522859999999999880e-01
-3.236140000000000128e-01
2.184686000000000128e+00
1.835185999999999984e+00
7.586859999999999715e-01
9.586000000000000770e-03
4.837859999999999938e-01
-6.232140000000000457e-01
-6.206139999999999990e-01
3.868599999999999817e-02
5.328600000000000003e-02
-5.791140000000000176e-01
-1.209214000000000011e+00
-1.246013999999999955e+00
-1.452314000000000105e+00
1.479085999999999901e+00
-1.865814000000000084e+00
-9.918139999999999734e-01
-6.349139999999999784e-01
-9.414000000000000493e-03
2.481685999999999837e+00
-8.573140000000000205e-01
1.103485999999999967e+00
-5.415140000000000509e-01
-1.580214000000000008e+00
5.469859999999999722e-01
5.704860000000000486e-01
-1.758714000000000111e+00
-1.479214000000000029e+00
-1.859914000000000067e+00
2.281086000000000169e+00
9.502859999999999641e-01
-1.534113999999999978e+00
-7.118139999999999468e-01
-9.731399999999999773e-02
-1.526139999999999997e-01
1.068086000000000091e+00
-4.776139999999999830e-01
