8.019279999999999742e-01
4.293279999999999874e-01
-1.025719999999999965e-01
-2.560720000000000218e-01
1.011279999999999957e-01
6.190280000000000227e-01
-7.677720000000000100e-01
-9.301719999999999988e-01
-5.953720000000000123e-01
-7.237200000000000577e-02
-7.756720000000000281e-01
2.642280000000000184e-01
1.099279999999999979e-01
-9.237720000000000375e-01
-1.090572000000000097e+00
-1.967720000000000025e-01
8.348280000000000145e-01
9.812279999999999891e-01
1.047927999999999971e+00
6.121280000000000054e-01
-2.106472000000000122e+00
-3.274271999999999849e+00
1.624128000000000016e+00
2.725427999999999962e+00
-3.736720000000000041e-01
3.091280000000000139e-01
-1.347871999999999959e+00
2.139280000000000070e-01
-7.184719999999999995e-01
-1.791971999999999898e+00
1.771280000000000077e-01
1.278828000000000076e+00
-1.607072000000000056e+00
1.768227999999999911e+00
5.099280000000000479e-01
1.411728000000000094e+00
3.517279999999999851e-01
1.029128000000000043e+00
-4.056771999999999601e+00
-3.084671999999999858e+00
-3.634571999999999914e+00
3.237728000000000161e+00
3.441228000000000176e+00
2.384527999999999981e+00
1.388280000000000070e-01
-8.437200000000000255e-02
1.388028000000000040e+00
