-3.545030000000000125e-01
-4.568030000000000146e-01
-3.969030000000000058e-01
-2.127030000000000032e-01
-9.330299999999999705e-02
-1.938030000000000030e-01
-1.425029999999999908e-01
5.519700000000000301e-02
1.937969999999999970e-01
1.181969999999999965e-01
-6.320299999999999530e-02
-6.345030000000000392e-01
4.017970000000000153e-01
1.296970000000000067e-01
3.399969999999999937e-01
4.740969999999999906e-01
9.699999999999999963e-05
7.409699999999999620e-02
2.802970000000000184e-01
4.124970000000000026e-01
2.273969999999999880e-01
-4.773029999999999773e-01
-1.488029999999999908e-01
-7.151030000000000442e-01
-6.828030000000000488e-01
5.088970000000000438e-01
6.361970000000000125e-01
-1.626029999999999975e-01
-2.980299999999999963e-02
3.386970000000000258e-01
5.736970000000000125e-01
