4.545219000000000342e+00
3.946118999999999932e+00
2.879119000000000206e+00
2.396618999999999833e+00
2.937918999999999947e+00
4.041218999999999895e+00
2.338219000000000047e+00
1.612918999999999992e+00
7.593189999999999662e-01
6.091900000000000093e-02
1.902189999999999992e-01
1.010318999999999967e+00
1.716919000000000084e+00
4.704818999999999640e+00
4.457118999999999609e+00
-7.134810000000000318e-01
-1.318381000000000025e+00
-2.018280999999999992e+00
-2.664181000000000132e+00
-3.364281000000000077e+00
-3.994680999999999926e+00
2.526718999999999937e+00
2.549719000000000069e+00
-4.692681000000000324e+00
-5.309281000000000361e+00
1.523819000000000035e+00
1.623018999999999989e+00
3.150719000000000047e+00
6.340189999999999992e-01
-3.399809999999999777e-01
1.070618999999999987e+00
5.136419000000000068e+00
4.124619000000000035e+00
4.020419000000000409e+00
5.264618999999999716e+00
-2.053881000000000068e+00
-5.519810000000000549e-01
-1.292680999999999969e+00
-2.773981000000000030e+00
-3.388980999999999799e+00
-1.896781000000000050e+00
-2.640480999999999856e+00
-4.139681000000000388e+00
-4.718581000000000358e+00
-3.219180999999999848e+00
3.188619000000000092e+00
2.985719000000000012e+00
1.548618999999999968e+00
-3.973981000000000208e+00
-5.477081000000000088e+00
-5.803181000000000367e+00
-6.055881000000000292e+00
-4.543080999999999925e+00
