1.647232999999999947e+00
1.353132999999999919e+00
5.099329999999999696e-01
-7.806699999999999751e-02
1.461330000000000129e-01
1.053933000000000009e+00
-9.626670000000000504e-01
-1.657067000000000068e+00
-1.456866999999999912e+00
-5.512669999999999515e-01
1.431132999999999988e+00
1.947932999999999915e+00
-3.500670000000000170e-01
-1.008966999999999947e+00
-5.245670000000000055e-01
6.941330000000000000e-01
1.164133000000000084e+00
4.050329999999999764e-01
-8.163669999999999538e-01
-1.284866999999999981e+00
-2.474366999999999983e+00
-3.281366999999999923e+00
2.368733000000000199e+00
2.891633000000000120e+00
-1.130867000000000067e+00
-2.352567000000000075e+00
-2.019067000000000167e+00
2.023133000000000070e+00
6.884329999999999616e-01
1.739333000000000018e+00
2.589233000000000118e+00
7.136329999999999618e-01
-7.764670000000000183e-01
-1.913766999999999996e+00
1.303833000000000020e+00
7.277329999999999632e-01
-1.375666999999999973e+00
-4.184667000000000137e+00
-3.591867000000000143e+00
-2.764367000000000019e+00
3.850532999999999983e+00
3.078533000000000186e+00
2.228333000000000119e+00
