-2.776120000000000254e-01
1.718880000000000130e-01
6.388880000000000114e-01
6.498880000000000212e-01
2.084880000000000067e-01
-2.423119999999999996e-01
1.121388000000000051e+00
1.150087999999999999e+00
7.012880000000000225e-01
2.274879999999999958e-01
6.899880000000000457e-01
-4.654119999999999924e-01
-5.417119999999999713e-01
-1.515911999999999926e+00
-1.611312000000000078e+00
-7.280119999999999925e-01
2.474880000000000135e-01
3.435880000000000045e-01
-7.616119999999999557e-01
1.522880000000000067e-01
1.533587999999999951e+00
1.473387999999999920e+00
1.511587999999999932e+00
1.643588000000000049e+00
6.266880000000000228e-01
-1.340711999999999904e+00
-2.210512000000000032e+00
-2.375011999999999901e+00
-8.010119999999999463e-01
9.267879999999999452e-01
-4.005119999999999791e-01
-1.032111999999999918e+00
4.839879999999999738e-01
-1.986120000000000108e-01
