-9.605400000000000049e-02
4.087459999999999982e-01
1.232846000000000108e+00
1.585846000000000089e+00
1.107545999999999919e+00
2.392459999999999865e-01
1.487846000000000002e+00
8.085459999999999869e-01
1.172946000000000044e+00
2.221045999999999854e+00
2.903045999999999793e+00
2.539245999999999892e+00
6.344600000000000239e-02
-2.854539999999999855e-01
2.704746000000000095e+00
3.017745999999999817e+00
2.536146000000000011e+00
4.582459999999999867e-01
7.757460000000000466e-01
1.367460000000000064e-01
4.191460000000000186e-01
1.555245999999999906e+00
1.781346000000000096e+00
-3.866753999999999802e+00
-4.742954000000000114e+00
-4.946754000000000318e+00
-4.273253999999999664e+00
-3.396653999999999840e+00
-3.189754000000000200e+00
-7.976539999999999742e-01
-2.226354000000000166e+00
-1.755400000000000016e-02
3.718345999999999929e+00
3.082746000000000208e+00
4.320459999999999856e-01
-5.590540000000000509e-01
-5.135539999999999550e-01
-9.130540000000000322e-01
3.700445999999999902e+00
2.180245999999999906e+00
3.553545999999999871e+00
3.416745999999999839e+00
2.036646000000000178e+00
-4.968540000000000179e-01
6.726459999999999662e-01
2.481845999999999997e+00
1.312246000000000024e+00
2.520646000000000164e+00
-3.715953999999999979e+00
-5.266854000000000369e+00
-5.630054000000000336e+00
-4.429753999999999969e+00
-2.874654000000000043e+00
-7.616540000000000532e-01
-4.408540000000000236e-01
-2.559654000000000096e+00
-2.262453999999999965e+00
