-6.237000000000000322e-01
2.250999999999999945e-01
1.275099999999999900e+00
1.443100000000000049e+00
6.523999999999999799e-01
-4.515000000000000124e-01
2.743399999999999839e+00
2.305499999999999883e+00
1.186500000000000110e+00
6.241999999999999771e-01
-1.408800000000000052e+00
-1.420000000000000082e-02
-1.796000000000000096e-01
3.317099999999999937e+00
-1.327000000000000124e-01
-1.625000000000000056e-01
-9.070000000000000284e-02
-7.799999999999999642e-03
2.200000000000000133e-03
-6.160000000000000198e-02
7.370000000000000162e-02
1.337000000000000133e-01
-2.913999999999999924e-01
-4.218000000000000083e-01
-1.445500000000000007e+00
1.485000000000000098e+00
5.299999999999999850e-02
-1.482099999999999973e+00
-2.160600000000000076e+00
6.010999999999999677e-01
-8.086999999999999744e-01
-1.023000000000000020e-01
4.320000000000000229e-02
-3.579999999999999849e-02
1.751999999999999946e-01
1.040999999999999925e+00
-7.651000000000000023e-01
-5.545999999999999819e-01
-1.307399999999999896e+00
4.860999999999999766e-01
-2.215700000000000003e+00
-1.340899999999999981e+00
-1.801600000000000090e+00
