7.943670000000000453e-01
-1.002330000000000026e-01
-6.916330000000000533e-01
-3.757329999999999837e-01
5.514670000000000405e-01
1.117466999999999988e+00
-1.024632999999999905e+00
-7.883329999999999504e-01
1.053670000000000023e-01
7.959669999999999801e-01
2.546669999999999767e-01
-4.361329999999999929e-01
-4.777330000000000187e-01
-1.163732999999999906e+00
-1.224433000000000105e+00
-6.429329999999999767e-01
7.016699999999999326e-02
1.423669999999999936e-01
2.063566999999999929e+00
-4.309330000000000105e-01
1.774167000000000050e+00
6.479669999999999597e-01
1.375866999999999951e+00
-7.112330000000000041e-01
-1.887232999999999938e+00
-1.923632999999999926e+00
-1.042132999999999976e+00
-1.369032999999999944e+00
-1.626329999999999998e-01
1.319466999999999945e+00
-9.280329999999999968e-01
-1.653833000000000109e+00
6.853669999999999485e-01
2.953567000000000053e+00
1.733166999999999902e+00
-1.106832999999999956e+00
6.067000000000000344e-03
1.859666999999999959e+00
2.778467000000000020e+00
1.454166999999999987e+00
1.763767000000000085e+00
7.224669999999999703e-01
2.231266999999999889e+00
-1.897432999999999925e+00
-2.794932999999999890e+00
-1.876033000000000062e+00
-1.634033000000000069e+00
-2.568329999999999780e-01
-6.005329999999999835e-01
