1.349428999999999990e+00
2.344289999999999985e-01
-8.906709999999999905e-01
-1.011870999999999965e+00
2.640290000000000137e-01
1.343428999999999984e+00
3.414289999999999825e-01
2.474028999999999812e+00
3.391290000000000138e-01
9.837289999999999646e-01
1.070829000000000031e+00
5.225290000000000212e-01
-1.031709999999999988e-01
-1.887709999999999944e-01
-1.893270999999999926e+00
-1.780470999999999915e+00
5.923289999999999944e-01
1.866128999999999927e+00
2.526428999999999814e+00
3.293629000000000140e+00
-4.500709999999999988e-01
1.209329000000000098e+00
1.412528999999999924e+00
-5.235710000000000086e-01
-6.537709999999999910e-01
-2.251670999999999978e+00
-1.345871000000000040e+00
-2.780371000000000148e+00
-2.080770999999999926e+00
-2.695971000000000117e+00
-1.173070999999999975e+00
