2.101571999999999996e+00
1.795471999999999957e+00
1.389871999999999996e+00
1.285171999999999981e+00
1.579072000000000031e+00
1.993271999999999933e+00
8.709719999999999684e-01
7.191720000000000335e-01
9.702720000000000233e-01
1.422871999999999915e+00
7.414720000000000200e-01
2.334671999999999858e+00
1.906671999999999922e+00
1.734072000000000058e+00
-4.686279999999999890e-01
-1.674628000000000005e+00
-2.807627999999999791e+00
-2.748927999999999816e+00
-1.570327999999999946e+00
-4.322280000000000011e-01
7.507719999999999949e-01
7.930719999999999992e-01
-3.894228000000000023e+00
-5.050227999999999717e+00
3.680720000000000103e-01
6.241719999999999491e-01
1.666671999999999931e+00
3.172871999999999915e+00
1.577371999999999996e+00
1.690172000000000008e+00
2.225172000000000150e+00
1.639272000000000062e+00
2.771272000000000180e+00
1.046572000000000058e+00
-1.742127999999999899e+00
-3.602628000000000164e+00
-1.580928000000000111e+00
1.791671999999999931e+00
6.399719999999999853e-01
6.827199999999999935e-02
-5.806528000000000134e+00
-5.463528000000000162e+00
-4.827428000000000274e+00
