-3.422258999999999940e+00
-3.474959000000000131e+00
-3.110859000000000041e+00
-2.668359000000000147e+00
-2.569958999999999882e+00
-2.971258999999999872e+00
-2.237759000000000054e+00
-1.866659000000000068e+00
-2.056759000000000004e+00
-2.935058999999999862e+00
-3.946359000000000172e+00
-1.352959000000000023e+00
-6.489589999999999526e-01
-1.469759000000000038e+00
-1.704258999999999968e+00
-3.460590000000000055e-01
7.039410000000000389e-01
1.983041000000000054e+00
2.948040999999999912e+00
2.670541000000000054e+00
1.384441000000000033e+00
4.180409999999999959e-01
9.852410000000000334e-01
1.326141000000000014e+00
3.659841000000000122e+00
4.402840999999999561e+00
4.196140999999999899e+00
4.283641000000000254e+00
-2.599258999999999986e+00
-3.239859000000000044e+00
-4.015158999999999700e+00
-4.234059000000000239e+00
-2.198459000000000163e+00
-6.625590000000000090e-01
-2.439458999999999822e+00
-9.689590000000000147e-01
-7.876589999999999980e-01
-2.498658999999999963e+00
5.764099999999999779e-02
-1.260858999999999952e+00
2.224641000000000091e+00
-5.698590000000000044e-01
5.736409999999999565e-01
1.318940999999999919e+00
2.295141000000000098e+00
5.167341000000000406e+00
4.909240999999999744e+00
3.758741000000000110e+00
5.285141000000000311e+00
4.150440999999999825e+00
3.554241000000000206e+00
