-5.521110000000000184e-01
6.058899999999999703e-02
6.239890000000000159e-01
5.704890000000000239e-01
-5.041099999999999748e-02
-6.173110000000000541e-01
-1.116110000000000019e-01
-1.206611000000000100e+00
-1.251511000000000040e+00
-2.287109999999999976e-01
8.602889999999999704e-01
9.225889999999999924e-01
1.163890000000000063e-01
-1.226510999999999907e+00
-1.515110000000000068e-01
1.806489000000000011e+00
1.229789000000000021e+00
-1.144010999999999889e+00
-6.400109999999999966e-01
3.518899999999999806e-02
5.095889999999999587e-01
3.313889999999999891e-01
-3.367109999999999825e-01
-8.124109999999999943e-01
-2.429610999999999965e+00
-2.379611000000000143e+00
-3.430311000000000110e+00
8.191889999999999450e-01
1.681688999999999989e+00
1.197689000000000004e+00
-2.711109999999999909e-01
-3.164109999999999978e-01
-2.030311000000000199e+00
1.697589000000000015e+00
1.794489000000000001e+00
5.657889999999999864e-01
-3.057110000000000105e-01
-1.741411000000000042e+00
-1.613610999999999907e+00
7.057889999999999997e-01
2.256489000000000189e+00
1.028388999999999998e+00
2.583689000000000124e+00
2.041789000000000076e+00
4.925889999999999991e-01
-2.085910999999999849e+00
-1.349510999999999905e+00
1.954889999999999961e-01
1.022388999999999992e+00
-4.930109999999999770e-01
-1.322011000000000047e+00
1.386589000000000071e+00
1.411389000000000005e+00
1.704889000000000099e+00
-8.188109999999999555e-01
-7.359109999999999818e-01
