-1.839976999999999974e+00
-7.675769999999999538e-01
4.009229999999999738e-01
5.087230000000000363e-01
-5.568769999999999554e-01
-1.735376999999999947e+00
-4.458770000000000233e-01
-6.038769999999999971e-01
-4.877770000000000161e-01
-2.338770000000000016e-01
-7.307700000000000307e-02
-1.779769999999999963e-01
-8.698770000000000113e-01
-2.870176999999999978e+00
-1.172770000000000062e-01
2.941123000000000154e+00
1.850022999999999973e+00
-6.731770000000000254e-01
4.324230000000000018e-01
3.657230000000000203e-01
-9.002769999999999939e-01
1.660123000000000015e+00
2.361922999999999995e+00
3.632223000000000201e+00
-9.795770000000000310e-01
-6.721770000000000245e-01
-7.489770000000000039e-01
-1.134176999999999991e+00
-1.439777000000000085e+00
-1.358176999999999968e+00
-1.145076999999999900e+00
-8.176769999999999872e-01
1.287230000000000041e-01
-5.327699999999999797e-02
-7.457700000000000440e-02
-1.742777000000000021e+00
-3.077777000000000207e+00
-3.675876999999999839e+00
3.871122999999999870e+00
2.660823000000000160e+00
3.143622999999999834e+00
2.201823000000000086e+00
1.714423000000000030e+00
-1.735977000000000103e+00
1.540122999999999909e+00
2.294623000000000079e+00
2.529923000000000144e+00
1.768122999999999889e+00
4.026823000000000263e+00
-3.606770000000000254e-01
-5.046770000000000422e-01
-1.193877000000000077e+00
-1.741076999999999986e+00
-1.593277000000000054e+00
-2.092077000000000186e+00
-1.191977000000000064e+00
-3.467770000000000019e-01
