2.033579000000000025e+00
1.896079000000000070e+00
1.657178999999999958e+00
1.545079000000000091e+00
1.667278999999999956e+00
1.930979000000000001e+00
1.294178999999999968e+00
1.168479000000000045e+00
1.295579000000000036e+00
1.552178999999999975e+00
2.036179000000000183e+00
2.003979000000000177e+00
1.159378999999999937e+00
-2.742209999999999925e-01
-1.547020999999999979e+00
-2.663921000000000205e+00
-2.526621000000000006e+00
-1.257721000000000089e+00
-1.376209999999999933e-01
-3.695520999999999834e+00
-3.604121000000000130e+00
1.193778999999999924e+00
9.727789999999999493e-01
2.369778999999999858e+00
2.271579000000000015e+00
1.898978999999999973e+00
2.180679000000000034e+00
-1.687621000000000038e+00
-3.648620999999999892e+00
-1.097520999999999969e+00
8.430790000000000228e-01
-4.614920999999999829e+00
-3.221020999999999912e+00
-2.994320999999999788e+00
