1.139730000000000049e-01
1.148730000000000029e-01
1.874730000000000008e-01
2.509730000000000016e-01
2.458730000000000082e-01
1.851730000000000043e-01
3.409730000000000261e-01
3.875730000000000008e-01
3.113730000000000109e-01
3.242729999999999779e-01
-2.312269999999999881e-01
2.028729999999999978e-01
3.807300000000000267e-02
-8.495270000000000321e-01
-8.699270000000000058e-01
-2.183269999999999933e-01
4.027729999999999921e-01
3.956729999999999969e-01
-2.311269999999999991e-01
9.811729999999999619e-01
1.633272999999999975e+00
-2.539270000000000138e-01
8.749730000000000008e-01
-1.474226999999999954e+00
-2.873127000000000209e+00
4.671730000000000049e-01
1.368173000000000084e+00
-2.421270000000000089e-01
3.023730000000000029e-01
1.715730000000000033e-01
3.417300000000000199e-02
-2.222700000000000023e-02
-1.327626999999999891e+00
8.817730000000000290e-01
-8.212270000000000403e-01
2.038673000000000179e+00
2.471372999999999820e+00
9.239730000000000443e-01
8.220730000000000537e-01
8.508729999999999905e-01
1.816473000000000004e+00
-3.311126999999999931e+00
-3.041627000000000081e+00
-3.372627000000000042e+00
