2.132277000000000200e+00
2.027277000000000218e+00
1.605177000000000076e+00
1.266577000000000064e+00
1.334176999999999946e+00
1.799476999999999993e+00
8.462769999999999460e-01
4.953770000000000118e-01
5.436769999999999659e-01
9.846770000000000245e-01
1.912770000000000026e-01
-4.033229999999999871e-01
-1.894230000000000080e-01
-7.003230000000000288e-01
-5.060230000000000006e-01
2.061769999999999992e-01
7.354770000000000474e-01
5.307770000000000543e-01
1.879077000000000108e+00
2.378176999999999985e+00
4.023769999999999847e-01
1.528777000000000053e+00
-7.561229999999999896e-01
-7.556230000000000446e-01
-7.399229999999999974e-01
-6.653229999999999977e-01
-8.463230000000000475e-01
-1.974723000000000006e+00
-1.833023000000000069e+00
-2.972722999999999782e+00
-2.893123000000000111e+00
-4.141322999999999865e+00
-1.736423000000000050e+00
1.443476999999999899e+00
1.948077000000000059e+00
1.757276999999999978e+00
1.058476999999999890e+00
1.733770000000000033e-01
-5.026230000000000420e-01
1.127477000000000062e+00
-1.261722999999999928e+00
-9.015229999999999633e-01
2.036677000000000071e+00
2.260076999999999892e+00
2.310376999999999903e+00
2.701176999999999939e+00
-1.638922999999999908e+00
1.751769999999999994e-01
-8.338229999999999809e-01
-2.883122999999999880e+00
-2.123222999999999860e+00
-9.028230000000000421e-01
-1.798923000000000050e+00
-4.813823000000000185e+00
-1.998223000000000082e+00
-1.779123000000000010e+00
-2.496023000000000103e+00
1.610977000000000103e+00
2.488576999999999817e+00
2.147377000000000091e+00
9.219770000000000465e-01
