-1.849488999999999939e+00
-2.471889000000000003e+00
-2.742789000000000144e+00
-2.365889000000000131e+00
-1.700588999999999906e+00
-1.471789000000000014e+00
-2.673688999999999982e+00
-2.336189000000000071e+00
-1.645988999999999924e+00
-1.352389000000000063e+00
-1.315588999999999897e+00
9.971099999999999408e-02
1.192711000000000077e+00
2.335710999999999871e+00
2.380011000000000099e+00
1.317310999999999899e+00
1.843110000000000026e-01
-8.203890000000000349e-01
-2.858188999999999869e+00
-5.641890000000000516e-01
3.446511000000000102e+00
3.397810999999999915e+00
-1.053088999999999942e+00
3.515810999999999797e+00
3.406810999999999812e+00
1.483511000000000024e+00
4.355109999999999815e-01
-3.200388999999999928e+00
-2.618589000000000055e+00
-4.624889999999999834e-01
-2.181789000000000200e+00
1.143610999999999933e+00
-6.642890000000000184e-01
1.408109999999999917e-01
-1.302189000000000041e+00
-3.335688999999999904e+00
-2.665989000000000164e+00
4.337411000000000350e+00
2.581411000000000122e+00
3.321610999999999869e+00
-1.802389000000000019e+00
4.311310999999999893e+00
2.545211000000000112e+00
3.346511000000000013e+00
7.411109999999999642e-01
2.802109999999999879e-01
-4.889890000000000070e-01
