1.753584000000000032e+00
1.054184000000000010e+00
6.183840000000000447e-01
9.012839999999999741e-01
1.633583999999999925e+00
2.042784000000000155e+00
4.469839999999999924e-01
7.244840000000000169e-01
1.455184000000000033e+00
1.919283999999999990e+00
1.740884000000000098e+00
5.340840000000000032e-01
3.850839999999999819e-01
1.466840000000000088e-01
-5.616000000000000332e-03
5.688399999999999707e-02
2.911839999999999984e-01
4.478840000000000043e-01
2.731484000000000023e+00
7.657840000000000202e-01
-9.821599999999999775e-02
2.385839999999999905e-01
-6.433159999999999989e-01
-8.179159999999999764e-01
-9.379159999999999719e-01
-1.040216000000000030e+00
-9.411159999999999526e-01
-2.057516000000000123e+00
-2.035616000000000092e+00
-3.205016000000000087e+00
-4.315616000000000341e+00
-2.917616000000000209e+00
-3.471599999999999686e-02
8.768399999999999805e-02
6.393839999999999524e-01
3.318840000000000123e-01
2.211984000000000172e+00
2.495784000000000002e+00
-1.757160000000000111e-01
3.740840000000000276e-01
3.318184000000000022e+00
3.034883999999999915e+00
2.395839999999999914e-01
1.084683999999999982e+00
-9.361159999999999481e-01
9.418400000000000383e-02
-1.023616000000000081e+00
-2.129016000000000020e+00
-2.970715999999999912e+00
-2.090015999999999874e+00
-1.108916000000000013e+00
-3.744116000000000000e+00
-1.044815999999999967e+00
6.010839999999999517e-01
-1.282159999999999966e-01
