5.546999999999999847e-02
-2.660299999999999887e-01
-4.177299999999999902e-01
-2.349299999999999999e-01
7.936999999999999611e-02
2.456699999999999995e-01
-3.275299999999999878e-01
-9.132999999999999452e-02
1.369700000000000084e-01
4.059699999999999975e-01
-1.854300000000000115e-01
6.025700000000000500e-01
-4.510299999999999865e-01
-9.779299999999999660e-01
-1.015930000000000000e+00
-2.408299999999999885e-01
5.653700000000000392e-01
6.067700000000000315e-01
-2.424300000000000066e-01
1.386370000000000102e+00
2.280670000000000197e+00
-1.843830000000000080e+00
-1.922730000000000050e+00
3.090669999999999806e+00
-2.906229999999999869e+00
-5.375299999999999523e-01
-1.179299999999999932e-01
1.493770000000000042e+00
6.026999999999999719e-02
8.411699999999999733e-01
7.109699999999999909e-01
-7.092300000000000271e-01
-3.551300000000000012e-01
-1.593630000000000102e+00
-2.340299999999999880e-01
1.152169999999999916e+00
-8.946300000000000363e-01
1.714369999999999949e+00
2.962969999999999882e+00
-9.412300000000000111e-01
-2.284030000000000005e+00
3.794669999999999987e+00
3.649869999999999948e+00
2.430969999999999853e+00
-3.000830000000000108e+00
-3.893829999999999902e+00
-2.581129999999999924e+00
