4.479595999999999911e+00
5.440095999999999599e+00
5.279895999999999923e+00
4.058195999999999692e+00
2.992395999999999834e+00
3.275695999999999941e+00
3.901196000000000108e+00
2.627095999999999876e+00
1.398096000000000005e+00
1.641496000000000066e+00
1.062696000000000085e+00
-2.800039999999999751e-01
-1.454703999999999997e+00
-2.720003999999999866e+00
-3.903204000000000118e+00
-3.861203999999999859e+00
-2.628503999999999952e+00
-1.449704000000000104e+00
2.309995999999999938e+00
6.664996000000000365e+00
-5.104104000000000418e+00
-5.529003999999999586e+00
-2.679003999999999941e+00
-1.440004000000000062e+00
-5.029804000000000386e+00
-5.478104000000000084e+00
-3.309039999999999759e-01
3.907995999999999803e+00
4.768995999999999569e+00
2.468195999999999835e+00
2.757696000000000147e+00
5.474959999999999827e-01
1.573895999999999962e+00
8.433960000000000345e-01
1.814996000000000054e+00
1.142395999999999967e+00
-2.818004000000000175e+00
-4.981039999999999912e-01
1.628295999999999966e+00
2.624496000000000162e+00
7.409495999999999860e+00
6.821195999999999593e+00
-6.505804000000000364e+00
-5.642704000000000164e+00
-4.833704000000000001e+00
-1.665604000000000084e+00
-8.268039999999999834e-01
-9.007039999999999491e-01
-6.388303999999999760e+00
-5.725404000000000160e+00
-4.733004000000000211e+00
-8.113040000000000251e-01
-8.723039999999999683e-01
6.699960000000000360e-01
