-1.717640000000000000e-01
-2.295639999999999903e-01
-2.063639999999999919e-01
-1.218640000000000001e-01
-6.166399999999999659e-02
-8.366400000000000226e-02
-7.616399999999999559e-02
1.303600000000000071e-02
1.143599999999999998e-02
8.793600000000000028e-02
4.133599999999999774e-02
-1.616400000000000128e-02
-3.180640000000000134e-01
-1.431640000000000135e-01
-3.736400000000000138e-02
2.638360000000000150e-01
4.605360000000000009e-01
3.532359999999999944e-01
-5.586399999999999699e-02
-9.916400000000000214e-02
6.933599999999999486e-02
1.057536000000000032e+00
-6.987640000000000517e-01
7.843600000000000572e-02
-3.146399999999999891e-02
-3.638640000000000208e-01
-3.387640000000000096e-01
-3.752639999999999865e-01
-1.892639999999999878e-01
3.477359999999999896e-01
7.003359999999999586e-01
5.179359999999999520e-01
-3.844639999999999724e-01
