3.304139999999999855e-01
6.301400000000000057e-02
-4.895860000000000212e-01
-7.881860000000000532e-01
-5.756860000000000310e-01
3.321400000000000047e-02
-1.363885999999999932e+00
-1.547285999999999939e+00
-1.079085999999999990e+00
-1.131086000000000036e+00
9.561400000000000454e-02
3.637139999999999818e-01
3.898139999999999938e-01
-9.244860000000000300e-01
-9.765859999999999541e-01
6.014000000000000248e-03
1.030813999999999897e+00
1.084014000000000033e+00
1.417140000000000066e-01
2.040313999999999961e+00
3.029014000000000095e+00
-2.027686000000000099e+00
-2.123385999999999996e+00
1.214514000000000093e+00
-1.622085999999999917e+00
-2.007686000000000082e+00
-1.832286000000000081e+00
-1.582386000000000070e+00
3.696139999999999981e-01
8.842140000000000555e-01
2.080140000000000045e-01
8.100140000000000118e-01
-1.693786000000000014e+00
1.051400000000000078e-02
1.771314000000000055e+00
3.694113999999999898e+00
2.573913999999999813e+00
3.635314000000000156e+00
-3.010285999999999795e+00
-1.253285999999999900e+00
-2.256486000000000214e+00
2.177913999999999906e+00
9.648139999999999494e-01
1.363313999999999915e+00
