-1.490660000000000041e-01
5.183399999999999813e-02
3.949340000000000073e-01
5.453339999999999854e-01
3.671340000000000159e-01
2.143400000000000166e-02
8.857340000000000213e-01
1.047233999999999998e+00
8.862339999999999662e-01
5.321339999999999959e-01
1.055234000000000005e+00
-1.986660000000000093e-01
-3.436660000000000270e-01
-1.611666000000000043e+00
-1.828165999999999958e+00
-7.543659999999999810e-01
5.241339999999999888e-01
7.224340000000000206e-01
-2.414659999999999862e-01
-1.065659999999999941e-01
-3.121366000000000085e+00
-3.387465999999999866e+00
1.491934000000000093e+00
2.817133999999999805e+00
1.311034000000000033e+00
1.845034000000000063e+00
1.383634000000000031e+00
-1.043166000000000038e+00
-2.457466000000000150e+00
-8.779660000000000242e-01
1.715033999999999947e+00
2.403339999999999921e-01
-4.486660000000000093e-01
3.683399999999999869e-02
-3.665660000000000029e-01
-4.453966000000000314e+00
-2.828765999999999892e+00
-3.174765999999999977e+00
3.457434000000000118e+00
3.202233999999999803e+00
2.859334000000000042e+00
