-8.442099999999999604e-02
2.671789999999999998e-01
7.588789999999999702e-01
8.968789999999999818e-01
5.466790000000000260e-01
5.757899999999999824e-02
1.404279000000000055e+00
1.603278999999999899e+00
1.307479000000000058e+00
7.326789999999999692e-01
1.593979000000000035e+00
3.970790000000000153e-01
3.418789999999999885e-01
1.456979000000000024e+00
1.431378999999999957e+00
2.886790000000000189e-01
-8.412209999999999965e-01
-8.315209999999999546e-01
-3.168210000000000193e-01
1.134789999999999965e-01
-1.979821000000000053e+00
3.164790000000000103e-01
-3.120820999999999845e+00
-3.134821000000000080e+00
-2.008621000000000212e+00
2.023079000000000072e+00
2.398878999999999984e+00
1.972078999999999915e+00
-4.692209999999999992e-01
2.375278999999999918e+00
2.307278999999999858e+00
2.918789999999999996e-01
4.323790000000000133e-01
-1.143820999999999977e+00
3.561790000000000234e-01
-2.739210000000000256e-01
-1.986720999999999959e+00
9.421789999999999887e-01
-7.393210000000000059e-01
4.012789999999999968e-01
-3.993621000000000087e+00
-4.020020999999999844e+00
-2.070621000000000045e+00
