1.998512000000000066e+00
2.184511999999999787e+00
2.035512000000000210e+00
1.655512000000000095e+00
1.423211999999999922e+00
1.643812999999999969e+00
1.450012999999999996e+00
1.381512000000000073e+00
5.421120000000000383e-01
1.028211999999999904e+00
-9.946880000000000166e-01
-1.706887999999999961e+00
-1.943888000000000060e+00
-2.600388000000000144e+00
-3.050686999999999927e+00
-2.853086999999999929e+00
-2.188886999999999805e+00
1.447113000000000094e+00
2.558511999999999897e+00
-2.044287999999999883e+00
5.387129999999999974e-01
2.272412999999999794e+00
1.027112000000000025e+00
2.405711999999999851e+00
7.671120000000000161e-01
1.924312999999999940e+00
2.730119999999999769e-01
-1.226987999999999968e+00
-1.464587000000000083e+00
-1.622287999999999952e+00
-2.764088000000000100e+00
-3.566187000000000218e+00
-3.229086999999999819e+00
1.709113000000000104e+00
1.634911999999999921e+00
2.706211999999999840e+00
2.680511999999999784e+00
-2.411887999999999810e+00
-9.948879999999999946e-01
-2.624887999999999888e+00
