-9.733100000000000085e-02
1.063690000000000052e-01
2.938689999999999913e-01
2.490690000000000126e-01
3.126899999999999819e-02
-1.318310000000000037e-01
4.860689999999999733e-01
2.948689999999999922e-01
2.816899999999999959e-02
-3.140310000000000046e-01
1.279689999999999994e-01
-1.932310000000000139e-01
4.071690000000000031e-01
8.676899999999999891e-02
-7.174310000000000409e-01
8.846900000000000597e-02
1.021069000000000004e+00
1.039169000000000009e+00
1.195689999999999947e-01
-8.129309999999999592e-01
-8.233310000000000350e-01
-2.721310000000000118e-01
-3.969309999999999783e-01
2.811690000000000023e-01
-8.531000000000000388e-03
7.572689999999999699e-01
-9.199310000000000542e-01
-2.688309999999999866e-01
1.437469000000000108e+00
-7.006310000000000038e-01
-1.759230999999999989e+00
1.782168999999999892e+00
1.780769000000000046e+00
1.304690000000000016e-01
-1.541530999999999985e+00
-1.591331000000000051e+00
