1.136864000000000097e+00
7.355639999999999956e-01
3.545639999999999903e-01
3.765640000000000098e-01
7.862639999999999629e-01
1.158263999999999960e+00
-3.233599999999999669e-02
-7.333599999999999841e-02
2.991639999999999855e-01
7.670639999999999681e-01
1.750639999999999974e-01
-8.807359999999999634e-01
-6.956360000000000321e-01
-1.018235999999999919e+00
-8.596359999999999557e-01
-3.908360000000000167e-01
-7.733600000000000196e-02
-2.281360000000000054e-01
1.586664000000000074e+00
7.108640000000000514e-01
1.227263999999999911e+00
2.266400000000000012e-02
4.779640000000000000e-01
-1.223235999999999990e+00
-5.840359999999999996e-01
-9.308359999999999967e-01
-2.558035999999999976e+00
-2.271936000000000178e+00
-4.378360000000000030e-01
-4.033599999999999686e-02
1.155963999999999992e+00
-1.385335999999999901e+00
-2.681359999999999855e-01
2.759639999999999871e-01
2.487163999999999930e+00
9.015640000000000320e-01
4.044639999999999902e-01
9.912640000000000340e-01
2.236263999999999807e+00
5.290639999999999787e-01
1.301363999999999965e+00
6.283640000000000336e-01
1.439864000000000033e+00
-2.730360000000000009e-01
-2.951236000000000193e+00
-2.399836000000000080e+00
-2.586036000000000001e+00
