-2.502224000000000004e+00
-1.385124000000000022e+00
-1.631239999999999912e-01
-4.402400000000000063e-02
-1.151124000000000036e+00
-2.382023999999999919e+00
-1.036024000000000056e+00
-8.220239999999999769e-01
-7.276240000000000485e-01
-8.829240000000000421e-01
-1.083623999999999921e+00
-1.153823999999999961e+00
-1.497524000000000077e+00
-3.574723999999999791e+00
-8.588240000000000318e-01
2.475175999999999821e+00
1.362875999999999976e+00
-5.263240000000000141e-01
5.965759999999999952e-01
9.003759999999999541e-01
1.685760000000000036e-01
3.097075999999999940e+00
3.023976000000000219e+00
-4.748240000000000238e-01
1.776000000000000018e-03
-6.089240000000000208e-01
-1.703324000000000060e+00
-2.167623999999999995e+00
-1.562823999999999991e+00
2.093776000000000082e+00
1.841175999999999924e+00
1.994575999999999905e+00
4.393276000000000181e+00
-2.386823999999999835e+00
-2.095223999999999975e+00
-7.245239999999999458e-01
-1.195724000000000009e+00
-1.317023999999999972e+00
-6.680239999999999512e-01
-2.408624000000000098e+00
-3.669324000000000030e+00
-4.415624000000000215e+00
3.452576000000000089e+00
2.403176000000000201e+00
2.434476000000000084e+00
1.523676000000000030e+00
1.457775999999999961e+00
-6.004239999999999577e-01
8.890759999999999774e-01
8.564760000000000151e-01
-1.972240000000000104e-01
-3.014724000000000181e+00
-1.947724000000000011e+00
2.494775999999999883e+00
2.869076000000000182e+00
1.153775999999999913e+00
1.407075999999999993e+00
4.343075999999999937e+00
4.776475999999999722e+00
5.060075999999999574e+00
-2.775123999999999924e+00
-2.274624000000000201e+00
-1.071423999999999932e+00
