-3.503560000000000008e-01
-1.220559999999999978e-01
1.046440000000000009e-01
1.075440000000000007e-01
-1.200559999999999961e-01
-3.635559999999999903e-01
-1.151559999999999945e-01
-1.289355999999999947e+00
-1.257656000000000107e+00
-8.615599999999999647e-02
1.078943999999999903e+00
1.064243999999999968e+00
-1.145560000000000050e-01
-5.629560000000000120e-01
-6.205600000000000005e-02
1.899644000000000110e+00
4.049440000000000262e-01
7.891439999999999566e-01
3.361439999999999984e-01
1.168344000000000049e+00
7.496439999999999770e-01
-5.020559999999999468e-01
-1.336756000000000055e+00
-9.202559999999999629e-01
-2.501555999999999891e+00
-2.812056000000000111e+00
-3.203656000000000059e+00
9.844000000000000319e-03
-2.224056000000000033e+00
2.020544000000000118e+00
1.992944000000000049e+00
6.594400000000000261e-02
-2.719559999999999755e-01
-7.381560000000000343e-01
-1.051855999999999902e+00
2.080944000000000127e+00
2.411443999999999921e+00
2.359744000000000064e+00
-1.031559999999999977e-01
-1.105599999999999986e-02
7.393440000000000012e-01
1.838343999999999978e+00
2.150144000000000055e+00
1.402544000000000013e+00
-8.277560000000000473e-01
-2.314255999999999869e+00
-1.581355999999999984e+00
-1.988560000000000050e-01
1.003543999999999992e+00
-7.358559999999999546e-01
