4.011529999999999818e-01
9.021529999999999827e-01
9.227530000000000454e-01
3.914529999999999954e-01
-1.642470000000000041e-01
-1.080470000000000041e-01
4.053530000000000189e-01
-1.474469999999999947e-01
-7.423469999999999791e-01
-7.320470000000000033e-01
-1.303047000000000066e+00
-9.731469999999999843e-01
-6.089470000000000161e-01
-1.534146999999999927e+00
-1.218647000000000036e+00
3.305299999999999905e-02
9.578529999999999545e-01
6.384530000000000483e-01
-6.411470000000000224e-01
1.424952999999999914e+00
4.453529999999999989e-01
-4.632470000000000199e-01
2.227952999999999850e+00
2.223952999999999847e+00
1.567253000000000007e+00
1.759953000000000101e+00
-2.354347000000000190e+00
-1.110470000000000068e-01
-1.157647000000000093e+00
-1.829946999999999990e+00
-1.309470000000000078e-01
-2.514546999999999866e+00
-1.975646999999999931e+00
-5.278469999999999551e-01
-5.444470000000000143e-01
1.796753000000000045e+00
1.414252999999999982e+00
2.765300000000000050e-02
-1.372346999999999984e+00
-6.963470000000000493e-01
3.097853000000000190e+00
1.331752999999999965e+00
2.327552999999999983e+00
2.068252999999999897e+00
8.471530000000000449e-01
2.566453000000000095e+00
-2.963547000000000153e+00
-1.915547000000000111e+00
-3.048646999999999885e+00
