6.338390000000000413e-01
3.331390000000000184e-01
-7.976099999999999857e-02
-2.052609999999999990e-01
8.873899999999999844e-02
5.254389999999999894e-01
-5.716099999999999653e-02
1.023638999999999966e+00
8.613389999999999658e-01
-3.582609999999999961e-01
-1.438061000000000034e+00
-1.286361000000000088e+00
4.522390000000000021e-01
8.060389999999999500e-01
-5.763610000000000122e-01
-9.378609999999999447e-01
-6.946609999999999729e-01
1.934039000000000064e+00
2.787638999999999978e+00
1.989538999999999946e+00
-2.402060999999999780e+00
-2.141560999999999826e+00
2.303389999999999882e-01
7.610390000000000210e-01
1.224439000000000055e+00
1.119739000000000040e+00
-1.283460999999999963e+00
-1.701961000000000057e+00
-2.066099999999999881e-02
4.543900000000000022e-02
-1.633161000000000085e+00
