-4.215119999999999978e-01
1.933880000000000043e-01
9.260880000000000223e-01
1.011787999999999910e+00
4.294879999999999809e-01
-3.262120000000000020e-01
1.914287999999999990e+00
1.554488000000000092e+00
7.532879999999999576e-01
-9.927120000000000388e-01
5.458799999999999764e-02
1.892880000000000118e-01
-9.842119999999999758e-01
-1.530412000000000106e+00
-8.986119999999999663e-01
2.671879999999999811e-01
8.163880000000000026e-01
1.946587999999999985e+00
2.585688000000000208e+00
-2.669411999999999896e+00
-3.259112000000000009e+00
2.733880000000000199e-01
7.281879999999999464e-01
1.956987999999999950e+00
-9.999120000000000230e-01
-1.507711999999999941e+00
5.021879999999999677e-01
-4.956119999999999970e-01
-1.481511999999999940e+00
-1.282311999999999896e+00
7.192880000000000384e-01
3.451287999999999911e+00
1.918787999999999938e+00
2.952188000000000034e+00
-4.151112000000000357e+00
-2.577312000000000047e+00
-3.576611999999999902e+00
6.143880000000000452e-01
-8.242119999999999447e-01
1.823487999999999998e+00
3.957879999999999732e-01
