-7.663750000000000284e-01
-7.946750000000000203e-01
-5.451749999999999652e-01
-2.326749999999999929e-01
-1.869750000000000023e-01
-4.694749999999999757e-01
6.742499999999999882e-02
2.883249999999999980e-01
1.504250000000000032e-01
3.170250000000000012e-01
8.808249999999999691e-01
-4.712749999999999995e-01
-1.107674999999999965e+00
-1.816750000000000032e-01
-4.997499999999999859e-02
1.145424999999999915e+00
2.210824999999999818e+00
2.077525000000000066e+00
7.320250000000000368e-01
1.337525000000000075e+00
2.466025000000000134e+00
2.040250000000000119e-01
2.430249999999999910e-01
2.088250000000000106e-01
-9.216750000000000220e-01
6.932499999999999774e-02
2.748249999999999860e-01
-8.135750000000000481e-01
-1.923974999999999991e+00
-1.784974999999999978e+00
-2.859574999999999978e+00
1.449249999999999983e-01
1.526250000000000107e-01
2.310250000000000081e-01
3.030249999999999888e-01
2.987250000000000183e-01
2.218249999999999944e-01
5.581249999999999822e-01
1.067525000000000057e+00
-6.307749999999999746e-01
-2.707749999999999879e-01
-6.891749999999999821e-01
-1.144174999999999942e+00
-1.306175000000000086e+00
-1.121275000000000022e+00
-8.854750000000000121e-01
3.150924999999999976e+00
2.916924999999999990e+00
-5.374999999999999570e-03
1.681724999999999914e+00
-6.705750000000000322e-01
1.199224999999999985e+00
-9.489750000000000130e-01
-1.876675000000000093e+00
5.392500000000000071e-02
-8.679750000000000520e-01
1.405250000000000110e-01
-2.547874999999999890e+00
1.240249999999999964e-01
2.402249999999999941e-01
3.628250000000000086e-01
3.512250000000000094e-01
2.022249999999999881e-01
