1.035606000000000027e+00
4.337059999999999804e-01
-1.257939999999999892e-01
-7.289400000000000046e-02
5.266060000000000185e-01
1.063106000000000106e+00
-6.403940000000000188e-01
-6.144939999999999847e-01
-9.399999999999999448e-05
5.718060000000000365e-01
1.739605999999999986e+00
3.874059999999999726e-01
-2.648940000000000183e-01
7.183060000000000000e-01
4.310060000000000002e-01
-8.309940000000000104e-01
-1.803093999999999975e+00
-1.525593999999999895e+00
-1.235093999999999914e+00
-2.796939999999999982e-01
1.185060000000000002e-01
1.513106000000000062e+00
-9.068939999999999779e-01
-1.119194000000000022e+00
-1.071693999999999924e+00
1.449805999999999928e+00
2.071505999999999847e+00
-6.119399999999999840e-02
8.024059999999999526e-01
1.708205999999999891e+00
1.218105999999999911e+00
-2.788794000000000217e+00
-2.297693999999999903e+00
-7.551940000000000319e-01
1.220599999999999984e-02
5.927059999999999551e-01
