-7.386479999999999713e-01
-5.538480000000000070e-01
-2.002480000000000093e-01
-1.352480000000000071e-01
-3.677480000000000193e-01
-6.418479999999999741e-01
-3.112480000000000246e-01
-1.446747999999999923e+00
-1.396748000000000101e+00
-2.102479999999999905e-01
9.250519999999999854e-01
8.741520000000000401e-01
-1.460480000000000111e-01
1.757851999999999970e+00
2.480519999999999947e-01
-4.864479999999999915e-01
-1.197248000000000090e+00
-2.343348000000000209e+00
-1.402247999999999939e+00
8.885200000000000042e-02
-9.822480000000000100e-01
-4.316479999999999762e-01
-9.254480000000000484e-01
-7.563480000000000203e-01
1.341452000000000089e+00
-2.382947999999999844e+00
-2.287247999999999948e+00
1.854451999999999989e+00
1.773851999999999984e+00
2.008351999999999915e+00
2.197151999999999994e+00
2.234151999999999916e+00
-1.823480000000000101e-01
-1.854480000000000017e-01
-7.589479999999999560e-01
-2.632479999999999820e-01
9.863520000000000065e-01
2.815520000000000245e-01
-9.076480000000000103e-01
1.781052000000000080e+00
1.682052000000000103e+00
1.607051999999999925e+00
