2.095889999999999809e+00
1.483289999999999997e+00
3.366899999999999893e-01
-2.484099999999999919e-01
3.142900000000000138e-01
1.522790000000000088e+00
-3.144100000000000228e-01
-8.161000000000000199e-02
-6.897100000000000453e-01
-1.517709999999999892e+00
-1.752110000000000056e+00
-1.164009999999999989e+00
2.062990000000000101e+00
2.185189999999999966e+00
-2.224509999999999987e+00
-2.066409999999999858e+00
-1.559409999999999963e+00
-4.132100000000000217e-01
-1.048610000000000042e+00
-3.263099999999999890e-01
6.853900000000000547e-01
6.146899999999999586e-01
-5.571099999999999941e-01
1.531899999999999928e-01
-5.206100000000000172e-01
1.384900000000000020e-01
1.476290000000000102e+00
2.157290000000000152e+00
1.500890000000000057e+00
5.740899999999999892e-01
-2.388910000000000089e+00
-1.366309999999999913e+00
1.619890000000000052e+00
2.931290000000000173e+00
2.151889999999999858e+00
3.061189999999999856e+00
-3.015210000000000168e+00
-2.236509999999999998e+00
-1.353410000000000002e+00
-1.437810000000000032e+00
-2.328310000000000102e+00
-1.947810000000000041e+00
-1.627410000000000023e+00
-1.607099999999999917e-01
-1.566109999999999891e+00
-3.934099999999999819e-01
1.989290000000000003e+00
3.202490000000000059e+00
2.048589999999999911e+00
