1.341318999999999928e+00
7.267190000000000039e-01
1.025189999999999990e-01
9.831900000000000361e-02
7.274190000000000378e-01
1.338119000000000058e+00
-5.633810000000000207e-01
-6.484809999999999741e-01
-7.338100000000000178e-02
6.633189999999999920e-01
-2.629810000000000203e-01
-1.077680999999999889e+00
-8.184810000000000141e-01
-1.283981000000000039e+00
-1.027180999999999900e+00
-3.059810000000000030e-01
1.573189999999999866e-01
-8.608100000000000473e-02
1.995119000000000087e+00
7.355190000000000339e-01
1.366019000000000094e+00
-2.330080999999999847e+00
8.364190000000000236e-01
1.119118999999999975e+00
-1.542780999999999958e+00
-1.154781000000000057e+00
-1.224380999999999942e+00
-7.399809999999999999e-01
7.416190000000000282e-01
-1.843981000000000092e+00
-1.000810000000000033e-01
2.743189999999999795e-01
2.866118999999999861e+00
1.416519000000000084e+00
2.936190000000000189e-01
1.215319000000000038e+00
2.416018999999999917e+00
8.676190000000000291e-01
1.393618999999999941e+00
-2.206180999999999948e+00
-2.656181000000000125e+00
-3.151480999999999977e+00
1.539919000000000038e+00
2.049189999999999900e-01
1.866019000000000094e+00
-1.583781000000000105e+00
-1.555280999999999914e+00
-6.628100000000000658e-02
