-1.755813000000000068e+00
-2.086713000000000040e+00
-1.790513000000000021e+00
-1.128212999999999910e+00
-7.317129999999999468e-01
-1.064713000000000021e+00
-8.611130000000000173e-01
-2.019130000000000091e-01
2.457870000000000055e-01
-4.401299999999999657e-02
-7.648129999999999651e-01
-2.777112999999999943e+00
9.424869999999999637e-01
4.048700000000000215e-02
7.127869999999999484e-01
1.167286999999999964e+00
1.842087000000000030e+00
2.305686999999999820e+00
2.099086999999999925e+00
1.428787000000000029e+00
2.544870000000000188e-01
1.315870000000000095e-01
-1.065612999999999921e+00
-3.045412999999999926e+00
-3.017612999999999879e+00
-3.016130000000000200e-01
8.744870000000000143e-01
2.013487000000000027e+00
2.826786999999999939e+00
2.457886999999999933e+00
1.293687000000000031e+00
