-7.664100000000000357e-01
-9.569100000000000383e-01
-8.707099999999999840e-01
-5.675099999999999589e-01
-3.315100000000000269e-01
-4.517100000000000004e-01
-4.876099999999999879e-01
-1.762100000000000055e-01
7.079000000000000570e-02
1.889999999999999970e-03
-3.345099999999999740e-01
-1.263509999999999911e+00
2.553900000000000059e-01
5.933899999999999730e-01
8.208900000000000086e-01
1.192690000000000028e+00
-6.735100000000000531e-01
-1.230099999999999943e-01
3.169899999999999940e-01
2.301900000000000057e-01
-4.019099999999999895e-01
-1.414709999999999912e+00
-1.336710000000000065e+00
-2.298099999999999865e-01
1.512389999999999901e+00
1.610589999999999966e+00
-8.340999999999999803e-02
1.350289999999999990e+00
3.985899999999999999e-01
2.115590000000000082e+00
