5.029460000000000042e-01
-7.354000000000000294e-03
-7.328540000000000054e-01
-9.680539999999999701e-01
-4.800539999999999807e-01
2.797459999999999947e-01
-7.327540000000000164e-01
7.564600000000000490e-02
-1.599540000000000128e-01
-1.212954000000000088e+00
-2.020653999999999950e+00
-1.780753999999999948e+00
2.239460000000000062e-01
8.020460000000000367e-01
-1.548054000000000041e+00
-3.311053999999999942e+00
-1.829353999999999925e+00
6.844459999999999988e-01
4.044460000000000277e-01
1.178846000000000060e+00
8.889460000000000139e-01
2.163845999999999936e+00
9.264600000000000612e-02
6.737459999999999560e-01
-6.255399999999999849e-02
-1.384954000000000018e+00
-1.973953999999999986e+00
-1.240053999999999990e+00
1.555946000000000051e+00
2.619645999999999919e+00
2.214745999999999881e+00
1.052945999999999938e+00
3.399246000000000212e+00
9.036459999999999493e-01
-2.838553999999999800e+00
-2.420754000000000072e+00
-1.515539999999999943e-01
7.690460000000000074e-01
1.347045999999999966e+00
1.119345999999999952e+00
-3.906454000000000093e+00
-3.545053999999999927e+00
-3.630453999999999848e+00
-1.653853999999999935e+00
-1.537153999999999909e+00
3.337459999999999871e-01
1.844246000000000052e+00
2.876646000000000036e+00
2.764346000000000192e+00
1.706746000000000096e+00
3.971459999999999990e-01
-1.957454000000000027e+00
-3.006553999999999949e+00
-1.710954000000000086e+00
8.615460000000000340e-01
1.017746000000000040e+00
3.056945999999999941e+00
4.053446000000000105e+00
3.938746000000000080e+00
