1.900457999999999981e+00
1.431658000000000097e+00
1.076057999999999959e+00
1.201057999999999959e+00
1.679357999999999906e+00
2.006057999999999897e+00
8.419579999999999842e-01
9.593580000000000441e-01
1.435457999999999901e+00
1.799458000000000002e+00
1.538257999999999903e+00
2.184580000000000133e-01
1.270580000000000043e-01
-9.542000000000000134e-03
-8.384199999999999986e-02
-3.414199999999999874e-02
1.085580000000000017e-01
1.805579999999999963e-01
2.542857999999999841e+00
1.310457999999999901e+00
-1.018420000000000020e-01
3.358579999999999899e-01
-6.865419999999999856e-01
-7.904419999999999780e-01
-9.626419999999999977e-01
-1.010842000000000018e+00
-1.090641999999999889e+00
-1.967541999999999902e+00
-1.865342000000000056e+00
-2.984741999999999784e+00
-4.112441999999999709e+00
-2.630841999999999903e+00
-5.224419999999999620e-01
2.871580000000000243e-01
2.463579999999999937e-01
6.501580000000000137e-01
2.069258000000000042e+00
2.175758000000000081e+00
-3.774199999999999777e-02
-1.820420000000000094e-01
1.847580000000000056e-01
2.273757999999999946e+00
2.723857999999999890e+00
9.603580000000000449e-01
1.574958000000000080e+00
-1.069342000000000015e+00
1.614579999999999904e-01
-1.198841999999999963e+00
-2.015842000000000134e+00
-2.916841999999999935e+00
-1.925742000000000065e+00
-9.078420000000000378e-01
-3.430342000000000002e+00
-1.528542000000000067e+00
4.858000000000000339e-03
-6.534419999999999673e-01
2.947580000000000200e-01
1.113258000000000081e+00
-6.932420000000000249e-01
