1.028137999999999996e+00
7.648380000000000178e-01
1.713379999999999903e-01
-1.836619999999999919e-01
3.543799999999999728e-02
6.747379999999999489e-01
-8.099619999999999598e-01
-1.197162000000000059e+00
-9.414620000000000211e-01
-3.322620000000000018e-01
-1.351962000000000108e+00
-2.039620000000000044e-01
-2.274619999999999975e-01
-1.429961999999999955e+00
-1.450361999999999929e+00
-2.569620000000000237e-01
9.515379999999999949e-01
9.597379999999999800e-01
9.244379999999999820e-01
1.121537999999999924e+00
-2.759619999999999851e-01
9.355379999999999807e-01
-1.005962000000000023e+00
-1.686161999999999939e+00
-1.989262000000000086e+00
-1.970461999999999936e+00
-2.392662000000000067e+00
-2.405262000000000011e+00
1.895237999999999978e+00
1.930938000000000043e+00
1.071638000000000090e+00
1.428738000000000063e+00
9.320380000000000331e-01
1.569037999999999933e+00
1.756037999999999988e+00
1.295538000000000078e+00
6.644379999999999731e-01
