3.718279999999999919e-01
3.282800000000000301e-02
-3.346720000000000250e-01
-3.658719999999999750e-01
-3.197200000000000042e-02
3.394280000000000075e-01
-7.476720000000000033e-01
-8.225719999999999699e-01
-5.286720000000000308e-01
-1.103719999999999979e-01
-6.571719999999999784e-01
9.611279999999999824e-01
5.090280000000000360e-01
-4.680719999999999881e-01
-7.977720000000000367e-01
-1.466719999999999968e-01
8.359280000000000044e-01
1.169728000000000101e+00
7.067280000000000229e-01
6.302800000000000069e-02
1.645928000000000058e+00
2.488279999999999936e-01
-1.140571999999999919e+00
-1.096872000000000069e+00
-1.353871999999999964e+00
-9.782720000000000304e-01
-1.560071999999999903e+00
-4.074720000000000009e-01
1.940728000000000009e+00
1.569828000000000001e+00
-2.737200000000000050e-02
-1.923719999999999875e-01
3.386279999999999846e-01
1.283028000000000057e+00
-4.376720000000000055e-01
1.894280000000000130e-01
