-2.074181999999999970e+00
-1.572581999999999924e+00
-5.789819999999999967e-01
-8.338199999999999779e-02
-4.987820000000000031e-01
-1.598381999999999969e+00
9.582180000000000142e-01
1.230817999999999968e+00
3.182180000000000009e-01
2.022180000000000089e-01
-2.074181999999999970e+00
-2.169481999999999911e+00
2.011800000000000047e-02
2.339418000000000220e+00
-9.819820000000000215e-01
-1.109582000000000068e+00
-2.404820000000000013e-01
7.587180000000000035e-01
8.812179999999999458e-01
-2.874820000000000153e-01
-1.240582000000000074e+00
1.562418000000000085e+00
2.529418000000000166e+00
-2.843881999999999799e+00
1.456318000000000001e+00
-1.852082000000000006e+00
-2.941981999999999875e+00
2.867318000000000033e+00
1.948917999999999928e+00
3.073418000000000205e+00
-1.676482000000000028e+00
-1.903481999999999896e+00
1.647518000000000038e+00
-1.116581999999999963e+00
-2.262782000000000071e+00
-1.061082000000000081e+00
3.047118000000000215e+00
3.277417999999999942e+00
2.049618000000000162e+00
