8.142909999999999870e-01
6.069909999999999473e-01
4.627910000000000079e-01
5.255910000000000304e-01
7.340910000000000490e-01
8.799909999999999677e-01
3.712909999999999822e-01
4.236909999999999843e-01
6.349909999999999721e-01
7.746910000000000185e-01
6.691909999999999803e-01
-6.378089999999999593e-01
-7.930089999999999639e-01
-1.000208999999999904e+00
-1.087409000000000070e+00
-9.565090000000000536e-01
-7.522090000000000165e-01
-6.820089999999999764e-01
1.104691000000000090e+00
5.392909999999999648e-01
-4.976090000000000235e-01
-1.289908999999999972e+00
-1.391308999999999907e+00
9.685909999999999798e-01
2.831910000000000260e-01
9.547909999999999453e-01
1.456291000000000002e+00
-1.121609000000000078e+00
-1.081009000000000109e+00
-1.008809000000000067e+00
-6.574090000000000211e-01
1.980590999999999990e+00
3.336910000000000154e-01
3.829910000000000259e-01
6.467910000000000048e-01
-9.732089999999999907e-01
-9.649090000000000167e-01
5.676909999999999457e-01
-1.558308999999999944e+00
-2.246808999999999834e+00
-4.603090000000000237e-01
1.957190999999999903e+00
1.835910000000000042e-01
9.033910000000000551e-01
