-9.687080000000000135e-01
-5.182080000000000020e-01
1.877919999999999867e-01
4.721920000000000006e-01
4.239199999999999913e-02
-7.029079999999999773e-01
3.483919999999999795e-01
-4.669079999999999897e-01
-1.853080000000000005e-01
9.243919999999999915e-01
1.739792000000000005e+00
1.460491999999999901e+00
-7.940080000000000471e-01
-1.162408000000000108e+00
1.353792000000000106e+00
1.731392000000000042e+00
1.286691999999999947e+00
-1.058907999999999960e+00
-9.151080000000000325e-01
-2.083708000000000116e+00
-2.901708000000000176e+00
-2.270608000000000182e+00
-1.325407999999999920e+00
2.600692000000000004e+00
2.113992000000000093e+00
-4.638079999999999981e-01
-1.326008000000000076e+00
-1.451608000000000009e+00
-1.702708000000000110e+00
2.314592000000000205e+00
8.716920000000000224e-01
2.358792000000000222e+00
2.183892000000000166e+00
6.914919999999999956e-01
-2.420800000000000035e-02
-2.360208000000000084e+00
