-3.928417000000000048e+00
-3.919617000000000129e+00
-2.852017000000000024e+00
-1.722817000000000043e+00
-1.586516999999999955e+00
-2.783917000000000197e+00
-2.629170000000000118e-01
6.104829999999999979e-01
-2.007170000000000065e-01
2.882830000000000115e-01
-2.891817000000000082e+00
-5.109316999999999886e+00
2.045583000000000151e+00
2.949983000000000022e+00
4.317982999999999905e+00
4.791983000000000104e+00
3.900383000000000155e+00
2.532083000000000084e+00
-1.657170000000000032e-01
3.308300000000000129e-02
1.374282999999999921e+00
-2.111917000000000044e+00
-3.803617000000000026e+00
-5.150017000000000067e+00
-5.942717000000000027e+00
2.596883000000000052e+00
5.014382999999999591e+00
5.858482999999999663e+00
4.270183000000000284e+00
1.847982999999999931e+00
