-5.423053999999999597e+00
-5.351653999999999911e+00
-4.234454000000000384e+00
-3.115254000000000190e+00
-3.035454000000000097e+00
-4.287753999999999621e+00
-2.053053999999999935e+00
-8.484540000000000415e-01
-6.202539999999999720e-01
-1.734053999999999984e+00
7.923459999999999948e-01
1.639145999999999992e+00
3.143146000000000218e+00
3.998746000000000134e+00
5.180145999999999695e+00
5.515545999999999616e+00
4.669345999999999997e+00
3.491546000000000038e+00
-4.468954000000000093e+00
-6.498453999999999731e+00
5.048645999999999745e+00
-1.569553999999999894e+00
-3.365400000000000336e-02
7.974459999999999882e-01
1.358945999999999987e+00
3.767745999999999817e+00
5.844846000000000430e+00
6.445445999999999565e+00
2.841245999999999938e+00
-4.005753999999999593e+00
-4.279054000000000357e+00
-6.477754000000000012e+00
-7.364653999999999812e+00
5.641746000000000372e+00
4.157645999999999731e+00
5.634146000000000321e+00
-1.880254000000000092e+00
-2.147454000000000196e+00
-5.388540000000000552e-01
