-4.901962000000000153e+00
-4.929261999999999588e+00
-3.899961999999999929e+00
-2.759961999999999804e+00
-2.615661999999999932e+00
-3.757762000000000047e+00
-1.741662000000000043e+00
-5.440620000000000456e-01
-2.966619999999999813e-01
-1.359061999999999992e+00
1.058637999999999968e+00
1.819438000000000111e+00
3.110538000000000025e+00
3.741537999999999808e+00
5.053937999999999597e+00
5.756838000000000122e+00
5.156138000000000332e+00
3.842337999999999809e+00
-3.766162000000000010e+00
-6.094862000000000002e+00
7.370537999999999812e+00
2.389380000000000115e-01
-1.213562000000000030e+00
1.587237999999999927e+00
9.323380000000000001e-01
1.343337999999999921e+00
3.210338000000000136e+00
5.511838000000000015e+00
5.696638000000000090e+00
3.408138000000000112e+00
-3.253362000000000087e+00
-4.654562000000000310e+00
-6.155161999999999800e+00
-6.895062000000000246e+00
