-5.793055999999999983e+00
-6.091155999999999793e+00
-5.209456000000000309e+00
-3.951356000000000090e+00
-3.490655999999999981e+00
-4.515755999999999659e+00
-3.146256000000000164e+00
-1.831355999999999984e+00
-1.235656000000000088e+00
-2.081955999999999918e+00
2.587439999999999740e-01
9.769440000000000346e-01
2.173843999999999888e+00
3.100044000000000022e+00
4.305644000000000027e+00
4.600244000000000000e+00
3.697843999999999909e+00
2.490044000000000146e+00
-4.306155999999999651e+00
-7.384356000000000364e+00
5.099844000000000044e+00
6.346443999999999974e+00
1.542844000000000104e+00
1.810743999999999909e+00
9.724439999999999751e-01
-1.515055999999999958e+00
-1.244755999999999974e+00
4.203439999999999954e-01
6.543440000000000367e-01
2.898343999999999809e+00
5.522844000000000086e+00
3.972944000000000031e+00
-3.665756000000000014e+00
-4.066355999999999860e+00
-7.645056000000000296e+00
-8.077655999999999281e+00
6.857543999999999862e+00
6.985344000000000442e+00
6.192643999999999593e+00
9.563439999999999719e-01
1.905844000000000094e+00
2.697944000000000120e+00
1.356044000000000027e+00
1.586443999999999965e+00
-4.265599999999999947e-02
-1.545355999999999952e+00
-2.065755999999999926e+00
-4.770559999999999801e-01
