-4.694884000000000057e+00
-4.485984000000000194e+00
-3.284784000000000148e+00
-2.222383999999999915e+00
-2.299383999999999872e+00
-3.607483999999999913e+00
-1.025384000000000073e+00
1.063159999999999938e-01
2.531600000000000170e-02
-1.186384000000000105e+00
1.794915999999999956e+00
-3.858384000000000036e+00
-5.573684000000000083e+00
1.403016000000000041e+00
3.064216000000000051e+00
3.570615999999999790e+00
2.819116000000000177e+00
1.563716000000000106e+00
1.052216000000000040e+00
1.412716000000000083e+00
1.366416000000000075e+00
1.308216000000000045e+00
1.291415999999999897e+00
1.337515999999999927e+00
1.258116000000000012e+00
3.444116000000000177e+00
1.235015999999999892e+00
1.440916000000000086e+00
-3.485183999999999838e+00
-3.443283999999999789e+00
-5.452084000000000152e+00
-6.497784000000000226e+00
3.670916000000000068e+00
4.550615999999999772e+00
9.745160000000000489e-01
6.591600000000000237e-02
1.454115999999999964e+00
1.373215999999999992e+00
1.239116000000000106e+00
1.318516000000000021e+00
2.012115999999999794e+00
9.581159999999999677e-01
2.142415999999999876e+00
1.863615999999999939e+00
