-4.293842999999999854e+00
-4.096743000000000023e+00
-2.930943000000000076e+00
-1.920943000000000067e+00
-1.978742999999999919e+00
-3.255643000000000065e+00
-6.422430000000000083e-01
1.243569999999999953e-01
-6.320430000000000215e-01
-1.222430000000000044e-01
-3.548643000000000214e+00
-5.192042999999999964e+00
1.232256999999999936e+00
2.269657000000000036e+00
2.049757000000000051e+00
3.107057000000000180e+00
4.434556999999999860e+00
4.679457000000000200e+00
3.613157000000000174e+00
1.436256999999999895e+00
2.684457000000000093e+00
5.745256999999999614e+00
6.283756999999999593e+00
1.178957000000000033e+00
-7.994430000000000147e-01
-1.965429999999999955e-01
-2.871942999999999913e+00
-4.514542999999999751e+00
-5.096743000000000023e+00
-6.092443000000000275e+00
1.037957000000000019e+00
3.858856999999999982e+00
1.950757000000000074e+00
2.018556999999999935e+00
4.806570000000000009e-01
