-5.996739999999999959e+00
-5.922839999999999883e+00
-4.840639999999999610e+00
-3.759139999999999926e+00
-3.683739999999999792e+00
-4.900140000000000384e+00
-2.730640000000000178e+00
-1.566440000000000055e+00
-1.349040000000000017e+00
-2.422140000000000182e+00
1.805999999999999966e-02
8.066600000000000437e-01
2.128159999999999830e+00
2.721260000000000012e+00
4.052559999999999718e+00
4.833560000000000301e+00
4.269560000000000244e+00
2.932360000000000078e+00
-5.081940000000000346e+00
-7.028240000000000265e+00
-2.249839999999999840e+00
2.347259999999999902e+00
3.151959999999999873e+00
6.143559999999999910e+00
6.770459999999999923e+00
-7.762400000000000411e-01
5.155600000000000183e-01
-9.723999999999999311e-02
3.345600000000000240e-01
2.138560000000000016e+00
4.436960000000000015e+00
4.907960000000000100e+00
-4.982840000000000380e+00
-4.546840000000000437e+00
-7.002839999999999954e+00
-7.868839999999999613e+00
-2.887340000000000018e+00
-2.480339999999999989e+00
-1.228040000000000020e+00
2.525560000000000027e+00
3.501560000000000006e+00
3.986660000000000093e+00
7.808559999999999945e+00
6.288560000000000372e+00
6.782160000000000188e+00
