-1.583142000000000049e+00
-2.299342000000000219e+00
-1.892141999999999991e+00
-6.760420000000000318e-01
1.450579999999999925e-01
-3.722420000000000173e-01
1.486258000000000079e+00
1.547557999999999989e+00
6.972580000000000444e-01
7.487580000000000346e-01
1.705057999999999963e+00
2.582257999999999942e+00
2.484957999999999778e+00
3.370580000000000243e-01
-3.523842000000000141e+00
3.578358000000000150e+00
4.809458000000000233e+00
1.784257999999999900e+00
-1.943419999999999870e-01
-1.397742000000000040e+00
1.472358000000000056e+00
1.671458000000000110e+00
2.125357999999999858e+00
2.187958000000000069e+00
-2.388241999999999976e+00
-3.195542000000000105e+00
-4.104542000000000357e+00
-4.210341999999999807e+00
-3.404742000000000157e+00
-2.494542000000000037e+00
-3.708420000000000050e-01
1.786958000000000046e+00
2.241157999999999983e+00
-3.544200000000000128e-02
3.167358000000000118e+00
1.207657999999999898e+00
5.286579999999999613e-01
-4.084541999999999895e+00
-3.859642000000000017e+00
5.545457999999999998e+00
4.698357999999999812e+00
5.184257999999999811e+00
-1.195642000000000094e+00
-1.826241999999999921e+00
1.164258000000000015e+00
1.512057999999999902e+00
2.374957999999999902e+00
2.454457999999999807e+00
-3.119441999999999826e+00
-4.729642000000000124e+00
-4.919241999999999670e+00
-3.484141999999999850e+00
-1.867442000000000046e+00
