-3.267527999999999988e+00
-3.255828000000000166e+00
-2.154128000000000043e+00
-9.755279999999999507e-01
-8.868279999999999497e-01
-2.088427999999999951e+00
2.392720000000000125e-01
1.550872000000000028e+00
1.634471999999999925e+00
4.295720000000000094e-01
1.903672000000000031e+00
7.781719999999999748e-01
1.006871999999999989e+00
4.570719999999999783e-01
6.956719999999999571e-01
1.490572000000000008e+00
2.047271999999999981e+00
1.811271999999999993e+00
-2.155327999999999911e+00
-4.446227999999999625e+00
7.072000000000000161e-03
2.478572000000000219e+00
2.371719999999999939e-01
1.588720000000000132e-01
2.396072000000000202e+00
1.646871999999999892e+00
2.523772000000000126e+00
6.400719999999999743e-01
3.404719999999999969e-01
2.816171999999999898e+00
2.119571999999999790e+00
-9.652800000000000269e-02
-1.550279999999999991e-01
1.678971999999999909e+00
2.658771999999999913e+00
-1.413728000000000096e+00
-3.085627999999999815e+00
-4.466827999999999577e+00
-5.299628000000000227e+00
