-4.545385999999999704e+00
-4.317785999999999902e+00
-3.169686000000000003e+00
-2.217785999999999813e+00
-2.316386000000000056e+00
-3.563086000000000197e+00
-9.655860000000000554e-01
-2.579859999999999931e-01
-1.032985999999999960e+00
-5.733859999999999513e-01
-3.874886000000000053e+00
-5.358685999999999616e+00
2.702140000000000097e-01
1.434514000000000067e+00
1.516013999999999973e+00
2.722713999999999857e+00
3.851113999999999926e+00
3.795113999999999876e+00
2.595013999999999932e+00
-1.066860000000000031e-01
3.556139999999999857e-01
4.065139999999999865e-01
4.966613999999999862e+00
4.957813999999999943e+00
7.701139999999999652e-01
-1.433486000000000038e+00
-2.608600000000000155e-02
-3.211586000000000052e+00
-4.809485999999999706e+00
-5.237986000000000253e+00
-6.245385999999999882e+00
2.821613999999999844e+00
4.777913999999999994e+00
2.547013999999999889e+00
1.803140000000000021e-01
3.665140000000000065e-01
-1.191086000000000089e+00
-5.926860000000000461e-01
1.099614000000000091e+00
6.604139999999999455e-01
5.956514000000000308e+00
4.751514000000000237e+00
4.245313999999999588e+00
