-5.580639999999999823e+00
-5.484340000000000437e+00
-4.338940000000000019e+00
-3.214539999999999953e+00
-3.173340000000000050e+00
-4.433840000000000003e+00
-2.074739999999999807e+00
-9.067399999999999904e-01
-8.516399999999999526e-01
-1.996240000000000014e+00
4.709599999999999898e-01
1.105460000000000109e+00
2.809060000000000112e+00
3.784759999999999902e+00
5.132360000000000255e+00
5.516659999999999897e+00
4.553860000000000241e+00
3.201960000000000139e+00
-4.570240000000000080e+00
-6.636540000000000106e+00
4.974160000000000359e+00
-2.739999999999999814e-03
1.194560000000000066e+00
3.358599999999999919e-01
3.509560000000000013e+00
5.884260000000000268e+00
6.573059999999999903e+00
2.459760000000000169e+00
-3.850839999999999819e+00
-5.514639999999999986e+00
-6.601340000000000430e+00
-7.521740000000000315e+00
4.156559999999999810e+00
5.810159999999999769e+00
5.280059999999999754e+00
