-5.593020000000000103e+00
-5.318620000000000125e+00
-4.096119999999999983e+00
-3.072420000000000151e+00
-3.239819999999999922e+00
-4.560520000000000351e+00
-1.857520000000000060e+00
-7.560200000000000253e-01
-8.243200000000000527e-01
-2.092420000000000169e+00
-4.887620000000000076e+00
-6.364819999999999922e+00
5.758799999999999475e-01
1.741479999999999917e+00
1.621580000000000021e+00
4.128800000000000248e-01
2.849580000000000002e+00
3.553980000000000139e+00
3.040080000000000116e+00
3.731780000000000097e+00
4.952980000000000160e+00
5.489580000000000126e+00
4.796179999999999666e+00
5.798680000000000057e+00
5.535280000000000200e+00
-2.193919999999999870e+00
-4.365619999999999834e+00
-5.881820000000000270e+00
-6.195920000000000094e+00
-7.305419999999999803e+00
5.822800000000000198e-01
6.967799999999999550e-01
1.750380000000000047e+00
2.675479999999999858e+00
2.561800000000000188e-01
4.992800000000000016e-01
3.572880000000000056e+00
2.637980000000000214e+00
2.089280000000000026e+00
3.302379999999999871e+00
6.443080000000000140e+00
