-2.720793000000000017e+00
-2.462593000000000032e+00
-1.317892999999999981e+00
-3.418930000000000025e-01
-5.482930000000000303e-01
-1.774993000000000043e+00
1.189507000000000092e+00
7.870070000000000121e-01
1.244007000000000085e+00
7.664069999999999494e-01
-2.054393000000000136e+00
-3.501492999999999967e+00
2.208906999999999954e+00
2.680706999999999951e+00
1.105307000000000039e+00
1.307506999999999975e+00
-2.313929999999999876e-01
8.932069999999999732e-01
2.285106999999999999e+00
-1.447492999999999919e+00
-1.913893000000000066e+00
-3.379392999999999869e+00
-4.382992999999999917e+00
2.012607000000000035e+00
3.023407000000000178e+00
3.409507000000000065e+00
3.164306999999999981e+00
