-5.448413000000000395e+00
-5.149512999999999785e+00
-3.914413000000000142e+00
-2.910712999999999884e+00
-3.072112999999999872e+00
-4.430613000000000135e+00
-1.714412999999999965e+00
-6.076129999999999587e-01
-6.150130000000000319e-01
-1.874312999999999896e+00
7.137869999999999493e-01
-4.847813000000000372e+00
-6.176512999999999920e+00
-1.971913000000000027e+00
1.118886999999999965e+00
1.440287000000000095e+00
2.411386999999999947e+00
3.141186999999999951e+00
2.417187000000000197e+00
4.346086999999999811e+00
4.831686999999999621e+00
4.112186999999999593e+00
2.888386999999999816e+00
4.710886999999999603e+00
4.030586999999999698e+00
3.292869999999999964e-01
1.497986999999999957e+00
6.725870000000000459e-01
-4.627112999999999587e+00
-4.580013000000000112e+00
-5.982813000000000159e+00
-7.128713000000000299e+00
-1.003112999999999921e+00
-2.520013000000000059e+00
-2.456812999999999914e+00
3.365870000000000251e-01
5.399869999999999948e-01
1.936987000000000014e+00
1.874487000000000014e+00
3.074587000000000181e+00
4.904287000000000063e+00
5.781286999999999843e+00
2.296886999999999901e+00
4.639387000000000150e+00
3.926587000000000049e+00
3.058486999999999956e+00
