-3.211291999999999813e+00
-3.359291999999999945e+00
-2.349591999999999903e+00
-1.096492000000000022e+00
-8.414920000000000178e-01
-1.961092000000000057e+00
1.360800000000000030e-02
1.373707999999999929e+00
1.675607999999999986e+00
5.561080000000000467e-01
2.080108000000000068e+00
9.835080000000000489e-01
1.140908000000000033e+00
3.080000000000000055e-04
9.310799999999999632e-02
1.340208000000000066e+00
2.488208000000000197e+00
2.385308000000000206e+00
-1.861992000000000091e+00
-4.623592000000000368e+00
1.464307999999999943e+00
4.370799999999999685e-02
-2.178920000000000023e-01
2.159407999999999994e+00
1.395907999999999927e+00
2.577707999999999888e+00
7.503079999999999750e-01
6.113079999999999625e-01
2.874207999999999874e+00
2.507407999999999859e+00
3.990799999999999903e-02
-9.863920000000000465e-01
-8.121920000000000250e-01
3.469808000000000003e+00
3.306108000000000047e+00
-1.090092000000000061e+00
-2.744092000000000198e+00
-4.764592000000000382e+00
-5.410692000000000057e+00
