-5.071533999999999764e+00
-4.955034000000000383e+00
-3.857533999999999796e+00
-2.838334000000000135e+00
-2.836434000000000122e+00
-4.057234000000000229e+00
-1.601134000000000057e+00
-7.986339999999999550e-01
-1.544534000000000074e+00
-4.186933999999999934e+00
-6.056333999999999662e+00
9.124659999999999993e-01
6.153659999999999686e-01
6.718659999999999632e-01
1.599566000000000043e+00
2.800365999999999911e+00
3.083466000000000040e+00
2.142565999999999971e+00
-1.079334000000000016e+00
-1.903399999999999884e-02
3.737766000000000144e+00
3.510466000000000086e+00
1.423065999999999942e+00
2.431659999999999933e-01
4.259765999999999941e+00
5.209165999999999741e+00
-2.743400000000000005e-02
-5.951133999999999702e+00
-1.324834000000000067e+00
-6.043934000000000140e+00
-6.927933999999999592e+00
9.072660000000000169e-01
7.659660000000000357e-01
1.280666000000000082e+00
-2.795340000000000047e-01
2.398266000000000009e+00
-1.930733999999999950e+00
-7.323340000000000405e-01
4.282566000000000095e+00
3.595165999999999862e+00
2.534266000000000130e+00
2.889660000000000006e-01
-6.523339999999999694e-01
1.940659999999999885e-01
6.158165999999999585e+00
5.375265999999999877e+00
4.889465999999999646e+00
-1.003033999999999981e+00
1.729660000000000086e-01
7.231659999999999755e-01
