-4.301849999999999952e+00
-4.428950000000000387e+00
-3.534450000000000092e+00
-2.442750000000000199e+00
-2.180449999999999999e+00
-3.179650000000000087e+00
-1.397850000000000037e+00
-4.664499999999999758e-01
-8.887500000000000400e-01
-1.321499999999999897e-01
1.359050000000000091e+00
-3.094850000000000101e+00
-5.573550000000000004e+00
2.030450000000000088e+00
2.912749999999999950e+00
3.130549999999999944e+00
2.475849999999999884e+00
1.588750000000000107e+00
5.281500000000000083e-01
3.486450000000000049e+00
4.498549999999999827e+00
9.364500000000000046e-01
8.832499999999999796e-01
4.332500000000000240e-01
6.189500000000000002e-01
-8.346500000000000030e-01
-2.246449999999999836e+00
-3.860749999999999904e+00
-5.703649999999999665e+00
-6.274049999999999905e+00
1.871950000000000003e+00
3.800050000000000150e+00
2.691549999999999887e+00
4.426499999999999879e-01
4.889549999999999841e+00
5.328750000000000320e+00
4.083949999999999747e+00
1.842499999999999971e-01
5.039500000000000091e-01
1.862149999999999972e+00
