-4.966745000000000410e+00
-4.765545000000000364e+00
-3.585245000000000015e+00
-2.554444999999999855e+00
-2.617445000000000022e+00
-3.918845000000000134e+00
-9.712450000000000250e-01
-3.096450000000000036e-01
-1.286045000000000105e+00
-1.002545000000000019e+00
-4.221845000000000070e+00
-5.867445000000000022e+00
1.149054999999999938e+00
1.757454999999999989e+00
3.138854999999999951e+00
3.918855000000000199e+00
3.324755000000000127e+00
1.942055000000000087e+00
1.281854999999999967e+00
2.061854999999999993e+00
3.595755000000000035e+00
5.003555000000000419e+00
-1.319644999999999957e+00
6.145500000000000268e-02
-1.534945000000000004e+00
-3.524645000000000028e+00
-5.193044999999999689e+00
-5.763444999999999929e+00
-6.781945000000000334e+00
1.146055000000000046e+00
4.998054999999999914e+00
3.980954999999999799e+00
1.380854999999999944e+00
2.784454999999999902e+00
2.555754999999999999e+00
5.546954999999999636e+00
5.203255000000000408e+00
5.352854999999999919e+00
