-2.920942999999999845e+00
-2.807142999999999944e+00
-1.696642999999999901e+00
-6.225429999999999575e-01
-6.439430000000000431e-01
-1.840743000000000018e+00
5.946569999999999911e-01
1.863857000000000097e+00
1.484556999999999904e+00
5.902570000000000316e-01
-2.026642999999999972e+00
-3.895542999999999978e+00
1.385056999999999983e+00
1.986256999999999939e+00
2.037456999999999852e+00
2.649256999999999973e+00
7.945569999999999578e-01
3.290569999999999884e-01
2.521357000000000070e+00
2.385356999999999950e+00
9.585569999999999924e-01
2.896569999999999978e-01
-1.266542999999999974e+00
-2.947843000000000213e+00
-3.838143000000000082e+00
-4.753243000000000329e+00
2.210157000000000149e+00
7.492569999999999508e-01
2.786456999999999962e+00
3.644156999999999869e+00
