-3.481181999999999999e+00
-3.161182000000000158e+00
-1.919882000000000088e+00
-9.318819999999999881e-01
-1.115382000000000096e+00
-2.479481999999999964e+00
2.677180000000000115e-01
1.375917999999999974e+00
1.334518000000000093e+00
7.031800000000000550e-02
2.603117999999999821e+00
2.367217999999999822e+00
1.296818000000000026e+00
-2.598200000000000162e-02
-2.917981999999999854e+00
-4.170781999999999989e+00
2.927918000000000021e+00
2.338817999999999842e+00
3.137318000000000051e+00
3.254617999999999789e+00
3.300917999999999797e+00
2.057017999999999791e+00
1.604417999999999900e+00
1.166817999999999911e+00
-4.596819999999999795e-01
-6.805820000000000203e-01
-2.655282000000000142e+00
-2.712581999999999827e+00
-3.959681999999999924e+00
-5.127182000000000350e+00
3.203317999999999888e+00
1.763317999999999941e+00
1.728617999999999988e+00
