-5.221070000000000100e+00
-5.215970000000000439e+00
-4.124769999999999825e+00
-2.950470000000000148e+00
-2.833969999999999878e+00
-4.043969999999999843e+00
-1.793870000000000076e+00
-5.313700000000000090e-01
-3.850700000000000234e-01
-1.550869999999999971e+00
8.243300000000000072e-01
2.303729999999999833e+00
2.053129999999999900e+00
2.236730000000000107e+00
2.683629999999999960e+00
2.952529999999999877e+00
2.770830000000000126e+00
-4.103170000000000428e+00
-6.406769999999999854e+00
2.118129999999999846e+00
3.027429999999999843e+00
3.448830000000000062e+00
2.821530000000000094e+00
3.269330000000000069e+00
-1.861969999999999903e+00
3.281299999999999772e-01
-1.471170000000000089e+00
8.361300000000000399e-01
1.706930000000000058e+00
2.028830000000000133e+00
3.309629999999999850e+00
-3.497170000000000112e+00
-5.036369999999999791e+00
-6.436370000000000147e+00
-7.252970000000000361e+00
2.906330000000000080e+00
2.256629999999999914e+00
3.576830000000000176e+00
2.687930000000000152e+00
4.415429999999999744e+00
3.317629999999999857e+00
4.275529999999999831e+00
2.561230000000000118e+00
