-4.809984000000000037e+00
-4.589284000000000141e+00
-3.384984000000000215e+00
-2.331284000000000134e+00
-2.409283999999999981e+00
-3.741584000000000021e+00
-1.171483999999999970e+00
-1.958400000000000071e-02
5.571600000000000164e-02
-1.165183999999999997e+00
1.426616000000000106e+00
1.780915999999999944e+00
3.024115999999999804e+00
3.040716000000000196e+00
4.242015999999999565e+00
5.456015999999999977e+00
5.468215999999999966e+00
4.264916000000000373e+00
-4.077884000000000064e+00
-5.668184000000000111e+00
-1.168384000000000089e+00
4.378916000000000253e+00
8.837159999999999460e-01
2.147816000000000169e+00
1.446415999999999924e+00
1.009716000000000058e+00
2.104115999999999875e+00
4.225215999999999639e+00
6.392515999999999643e+00
6.422215999999999703e+00
-3.758583999999999925e+00
-3.846283999999999814e+00
-5.534983999999999682e+00
-6.598384000000000249e+00
-1.588284000000000029e+00
-1.733384000000000036e+00
-1.728840000000000099e-01
