-6.816467000000000276e+00
-6.752266999999999797e+00
-5.628766999999999854e+00
-4.488166999999999796e+00
-4.433266999999999847e+00
-5.665567000000000242e+00
-3.378366999999999898e+00
-2.175666999999999796e+00
-2.004466999999999999e+00
-3.169566999999999801e+00
-7.055670000000000552e-01
4.556330000000000102e-01
1.756432999999999911e+00
2.901032999999999973e+00
4.152932999999999986e+00
4.284333000000000169e+00
3.149633000000000127e+00
1.892533000000000021e+00
-5.776567000000000007e+00
-7.920067000000000412e+00
5.256332999999999700e+00
5.531132999999999633e+00
3.376632999999999996e+00
2.238132999999999928e+00
5.527732999999999564e+00
6.140333000000000041e+00
-1.326767000000000030e+00
-3.109466999999999981e+00
-7.351670000000000149e-01
4.912329999999999752e-01
2.822932999999999915e+00
1.000332999999999917e+00
-5.171367000000000047e+00
-6.725467000000000084e+00
-7.910866999999999649e+00
-8.790767000000000664e+00
6.416633000000000031e+00
5.751133000000000273e+00
4.699532999999999738e+00
2.593332999999999888e+00
1.725432999999999995e+00
1.557032999999999889e+00
7.121732999999999869e+00
6.290733000000000352e+00
5.551732999999999585e+00
