-2.748892999999999809e+00
-2.656592999999999982e+00
-1.544893000000000072e+00
-4.464929999999999732e-01
-4.481930000000000081e-01
-1.644692999999999961e+00
7.699070000000000080e-01
2.065106999999999804e+00
1.912806999999999924e+00
7.834069999999999645e-01
1.878606999999999916e+00
7.379069999999999796e-01
-4.797930000000000250e-01
-1.553093000000000057e+00
-1.419993000000000061e+00
-2.125930000000000042e-01
8.710069999999999757e-01
-1.794793000000000083e+00
-3.768092999999999915e+00
2.088407000000000124e+00
2.245807000000000109e+00
5.760070000000000467e-01
8.982069999999999776e-01
2.837206999999999812e+00
2.431807000000000052e+00
2.838506999999999891e+00
1.172706999999999944e+00
5.273069999999999702e-01
2.832206999999999919e+00
1.895207000000000086e+00
-6.011929999999999774e-01
-2.491493000000000180e+00
-2.256292999999999882e+00
-1.545930000000000082e-01
-1.022092999999999918e+00
-2.713592999999999922e+00
-3.726592999999999822e+00
-4.626793000000000156e+00
3.263006999999999991e+00
2.133907000000000220e+00
1.551706999999999947e+00
