-3.510133000000000170e+00
-3.841733000000000064e+00
-2.962632999999999850e+00
-1.650433000000000039e+00
-1.206733000000000056e+00
-2.203832999999999931e+00
-6.893329999999999735e-01
7.147670000000000412e-01
1.235467000000000093e+00
2.560669999999999891e-01
1.696266999999999969e+00
6.092670000000000030e-01
7.831669999999999465e-01
-3.552330000000000210e-01
-2.430329999999999990e-01
1.007767000000000079e+00
2.164667000000000119e+00
2.037266999999999939e+00
-1.912333000000000061e+00
-5.164233000000000295e+00
-1.384233000000000047e+00
-1.727832999999999952e+00
3.351567000000000185e+00
4.546866999999999770e+00
1.104767000000000055e+00
1.012267000000000028e+00
-6.633329999999999504e-01
-1.069633000000000056e+00
1.401966999999999963e+00
7.002669999999999728e-01
2.156467000000000134e+00
4.609670000000000156e-01
4.606669999999999932e-01
2.378366999999999898e+00
2.270566999999999780e+00
-3.055329999999999990e-01
-1.344233000000000011e+00
2.924266999999999950e+00
-1.110033000000000047e+00
-2.717833000000000165e+00
-5.443133000000000443e+00
-5.856033000000000044e+00
-2.622832999999999970e+00
-9.275330000000000519e-01
-1.962433000000000094e+00
5.389466999999999786e+00
4.558766999999999570e+00
4.680467000000000155e+00
1.106967000000000034e+00
4.076699999999999768e-02
1.824167000000000094e+00
