-2.086759999999999948e+00
-2.048859999999999904e+00
-9.303599999999999648e-01
2.369400000000000117e-01
3.187400000000000233e-01
-9.147600000000000176e-01
1.419040000000000079e+00
2.673740000000000006e+00
2.752839999999999954e+00
1.587739999999999929e+00
-1.010659999999999892e+00
-3.233560000000000212e+00
4.287939999999999863e+00
1.370940000000000047e+00
3.573739999999999917e+00
1.656940000000000079e+00
-3.558600000000000096e-01
-1.959359999999999991e+00
-3.238760000000000083e+00
-4.099660000000000082e+00
