-4.850927999999999685e+00
-4.775027999999999828e+00
-3.695228000000000179e+00
-2.640627999999999975e+00
-2.581928000000000001e+00
-3.762627999999999862e+00
-1.393928000000000056e+00
-6.150280000000000191e-01
-1.324227999999999961e+00
-3.873327999999999882e+00
-5.904728000000000421e+00
7.998720000000000274e-01
1.248672000000000004e+00
2.605672000000000210e+00
3.527671999999999919e+00
3.092172000000000143e+00
1.742572000000000010e+00
4.869372000000000256e+00
5.375172000000000061e+00
1.368071999999999955e+00
1.420271999999999979e+00
2.923720000000000208e-01
6.943719999999999892e-01
-1.091428000000000065e+00
-3.079428000000000054e+00
-4.750028000000000361e+00
-5.897528000000000326e+00
-6.740928000000000253e+00
2.945171999999999901e+00
3.813171999999999784e+00
6.451971999999999596e+00
5.228372000000000241e+00
4.924272000000000205e+00
8.873720000000000496e-01
2.455172000000000132e+00
9.259720000000000173e-01
-1.956279999999999963e-01
1.092572000000000099e+00
1.412271999999999972e+00
