-4.317770000000000330e+00
-4.242270000000000429e+00
-3.241369999999999862e+00
-2.279469999999999885e+00
-2.245070000000000121e+00
-3.359970000000000123e+00
-1.147469999999999990e+00
-3.855700000000000238e-01
-1.041570000000000107e+00
-3.458569999999999922e+00
-5.277269999999999683e+00
1.405629999999999935e+00
9.098300000000000276e-01
9.968299999999999939e-01
1.854530000000000012e+00
3.113129999999999953e+00
3.519829999999999792e+00
2.673830000000000151e+00
-5.710699999999999665e-01
6.763299999999999867e-01
-2.458700000000000052e-01
-7.488700000000000356e-01
3.837029999999999941e+00
5.144730000000000025e+00
-5.123669999999999725e+00
-9.152700000000000280e-01
-5.291570000000000107e+00
-6.075269999999999726e+00
1.062130000000000019e+00
1.738429999999999920e+00
9.454299999999999926e-01
1.566729999999999956e+00
4.485330000000000261e+00
3.027629999999999821e+00
-4.470700000000000229e-01
-1.351869999999999905e+00
1.061129999999999907e+00
-1.772769999999999957e+00
-7.879699999999999482e-01
-1.627699999999999980e-01
5.595729999999999649e+00
5.097629999999999661e+00
5.778529999999999944e+00
