-5.830327999999999733e+00
-5.594027999999999778e+00
-4.392727999999999966e+00
-3.358328000000000202e+00
-3.467227999999999977e+00
-4.769828000000000401e+00
-2.158227999999999813e+00
-1.059827999999999992e+00
-1.174927999999999972e+00
-2.382127999999999801e+00
-5.057728000000000002e+00
-6.654828000000000188e+00
1.801571999999999951e+00
1.580472000000000099e+00
1.661372000000000071e+00
2.784771999999999803e+00
4.055772000000000155e+00
4.204871999999999943e+00
3.083171999999999802e+00
2.735371999999999915e+00
3.927372000000000085e+00
3.979772000000000087e+00
2.838871999999999840e+00
1.648471999999999937e+00
5.720000000000000258e-04
5.866719999999999713e-01
2.769719999999999960e-01
2.482719999999999927e-01
-4.327227999999999852e+00
-6.017127999999999588e+00
-6.513728000000000407e+00
-7.579927999999999777e+00
6.741719999999999935e-01
2.667472000000000065e+00
4.931172000000000111e+00
5.197271999999999892e+00
3.216772000000000187e+00
2.736272000000000038e+00
4.817472000000000421e+00
4.909072000000000102e+00
2.872872000000000092e+00
7.640719999999999734e-01
7.643720000000000514e-01
-3.369280000000000053e-01
8.594720000000000137e-01
-1.674279999999999935e-01
6.195720000000000116e-01
9.971719999999999473e-01
-4.207279999999999909e-01
-1.783279999999999865e-01
