-5.080087999999999937e+00
-5.133388000000000062e+00
-4.071588000000000207e+00
-2.872688000000000130e+00
-2.694888000000000172e+00
-3.868488000000000149e+00
-1.827787999999999968e+00
-5.717879999999999630e-01
-2.696879999999999833e-01
-1.374888000000000110e+00
9.981119999999999992e-01
2.217011999999999983e+00
3.419512000000000107e+00
4.005011999999999794e+00
5.105512000000000050e+00
5.626812000000000147e+00
5.046412000000000120e+00
3.945911999999999864e+00
-3.859787999999999997e+00
-6.362487999999999921e+00
2.155120000000000091e-01
-1.222588000000000008e+00
1.111112000000000100e+00
2.275412000000000212e+00
2.234912000000000010e+00
3.603012000000000103e+00
5.555011999999999617e+00
6.484212000000000309e+00
5.449612000000000123e+00
3.497111999999999998e+00
-3.171987999999999808e+00
-4.776688000000000045e+00
-6.442688000000000415e+00
-7.188687999999999967e+00
