-5.128007000000000204e+00
-5.405306999999999640e+00
-4.545307000000000208e+00
-3.326807000000000070e+00
-2.904206999999999983e+00
-3.886007000000000211e+00
-2.481406999999999918e+00
-1.227106999999999948e+00
-7.928070000000000395e-01
-1.639507000000000048e+00
5.987930000000000197e-01
-3.646907000000000121e+00
-6.654707000000000150e+00
1.619793000000000038e+00
1.941292999999999935e+00
2.971093000000000206e+00
3.275293000000000010e+00
2.426893000000000189e+00
4.208892999999999773e+00
4.269693000000000183e+00
3.417793000000000081e+00
2.484493000000000062e+00
1.411092999999999931e+00
1.942493000000000025e+00
2.968093000000000092e+00
3.489892999999999912e+00
-5.788069999999999604e-01
7.243929999999999536e-01
7.856929999999999747e-01
-2.690507000000000204e+00
-4.387006999999999657e+00
-6.901607000000000269e+00
-7.332207000000000363e+00
4.881592999999999627e+00
4.990192999999999657e+00
3.476992999999999778e+00
1.827892999999999990e+00
6.074929999999999497e-01
1.545692999999999984e+00
3.369492999999999849e+00
4.293192999999999593e+00
