-5.043166000000000260e+00
-5.613465999999999845e+00
-5.010665999999999620e+00
-3.743565999999999949e+00
-3.028665999999999858e+00
-3.767166000000000015e+00
-3.078965999999999870e+00
-1.763266000000000000e+00
-1.114265999999999979e+00
-1.737165999999999988e+00
3.268340000000000134e-01
1.284534000000000065e+00
2.326934000000000058e+00
2.835634000000000210e+00
3.888234000000000190e+00
4.466333999999999804e+00
3.991934000000000093e+00
2.936834000000000167e+00
-3.225566000000000155e+00
-6.894765999999999728e+00
4.459433999999999898e+00
5.534334000000000309e+00
1.172433999999999976e+00
-3.590965999999999880e+00
-1.264366000000000101e+00
3.019339999999999802e-01
6.514339999999999575e-01
2.443033999999999928e+00
4.260133999999999865e+00
5.280333999999999861e+00
2.578533999999999882e+00
-2.216565999999999814e+00
-3.789865999999999957e+00
-7.352765999999999913e+00
-7.380066000000000237e+00
5.788733999999999824e+00
5.233833999999999875e+00
6.423233999999999888e+00
6.642339999999999911e-01
2.157934000000000019e+00
6.084340000000000304e-01
