-5.276239999999999597e+00
-5.753140000000000143e+00
-5.012139999999999596e+00
-3.708040000000000003e+00
-3.062440000000000051e+00
-3.961440000000000072e+00
-2.986240000000000006e+00
-1.620339999999999892e+00
-9.537400000000000322e-01
-1.641140000000000043e+00
-3.583140000000000214e+00
-7.080739999999999590e+00
-7.842400000000000482e-01
-2.634400000000000075e-01
1.086759999999999948e+00
2.090160000000000018e+00
3.453160000000000007e+00
3.828059999999999796e+00
2.865260000000000140e+00
1.510860000000000092e+00
4.479759999999999742e+00
4.130359999999999587e+00
3.343760000000000066e+00
2.389359999999999928e+00
5.165460000000000385e+00
5.643659999999999677e+00
-1.248639999999999972e+00
-3.501040000000000152e+00
-1.083839999999999915e+00
1.171600000000000003e-01
-2.963140000000000107e+00
-3.267640000000000100e+00
-7.469640000000000057e+00
-7.669839999999999769e+00
1.246000000000000059e-02
-1.293940000000000090e+00
1.792459999999999942e+00
7.561600000000000543e-01
5.059859999999999580e+00
3.559860000000000024e+00
3.586860000000000159e+00
2.940259999999999874e+00
1.814159999999999995e+00
1.733060000000000045e+00
6.705160000000000231e+00
5.121059999999999945e+00
5.550559999999999938e+00
-8.928399999999999670e-01
-2.187840000000000007e+00
-1.470839999999999925e+00
