-5.967194000000000109e+00
-5.822193999999999647e+00
-4.775693999999999662e+00
-3.810993999999999993e+00
-3.852094000000000129e+00
-4.980394000000000432e+00
-2.788694000000000006e+00
-1.776594000000000007e+00
-1.708293999999999979e+00
-2.780294000000000043e+00
-6.931939999999999769e-01
4.280059999999999976e-01
1.587105999999999906e+00
1.542605999999999922e+00
2.612605999999999984e+00
3.710306000000000104e+00
3.792105999999999977e+00
2.721305999999999781e+00
-5.198894000000000126e+00
-6.813793999999999684e+00
4.933305999999999969e+00
5.056606000000000378e+00
4.753205999999999598e+00
4.496705999999999648e+00
2.591606000000000076e+00
2.427405999999999953e+00
5.406000000000000215e-03
-9.912940000000000085e-01
-2.801994000000000096e+00
-7.769939999999999625e-01
7.675060000000000215e-01
6.598060000000000036e-01
2.739405999999999786e+00
-4.411393999999999593e+00
-6.063494000000000383e+00
-6.740593999999999753e+00
-7.623293999999999571e+00
6.033106000000000080e+00
5.025905999999999985e+00
4.288706000000000351e+00
5.317806000000000033e+00
4.470305999999999891e+00
3.563206000000000095e+00
2.701906000000000141e+00
1.383605999999999892e+00
3.089306000000000108e+00
8.647059999999999746e-01
-4.488940000000000152e-01
-7.372940000000000049e-01
