-3.053135999999999850e+00
-4.031136000000000053e+00
-3.965336000000000194e+00
-2.845835999999999810e+00
-1.744636000000000076e+00
-1.924236000000000057e+00
-2.801136000000000070e+00
-1.674236000000000057e+00
-5.798360000000000181e-01
-6.050360000000000182e-01
-9.428360000000000074e-01
-5.175036000000000413e+00
3.784463999999999828e+00
-1.609436000000000089e+00
3.790563999999999822e+00
4.561863999999999919e+00
5.334564000000000306e+00
5.337063999999999808e+00
4.565964000000000134e+00
-1.536135999999999946e+00
-4.321360000000000201e-01
6.080640000000000489e-01
5.449640000000000040e-01
-5.585360000000000325e-01
2.941463999999999857e+00
-2.795335999999999821e+00
6.937640000000000473e-01
1.709263999999999895e+00
-1.670436000000000032e+00
-2.834636000000000156e+00
2.246400000000000133e-02
-1.115836000000000050e+00
-5.938935999999999993e+00
-5.254736000000000296e+00
3.190463999999999967e+00
4.558764000000000038e+00
5.935164000000000328e+00
5.940464000000000411e+00
4.578064000000000355e+00
-2.340736000000000150e+00
-3.837360000000000215e-01
1.468563999999999981e+00
1.357264000000000026e+00
-5.890360000000000040e-01
2.630063999999999957e+00
3.571164000000000005e+00
-2.814535999999999927e+00
-3.710036000000000111e+00
4.791639999999999788e-01
1.117763999999999980e+00
1.237664000000000097e+00
2.008764000000000216e+00
-1.692236000000000073e+00
-7.295359999999999623e-01
-3.785136000000000056e+00
-2.834236000000000200e+00
