-5.821386999999999645e+00
-6.069486999999999632e+00
-5.159587000000000145e+00
-3.922486999999999835e+00
-3.509487000000000023e+00
-4.566286999999999985e+00
-3.089186999999999905e+00
-1.798986999999999892e+00
-1.252386999999999917e+00
-2.113687000000000094e+00
2.124129999999999907e-01
4.179129999999999789e-01
1.468412999999999968e+00
1.390312999999999910e+00
2.431013000000000090e+00
3.605713000000000168e+00
3.716912999999999911e+00
2.651212999999999820e+00
-4.411286999999999736e+00
-7.338786999999999949e+00
-1.580886999999999931e+00
4.892413000000000345e+00
5.033413000000000359e+00
4.624913000000000274e+00
5.496012999999999593e+00
2.295713000000000115e+00
1.749112999999999918e+00
-3.982870000000000021e-01
-1.193586999999999954e+00
6.916130000000000333e-01
6.967130000000000267e-01
4.980129999999999835e-01
2.747812999999999839e+00
-3.848987000000000158e+00
-4.110586999999999769e+00
-7.560087000000000224e+00
-8.052787000000000361e+00
-1.820486999999999966e+00
-1.989387000000000016e+00
-4.932869999999999755e-01
6.013313000000000130e+00
5.008413000000000004e+00
4.272912999999999961e+00
6.318812999999999569e+00
4.977113000000000120e+00
5.921712999999999560e+00
1.647213000000000038e+00
2.416612999999999900e+00
7.549129999999999452e-01
-1.193886999999999921e+00
-8.643870000000000164e-01
2.090130000000000043e-01
