-6.262642999999999738e+00
-6.079742999999999675e+00
-4.935642999999999780e+00
-3.933943000000000190e+00
-3.983642999999999823e+00
-5.226243000000000194e+00
-2.645643000000000189e+00
-1.957143000000000077e+00
-2.750143000000000004e+00
-5.447542999999999580e+00
-7.163043000000000049e+00
2.142456999999999834e+00
2.626656999999999798e+00
3.899056999999999995e+00
4.712356999999999907e+00
4.233657000000000004e+00
2.952157000000000142e+00
-5.098430000000000462e-01
5.293569999999999665e-01
5.991456999999999589e+00
6.789056999999999675e+00
6.319156999999999691e+00
5.050056999999999796e+00
-2.266143000000000018e+00
-4.694842999999999655e+00
-6.364943000000000239e+00
-7.075842999999999883e+00
-8.043843000000000742e+00
2.029357000000000077e+00
4.250856999999999886e+00
2.582756999999999969e+00
-2.826429999999999776e-01
-2.838430000000000120e-01
6.377856999999999665e+00
7.778557000000000166e+00
6.940557000000000087e+00
4.701957000000000164e+00
