-5.774985000000000035e+00
-6.051484999999999559e+00
-5.163685000000000080e+00
-3.919284999999999908e+00
-3.476185000000000080e+00
-4.512584999999999624e+00
-3.110085000000000210e+00
-1.815984999999999960e+00
-1.240285000000000082e+00
-2.075384999999999813e+00
2.248149999999999871e-01
4.313150000000000039e-01
1.469114999999999949e+00
1.377615000000000034e+00
2.406315000000000204e+00
3.582815000000000083e+00
3.704915000000000180e+00
2.652515000000000178e+00
-4.328084999999999738e+00
-7.328985000000000305e+00
4.879514999999999603e+00
4.986715000000000231e+00
4.591515000000000235e+00
5.463115000000000165e+00
-1.509784999999999933e+00
2.258515000000000050e+00
1.682215000000000016e+00
-3.924849999999999728e-01
-1.232185000000000086e+00
6.805149999999999810e-01
7.292149999999999466e-01
4.837150000000000061e-01
2.762715000000000032e+00
-3.760984999999999800e+00
-4.016585000000000072e+00
-7.572885000000000311e+00
-8.026284999999999670e+00
5.949514999999999887e+00
4.979415000000000369e+00
4.199114999999999931e+00
6.282614999999999839e+00
4.942714999999999748e+00
5.893715000000000259e+00
-1.751884999999999915e+00
-1.891285000000000105e+00
-4.198850000000000082e-01
1.588214999999999932e+00
2.325215000000000032e+00
6.813150000000000039e-01
-1.190784999999999982e+00
-8.551849999999999730e-01
2.082150000000000112e-01
