-5.397736000000000089e+00
-5.671336000000000155e+00
-4.792735999999999663e+00
-3.551035999999999859e+00
-3.131336000000000119e+00
-4.141035999999999717e+00
-2.606736000000000164e+00
-1.305336000000000052e+00
-9.600360000000000005e-01
-1.860635999999999957e+00
4.587640000000000051e-01
6.377639999999999976e-01
1.789463999999999944e+00
1.717964000000000047e+00
2.810264000000000095e+00
4.013463999999999920e+00
4.118864000000000303e+00
3.023664000000000129e+00
-3.912236000000000047e+00
-6.929135999999999740e+00
3.086364000000000107e+00
4.302664000000000044e+00
2.567664000000000168e+00
3.665064000000000100e+00
-2.882935999999999943e+00
-5.817360000000000309e-01
6.243640000000000301e-01
1.152763999999999900e+00
-2.099360000000000115e-01
7.787640000000000118e-01
4.894464000000000148e+00
5.084363999999999884e+00
-2.963735999999999926e+00
-4.669436000000000142e+00
-7.165735999999999883e+00
-7.620536000000000421e+00
4.154664000000000357e+00
5.122863999999999862e+00
4.546363999999999628e+00
3.312263999999999875e+00
4.009464000000000361e+00
4.481063999999999936e+00
