-4.522450000000000081e+00
-4.548650000000000304e+00
-3.558549999999999880e+00
-2.465450000000000141e+00
-2.286550000000000082e+00
-3.420949999999999935e+00
-1.122449999999999948e+00
-2.630500000000000060e-01
-9.296499999999999764e-01
-3.928499999999999770e-01
-3.533049999999999802e+00
-5.693950000000000067e+00
1.020250000000000101e+00
1.450949999999999962e+00
1.711950000000000083e+00
1.145350000000000090e+00
1.965449999999999919e+00
3.337349999999999817e+00
3.916249999999999787e+00
3.103849999999999998e+00
5.266250000000000320e+00
5.914150000000000240e+00
-2.083500000000000074e-01
-7.958499999999999464e-01
-6.269500000000000073e-01
-9.336499999999999799e-01
-2.872949999999999893e+00
-4.419050000000000367e+00
-5.762450000000000294e+00
-6.473849999999999660e+00
1.542049999999999921e+00
1.570650000000000102e+00
3.952049999999999841e+00
3.536849999999999827e+00
6.981950000000000323e+00
5.547049999999999592e+00
5.802050000000000374e+00
-1.868249999999999966e+00
-6.755499999999999838e-01
-3.899500000000000188e-01
