-5.714621000000000173e+00
-5.436520999999999937e+00
-4.297120999999999746e+00
-3.404021000000000186e+00
-3.562520999999999827e+00
-4.794621000000000244e+00
-2.163820999999999994e+00
-1.544221000000000066e+00
-2.346121000000000123e+00
-5.132520999999999667e+00
-6.415821000000000218e+00
-1.544210000000000027e-01
1.092790000000000011e-01
-3.275210000000000066e-01
-1.861920999999999937e+00
1.543379000000000056e+00
2.018778999999999879e+00
1.358878999999999948e+00
1.806578999999999935e+00
2.929178999999999977e+00
3.608378999999999781e+00
3.153779000000000110e+00
3.448078999999999894e+00
4.650979000000000418e+00
2.510479000000000127e+00
2.880879000000000190e+00
3.090279000000000220e+00
1.822578999999999949e+00
4.007679000000000435e+00
2.499678999999999984e+00
1.668978999999999990e+00
7.763790000000000413e-01
8.477789999999999493e-01
3.427899999999999697e-02
-4.502520999999999773e+00
-6.050920999999999772e+00
-6.258620999999999768e+00
-7.293021000000000420e+00
5.420789999999999775e-01
-4.292100000000000082e-02
2.051790000000000003e-01
-6.702099999999999724e-02
-2.380821000000000076e+00
-2.083820999999999923e+00
1.738579000000000097e+00
2.151079000000000185e+00
4.867790000000000172e-01
1.280578999999999912e+00
4.491278999999999577e+00
3.696778999999999815e+00
1.521878999999999982e+00
3.842379000000000211e+00
2.119479000000000113e+00
8.584789999999999921e-01
4.057779000000000025e+00
2.650179000000000062e+00
1.206579000000000068e+00
2.200789999999999969e-01
