-6.534990999999999772e+00
-6.455690999999999846e+00
-5.338991000000000042e+00
-4.209291000000000338e+00
-4.185291000000000317e+00
-5.408090999999999759e+00
-2.966890999999999945e+00
-2.144391000000000158e+00
-9.897909999999999764e-01
-6.012910000000000199e-01
-1.438390999999999975e+00
-2.598590999999999873e+00
-7.586790999999999840e+00
-5.565090999999999788e+00
5.307089999999999863e-01
-3.130190999999999946e+00
-2.953291000000000111e+00
1.484809000000000045e+00
2.880008999999999819e+00
3.554908999999999875e+00
4.840108999999999995e+00
5.470009000000000121e+00
4.810908999999999658e+00
3.524808999999999859e+00
-1.712909999999999988e-01
-5.212909999999999489e-01
8.036090000000000177e-01
6.840709000000000373e+00
7.570609000000000144e+00
2.393089999999999939e-01
7.212508999999999837e+00
8.505909000000000830e+00
-2.395791000000000004e+00
-1.212390999999999996e+00
-3.221890999999999838e+00
-7.551491000000000398e+00
-8.449991000000000696e+00
-4.798191000000000095e+00
-6.494091000000000058e+00
-2.179291000000000089e+00
-3.863990999999999953e+00
-3.463991000000000042e+00
-2.179691000000000045e+00
-2.591890999999999945e+00
1.144209000000000032e+00
1.548408999999999924e+00
3.076309000000000182e+00
5.337908999999999793e+00
5.289908999999999750e+00
3.029509000000000007e+00
1.161909000000000081e+00
-3.606909999999999838e-01
-3.053910000000000236e-01
6.538308999999999926e+00
8.670809000000000211e+00
8.515909000000000617e+00
9.286308999999999259e+00
