-5.883586000000000205e+00
-5.986186000000000007e+00
-4.958286000000000193e+00
-3.743186000000000124e+00
-3.496485999999999983e+00
-4.650686000000000320e+00
-2.643585999999999991e+00
-1.366085999999999911e+00
-1.179786000000000001e+00
-2.250485999999999986e+00
-4.594085999999999892e+00
-7.218986000000000125e+00
9.501400000000000123e-02
1.358414000000000010e+00
1.701114000000000015e+00
2.950813999999999826e+00
3.898413999999999824e+00
3.575514000000000081e+00
2.321413999999999866e+00
5.140914000000000428e+00
5.473813999999999957e+00
4.468613999999999642e+00
5.222813999999999623e+00
7.881399999999999517e-02
-2.769385999999999903e+00
-5.404860000000000220e-01
-3.727685999999999833e+00
-5.455986000000000224e+00
-7.327785999999999689e+00
-8.019885999999999626e+00
9.959139999999999660e-01
3.142313999999999830e+00
2.096814000000000178e+00
6.481714000000000198e+00
4.792013999999999996e+00
5.490814000000000306e+00
5.979613999999999763e+00
5.738114000000000381e+00
4.580913999999999930e+00
1.076913999999999927e+00
-5.260860000000000536e-01
-3.220859999999999834e-01
