-2.738116999999999912e+00
-2.496817000000000064e+00
-1.413817000000000101e+00
-5.150169999999999471e-01
-6.433170000000000277e-01
-1.830017000000000005e+00
6.045829999999999815e-01
1.628683000000000103e+00
1.531582999999999917e+00
4.055830000000000268e-01
-2.182716999999999796e+00
-3.411617000000000122e+00
3.233829999999999760e-01
1.333882999999999930e+00
1.204482999999999970e+00
-1.261699999999999974e-02
-1.118169999999999997e-01
1.006083000000000061e+00
2.225782999999999845e+00
2.326182999999999890e+00
6.969830000000000192e-01
2.501783000000000090e+00
2.359583000000000208e+00
-2.446216999999999864e+00
-1.516717000000000093e+00
-3.251816999999999958e+00
-4.245617000000000196e+00
-6.743170000000000552e-01
4.310829999999999940e-01
1.192782999999999927e+00
2.356482999999999883e+00
-8.975170000000000092e-01
-1.063817000000000013e+00
9.278830000000000133e-01
3.102983000000000047e+00
3.292082999999999871e+00
