-3.727714999999999890e+00
-3.790414999999999868e+00
-2.774214999999999876e+00
-1.628414999999999946e+00
-1.426115000000000022e+00
-2.550015000000000143e+00
-4.102149999999999963e-01
4.944850000000000079e-01
-1.094149999999999984e-01
-2.519414999999999960e+00
-5.003415000000000390e+00
1.915384999999999893e+00
2.497584999999999944e+00
3.855484999999999829e+00
4.653884999999999827e+00
4.089385000000000048e+00
2.731384999999999952e+00
5.013584999999999958e+00
6.321485000000000021e+00
-2.173150000000000082e-01
-1.655915000000000026e+00
-3.361215000000000064e+00
-5.100414999999999921e+00
-5.796215000000000117e+00
1.916085000000000038e+00
4.279284999999999783e+00
2.302385000000000126e+00
