-6.109605000000000175e+00
-6.124204999999999899e+00
-5.045505000000000351e+00
-3.868704999999999838e+00
-3.713404999999999845e+00
-4.919005000000000294e+00
-2.719405000000000072e+00
-1.476704999999999934e+00
-1.402805000000000080e+00
-2.506005000000000038e+00
-5.780500000000000221e-02
6.386950000000000127e-01
1.904994999999999994e+00
2.384294999999999831e+00
3.653694999999999915e+00
4.491195000000000270e+00
4.046795000000000364e+00
2.768095000000000194e+00
-4.941704999999999792e+00
-7.316205000000000069e+00
2.291494999999999838e+00
3.167895000000000127e+00
5.705194999999999794e+00
6.602495000000000225e+00
-2.783304999999999918e+00
-5.854049999999999532e-01
5.278950000000000031e-01
-2.371050000000000102e-01
8.059499999999999997e-02
1.759994999999999976e+00
3.981395000000000017e+00
4.697894999999999932e+00
-4.230105000000000004e+00
-5.849504999999999733e+00
-7.358204999999999885e+00
-8.152704999999999202e+00
2.633195000000000174e+00
3.428694999999999826e+00
4.060995000000000132e+00
7.514795000000000336e+00
6.877995000000000303e+00
6.179095000000000226e+00
