-3.736318999999999946e+00
-3.786919000000000146e+00
-2.753819000000000017e+00
-1.603819000000000106e+00
-1.412319000000000102e+00
-2.553919000000000050e+00
-3.698190000000000088e-01
5.339810000000000390e-01
-8.651899999999999868e-02
-2.536519000000000190e+00
-5.005619000000000263e+00
1.969481000000000037e+00
2.561180999999999930e+00
3.931681000000000203e+00
4.730580999999999925e+00
4.161580999999999975e+00
2.792480999999999991e+00
-1.655189999999999995e-01
-1.670319000000000109e+00
-3.391119000000000216e+00
-5.093918999999999642e+00
-5.811118999999999701e+00
1.975980999999999987e+00
4.374081000000000330e+00
5.796381000000000228e+00
4.781280999999999892e+00
2.368881000000000014e+00
