-4.500068999999999875e+00
-4.525069000000000230e+00
-3.445269000000000137e+00
-2.251368999999999954e+00
-2.102869000000000099e+00
-3.302169000000000132e+00
-1.106468999999999925e+00
1.749310000000000032e-01
3.530309999999999837e-01
-8.012690000000000090e-01
1.581431000000000031e+00
3.136130999999999780e+00
3.081531000000000020e+00
3.351630999999999805e+00
3.685931000000000068e+00
3.753031000000000006e+00
3.483331000000000177e+00
-3.331669000000000214e+00
-5.736169000000000295e+00
2.871030999999999889e+00
-1.199168999999999929e+00
1.022731000000000057e+00
-6.974690000000000056e-01
1.611131000000000091e+00
2.824231000000000158e+00
3.301731000000000193e+00
3.896730999999999945e+00
4.017731000000000385e+00
3.545530999999999988e+00
-2.683469000000000104e+00
-4.259769000000000361e+00
-5.788668999999999620e+00
-6.574468999999999674e+00
3.659431000000000100e+00
2.954130999999999840e+00
