-5.683399999999999785e+00
-5.645699999999999719e+00
-4.586000000000000298e+00
-3.481899999999999995e+00
-3.405100000000000016e+00
-4.575899999999999856e+00
-2.431999999999999940e+00
-1.268499999999999961e+00
-1.087199999999999944e+00
-2.181799999999999962e+00
2.371000000000000052e-01
1.096400000000000041e+00
2.422000000000000153e+00
3.020799999999999930e+00
4.352800000000000225e+00
5.128000000000000114e+00
4.587200000000000166e+00
3.229400000000000048e+00
-4.652300000000000324e+00
-6.773100000000000342e+00
5.398500000000000298e+00
4.899600000000000399e+00
3.581700000000000106e+00
2.761800000000000033e+00
-4.545000000000000151e-01
-2.089599999999999902e+00
6.965999999999999970e-01
7.699999999999999900e-02
6.290999999999999925e-01
2.455099999999999838e+00
4.784500000000000419e+00
6.167200000000000237e+00
-4.179599999999999760e+00
-5.556400000000000006e+00
-6.782899999999999707e+00
-7.593499999999999694e+00
6.438699999999999868e+00
5.542099999999999582e+00
3.184499999999999886e+00
1.739300000000000068e+00
