-5.995608999999999966e+00
-5.923809000000000324e+00
-4.860308999999999990e+00
-3.793709000000000220e+00
-3.728209000000000106e+00
-4.920409000000000255e+00
-2.705008999999999997e+00
-1.532008999999999954e+00
-1.415909000000000084e+00
-2.512408999999999892e+00
-1.047089999999999965e-01
8.501910000000000300e-01
2.166091000000000211e+00
2.941291000000000100e+00
4.282990999999999993e+00
4.879090999999999845e+00
4.139291000000000054e+00
2.793191000000000201e+00
-5.089609000000000272e+00
-7.003209000000000017e+00
-2.362408999999999981e+00
2.036690999999999807e+00
2.642990999999999868e+00
4.886790999999999663e+00
6.259790999999999883e+00
-2.759008999999999823e+00
-7.031089999999999840e-01
2.782910000000000106e-01
-2.617090000000000249e-01
5.216910000000000158e-01
2.485790999999999862e+00
5.916790999999999912e+00
4.654690999999999690e+00
-5.018108999999999931e+00
-4.431109000000000187e+00
-6.972408999999999857e+00
-7.823008999999999880e+00
1.888891000000000098e+00
2.956090999999999802e+00
3.477491000000000110e+00
6.591390999999999778e+00
6.879291000000000267e+00
6.386991000000000085e+00
