-3.190979000000000010e+00
-3.172178999999999860e+00
-2.065379000000000076e+00
-8.778789999999999649e-01
-7.911789999999999656e-01
-2.012379000000000140e+00
4.879209999999999936e-01
1.234520999999999979e+00
2.456221000000000210e+00
2.946521000000000168e+00
2.211920999999999804e+00
9.921210000000000306e-01
-4.360478999999999772e+00
-2.102278999999999787e+00
4.446820999999999913e+00
3.311221000000000192e+00
3.799210000000000087e-01
7.872099999999999931e-02
8.867209999999999814e-01
1.272321000000000035e+00
8.594209999999999905e-01
2.579220999999999986e+00
4.344210000000000016e-01
-4.375378999999999685e+00
-5.218378999999999657e+00
-1.358678999999999970e+00
-3.036779000000000117e+00
1.039420999999999928e+00
8.862210000000000365e-01
1.772121000000000057e+00
2.139210000000000000e-01
3.492210000000000036e-01
1.932120999999999977e+00
1.790920999999999985e+00
