-7.346246999999999971e+00
-7.194547000000000025e+00
-6.074946999999999875e+00
-5.022746999999999851e+00
-5.016947000000000045e+00
-6.294846999999999859e+00
-3.881447000000000092e+00
-2.701646999999999910e+00
-2.618746999999999936e+00
-3.765747000000000178e+00
-1.275946999999999942e+00
-5.399469999999999548e-01
7.135529999999999928e-01
1.334052999999999933e+00
2.607152999999999832e+00
3.288253000000000092e+00
2.684652999999999956e+00
1.409053000000000111e+00
-6.605747000000000035e+00
-8.251946999999999477e+00
4.649053000000000324e+00
5.347052999999999834e+00
5.057852999999999710e+00
6.393152999999999864e+00
6.701552999999999649e+00
7.731652999999999665e+00
5.690653000000000183e+00
6.481952999999999854e+00
7.913452999999999626e+00
8.873352999999999824e+00
8.047252999999999545e+00
-3.639647000000000077e+00
-3.545446999999999793e+00
-3.897546999999999873e+00
-1.834947000000000106e+00
-6.978469999999999951e-01
-1.423647000000000107e+00
-9.577470000000000150e-01
8.277529999999999610e-01
3.054853000000000041e+00
3.192053000000000029e+00
9.802530000000000410e-01
-6.356546999999999947e+00
-7.554846999999999646e+00
-8.163247000000000142e+00
-9.118047000000000679e+00
4.447953000000000046e+00
7.111753000000000213e+00
6.004653000000000240e+00
6.020152999999999643e+00
5.966052999999999606e+00
9.004053000000000750e+00
-2.753047000000000022e+00
-4.454047000000000089e+00
-3.451147000000000187e+00
-4.424546999999999564e+00
-2.669446999999999903e+00
