-5.469267999999999574e+00
-5.075967999999999591e+00
-3.803468000000000071e+00
-2.859068000000000165e+00
-3.131267999999999940e+00
-4.516968000000000316e+00
-1.544167999999999985e+00
-4.690679999999999850e-01
-6.804679999999999618e-01
-2.018867999999999885e+00
4.405319999999999792e-01
1.738531999999999966e+00
8.451319999999999943e-01
1.267031999999999936e+00
2.602031999999999901e+00
3.500831999999999944e+00
3.060932000000000208e+00
-5.022567999999999699e+00
-6.032968000000000330e+00
-2.293568000000000051e+00
4.748319999999999763e-01
-8.805680000000000174e-01
3.021932000000000063e+00
3.527731999999999868e+00
4.762031999999999599e+00
5.690932000000000102e+00
7.363319999999999865e-01
1.276831999999999967e+00
-1.334667999999999966e+00
5.427319999999999922e-01
1.272831999999999963e+00
-1.840680000000000094e-01
3.729032000000000124e+00
-4.745268000000000264e+00
-4.760767999999999667e+00
-5.764368000000000158e+00
-7.007667999999999786e+00
-1.358168000000000042e+00
-1.421667999999999932e+00
-9.399680000000000257e-01
3.893632000000000204e+00
2.737731999999999832e+00
4.365132000000000012e+00
6.633231999999999573e+00
5.887331999999999788e+00
5.345132000000000438e+00
-1.432680000000000065e-01
1.488231999999999999e+00
5.109320000000000528e-01
2.106532000000000071e+00
