-6.550818999999999726e+00
-7.071219000000000143e+00
-6.520819000000000365e+00
-5.365518999999999927e+00
-4.739018999999999870e+00
-5.389419000000000182e+00
-3.492919000000000107e+00
-2.246018999999999988e+00
-1.043819000000000052e+00
-1.101618999999999904e+00
-2.333619000000000110e+00
-3.517618999999999829e+00
-8.240918999999999883e+00
-4.909619000000000177e+00
3.291810000000000014e-01
-5.648119000000000334e+00
-4.769518999999999842e+00
1.614810000000000134e-01
7.125810000000000199e-01
1.853880999999999890e+00
2.246081000000000216e+00
4.250780999999999921e+00
5.069581000000000337e+00
3.588381000000000043e+00
4.703880999999999979e+00
5.907380999999999993e+00
6.013681000000000054e+00
4.917881000000000391e+00
3.715380999999999823e+00
2.649380999999999986e+00
3.591981000000000090e+00
5.272180999999999784e+00
5.700480999999999909e+00
4.644381000000000093e+00
-2.197818999999999967e+00
-2.382819000000000020e+00
-4.465718999999999994e+00
-8.655919000000000807e+00
-8.688119000000000369e+00
-3.904818999999999818e+00
-5.447419000000000011e+00
-5.147218999999999767e+00
-5.851518999999999693e+00
-6.606919000000000430e+00
-4.569619000000000320e+00
-3.815618999999999872e+00
1.496080999999999994e+00
2.234681000000000139e+00
6.778081000000000245e+00
6.953081000000000067e+00
4.995681000000000260e+00
2.863681000000000143e+00
3.211781000000000219e+00
1.959980999999999973e+00
4.349580999999999698e+00
3.025780999999999832e+00
6.290180999999999578e+00
6.361280999999999963e+00
4.925181000000000253e+00
3.941481000000000012e+00
4.337280999999999942e+00
5.621781000000000361e+00
