-1.696382999999999974e+00
-8.811830000000000496e-01
-1.577282999999999991e+00
-2.867483000000000004e+00
-3.909982999999999986e+00
-5.063782999999999923e+00
-5.240382999999999569e+00
-4.189582999999999835e+00
-2.968583000000000194e+00
6.024169999999999803e-01
1.403016999999999959e+00
2.696416999999999842e+00
3.836816999999999922e+00
3.889517000000000113e+00
2.872517000000000209e+00
1.605717000000000061e+00
1.434617000000000031e+00
2.575016999999999889e+00
3.416917000000000204e+00
3.292016999999999971e+00
2.220416999999999863e+00
1.081217000000000095e+00
-4.384083000000000396e+00
-6.173282999999999632e+00
-1.402082999999999968e+00
7.979169999999999874e-01
8.172169999999999712e-01
2.678516999999999815e+00
4.748217000000000354e+00
4.793317000000000050e+00
2.946917000000000009e+00
7.723170000000000313e-01
5.525170000000000359e-01
2.705817000000000139e+00
4.232416999999999874e+00
4.085716999999999821e+00
2.138417000000000012e+00
2.674170000000000158e-01
-3.632683000000000106e+00
-5.315483000000000402e+00
-7.064982999999999791e+00
-6.096083000000000141e+00
