-5.671878999999999671e+00
-5.681778999999999691e+00
-4.616178999999999810e+00
-3.462178999999999895e+00
-3.313178999999999874e+00
-4.499379000000000239e+00
-2.402878999999999987e+00
-1.208779000000000048e+00
-1.050578999999999930e+00
-2.110278999999999794e+00
3.096209999999999796e-01
1.056121000000000087e+00
2.382420999999999900e+00
3.111320999999999781e+00
4.448221000000000203e+00
5.098021000000000136e+00
4.425620999999999583e+00
3.061520999999999937e+00
-4.516579000000000121e+00
-6.862378999999999785e+00
5.110420999999999658e+00
4.477621000000000073e+00
3.150821000000000094e+00
2.455820999999999810e+00
-3.690789999999999904e-01
8.495209999999999706e-01
1.706209999999999949e-01
4.836210000000000231e-01
2.647221000000000046e+00
4.982421000000000433e+00
6.143520999999999788e+00
-3.834079000000000015e+00
-5.416679000000000244e+00
-6.907179000000000180e+00
-7.689979000000000120e+00
6.155320999999999820e+00
5.023221000000000380e+00
2.649521000000000015e+00
1.420520999999999923e+00
