-5.569467000000000390e+00
-5.833366999999999969e+00
-4.912067000000000405e+00
-3.641067000000000053e+00
-3.243767000000000067e+00
-4.281767000000000323e+00
-2.742567000000000199e+00
-1.420266999999999946e+00
-8.876669999999999838e-01
-1.856266999999999889e+00
4.694329999999999892e-01
9.763330000000000064e-01
1.888033000000000072e+00
1.417732999999999910e+00
2.208933000000000035e+00
3.486032999999999937e+00
3.968332999999999888e+00
3.179432999999999954e+00
-4.054466999999999821e+00
-7.137566999999999773e+00
3.576433000000000195e+00
4.884633000000000003e+00
1.622433000000000014e+00
2.402833000000000219e+00
1.446433000000000080e+00
-7.769669999999999632e-01
-1.563366999999999951e+00
1.826329999999999898e-01
1.500232999999999928e+00
4.154329999999999967e-01
4.139433000000000362e+00
4.972032999999999703e+00
-3.256066999999999823e+00
-4.888067000000000384e+00
-7.370967000000000269e+00
-7.863266999999999562e+00
5.037333000000000283e+00
5.652332999999999608e+00
4.978333000000000119e+00
1.801733000000000029e+00
2.644432999999999812e+00
3.309032999999999891e+00
2.467532999999999976e+00
1.417232999999999965e+00
1.254232999999999931e+00
