-2.588687000000000182e+00
-2.487087999999999965e+00
-1.338187999999999933e+00
-2.084880000000000067e-01
-1.751880000000000104e-01
-1.450487000000000082e+00
9.824119999999999520e-01
2.213411999999999935e+00
2.269312000000000218e+00
1.090711999999999904e+00
-1.642487999999999948e+00
-3.632287999999999961e+00
1.066311999999999927e+00
2.304912999999999990e+00
9.602119999999999544e-01
3.128213000000000132e+00
3.247711999999999932e+00
-8.842879999999999630e-01
-2.588788000000000089e+00
-3.586787000000000170e+00
-4.520787000000000333e+00
2.089713000000000154e+00
2.980112000000000094e+00
2.770512000000000086e+00
