-4.962297000000000402e+00
-5.141097000000000250e+00
-4.186596999999999902e+00
-2.973097000000000101e+00
-2.651196999999999804e+00
-3.719097000000000097e+00
-1.789697000000000093e+00
-7.919969999999999510e-01
-1.295496999999999899e+00
-3.571096999999999966e+00
-6.414697000000000315e+00
6.186030000000000140e-01
1.197702999999999962e+00
2.532703000000000149e+00
3.322402999999999995e+00
2.768702999999999914e+00
1.404002999999999890e+00
3.542502999999999957e+00
3.008202999999999960e+00
1.680102999999999902e+00
8.922029999999999683e-01
4.647103000000000428e+00
5.235802999999999763e+00
-1.666797000000000084e+00
-2.656197000000000141e+00
-4.376997000000000249e+00
-6.598897000000000013e+00
-7.164797000000000082e+00
6.137029999999999985e-01
2.921002999999999794e+00
4.590703000000000422e+00
3.631702999999999903e+00
1.250202999999999953e+00
-1.481969999999999954e-01
6.281102999999999881e+00
5.225603000000000442e+00
4.744202999999999726e+00
