-4.378727999999999732e+00
-4.989428000000000196e+00
-4.537327999999999584e+00
-3.383427999999999880e+00
-2.664028000000000063e+00
-3.222627999999999826e+00
-1.411427999999999905e+00
-1.809280000000000055e-01
1.038672000000000040e+00
1.002372000000000041e+00
-2.242280000000000106e-01
-1.416128000000000053e+00
-6.152228000000000030e+00
-2.655327999999999911e+00
2.366471999999999909e+00
-3.829327999999999843e+00
-2.894627999999999979e+00
2.240571999999999786e+00
2.390972000000000097e+00
3.740171999999999830e+00
4.381371999999999822e+00
3.472971999999999948e+00
4.417171999999999876e+00
3.716072000000000042e+00
4.395071999999999868e+00
5.782371999999999623e+00
6.493172000000000388e+00
5.815171999999999564e+00
-2.092279999999999973e-01
-2.626279999999999726e-01
-2.348327999999999971e+00
-6.634328000000000003e+00
-6.521028000000000269e+00
-1.644527999999999990e+00
-3.134227999999999792e+00
-3.407128000000000156e+00
-3.976128000000000107e+00
-4.810228000000000392e+00
-2.750928000000000040e+00
-1.923728000000000105e+00
1.557371999999999979e+00
2.631972000000000200e+00
3.836672000000000082e+00
6.309371999999999758e+00
7.577571999999999974e+00
6.396671999999999692e+00
