-3.513527999999999984e+00
-3.354227999999999987e+00
-2.172327999999999815e+00
-1.076827999999999896e+00
-1.083428000000000058e+00
-2.406228000000000034e+00
2.008719999999999950e-01
1.402972000000000108e+00
2.664372000000000185e+00
2.791571999999999942e+00
1.633971999999999980e+00
3.749720000000000275e-01
-4.466528000000000276e+00
-2.700727999999999795e+00
1.347971999999999948e+00
1.239719999999999989e-01
4.143472000000000044e+00
3.569271999999999778e+00
1.690771999999999942e+00
-4.727279999999999816e-01
-4.372227999999999781e+00
-5.379927999999999599e+00
-2.415128000000000164e+00
-2.384128000000000025e+00
2.259472000000000147e+00
1.215719999999999995e-01
4.465971999999999831e+00
4.123272000000000048e+00
4.883472000000000257e+00
