-5.916311000000000320e+00
-5.687210999999999572e+00
-4.502811000000000341e+00
-3.499610999999999805e+00
-3.591911000000000076e+00
-4.895311000000000412e+00
-1.915710999999999942e+00
-1.288510999999999962e+00
-2.282611000000000168e+00
-2.041611000000000065e+00
-5.226511000000000351e+00
-6.762711000000000361e+00
2.009888999999999815e+00
2.484389000000000181e+00
3.842188999999999854e+00
4.737389000000000294e+00
4.279888999999999832e+00
2.922188999999999925e+00
2.388288999999999884e+00
3.292588999999999988e+00
4.158989000000000047e+00
5.536788999999999739e+00
1.931889999999999996e-01
5.288890000000000535e-01
-9.942109999999999559e-01
-2.634411000000000058e+00
-2.316211000000000020e+00
-4.550710999999999729e+00
-6.196210999999999913e+00
-6.636711000000000027e+00
-7.679311000000000220e+00
1.784389000000000003e+00
5.803588999999999665e+00
5.021289000000000335e+00
2.705989000000000200e+00
3.799888999999999850e+00
4.010989000000000360e+00
5.620988999999999791e+00
6.139688999999999730e+00
5.909589000000000425e+00
5.393890000000000073e-01
7.424889999999999546e-01
-3.381100000000000078e-02
1.994889999999999997e-01
