-4.372710999999999792e+00
-4.616610999999999798e+00
-3.793711000000000055e+00
-2.643410999999999955e+00
-2.293010999999999910e+00
-3.227211000000000052e+00
-9.683110000000000328e-01
1.937889999999999890e-01
4.339890000000000136e-01
1.495889000000000024e+00
2.341089000000000198e+00
2.099988999999999884e+00
1.036488999999999994e+00
-3.022511000000000170e+00
-5.780410999999999966e+00
2.965189000000000075e+00
3.412389000000000117e+00
1.746388999999999969e+00
3.340789000000000009e+00
4.584088999999999636e+00
5.459088999999999636e+00
4.720388999999999946e+00
-1.981910999999999978e+00
-8.010110000000000285e-01
-9.742110000000000491e-01
-2.076109999999999900e-01
8.521889999999999743e-01
-2.588010999999999839e+00
-3.778910999999999909e+00
-5.985510999999999804e+00
-6.421510999999999747e+00
2.398988999999999816e+00
4.828388999999999598e+00
6.516689000000000398e+00
5.030789000000000399e+00
