-3.291126000000000218e+00
-3.475626000000000104e+00
-2.489825999999999873e+00
-1.223125999999999935e+00
-9.313259999999999872e-01
-2.027725999999999917e+00
-1.358260000000000023e-01
1.231673999999999936e+00
1.564173999999999953e+00
4.859740000000000171e-01
1.863073999999999897e+00
-1.889326000000000061e+00
-4.754025999999999641e+00
3.093474000000000057e+00
3.422073999999999838e+00
2.525774000000000186e+00
1.303174000000000055e+00
9.734739999999999505e-01
-9.132600000000000440e-02
-4.020259999999999945e-01
1.996574000000000071e+00
1.230374000000000079e+00
2.499973999999999918e+00
6.868739999999999846e-01
5.807740000000000125e-01
-1.118125999999999953e+00
-2.758125999999999856e+00
-4.922825999999999702e+00
-5.523825999999999681e+00
3.812073999999999963e+00
4.379573999999999856e+00
2.779074000000000044e+00
5.995740000000000514e-01
6.473999999999999720e-03
