-3.007627999999999968e+00
-4.357027999999999679e+00
-4.896728000000000414e+00
-4.242727999999999611e+00
-2.894827999999999957e+00
-2.035527999999999782e+00
-6.992279999999999607e-01
-7.842799999999999772e-02
-8.776279999999999637e-01
-2.225427999999999962e+00
-6.927728000000000108e+00
-6.233927999999999692e+00
-5.167028000000000176e+00
-6.438827999999999996e+00
-2.470327999999999857e+00
1.347971999999999948e+00
2.047372000000000192e+00
3.448172000000000015e+00
4.162571999999999939e+00
3.493672000000000111e+00
2.092871999999999844e+00
4.206372000000000000e+00
4.749171999999999727e+00
5.530371999999999844e+00
5.889272000000000062e+00
4.115172000000000274e+00
4.655272000000000077e+00
-8.237628000000000839e+00
-4.802827999999999875e+00
1.282272000000000078e+00
1.181372000000000089e+00
-2.443528000000000144e+00
-2.942799999999999930e-02
-3.279279999999999973e-01
5.204471999999999987e+00
5.529571999999999932e+00
3.967071999999999932e+00
6.981472000000000122e+00
5.532771999999999579e+00
5.507871999999999879e+00
5.053571999999999953e+00
3.882772000000000112e+00
5.477972000000000286e+00
-8.813627999999999574e+00
-8.679828000000000543e+00
-5.515028000000000041e+00
-3.936627999999999794e+00
