-3.918890000000000207e+00
-3.756390000000000118e+00
-2.621189999999999909e+00
-1.595290000000000097e+00
-1.621890000000000054e+00
-2.876189999999999802e+00
-6.718999999999999972e-02
6.182100000000000373e-01
-3.105899999999999772e-01
-4.890000000000000249e-03
-3.136489999999999778e+00
-4.850290000000000212e+00
2.043709999999999916e+00
2.509609999999999896e+00
3.870309999999999917e+00
4.777409999999999712e+00
4.318710000000000271e+00
2.956409999999999982e+00
6.446209999999999773e+00
5.384009999999999962e+00
1.021609999999999907e+00
-6.671899999999999498e-01
-1.387899999999999967e-01
-2.435290000000000177e+00
-4.074589999999999712e+00
-4.773789999999999978e+00
-5.730690000000000062e+00
1.817309999999999981e+00
4.212310000000000443e+00
2.603810000000000180e+00
