-4.910357999999999556e+00
-4.733658000000000143e+00
-3.563858000000000192e+00
-2.515858000000000150e+00
-2.551057999999999826e+00
-3.844857999999999887e+00
-9.438579999999999748e-01
-2.439580000000000082e-01
-1.204358000000000040e+00
-4.124558000000000391e+00
-5.851758000000000237e+00
-8.966579999999999551e-01
1.262442000000000064e+00
1.728242000000000056e+00
2.712542000000000009e+00
3.086542000000000119e+00
2.542841999999999825e+00
1.566241999999999912e+00
1.183742000000000072e+00
3.584541999999999895e+00
1.066241999999999912e+00
-4.355799999999999950e-02
2.926541999999999977e+00
4.063241999999999798e+00
4.044541999999999859e+00
3.424641999999999964e+00
-3.416758000000000184e+00
-5.092757999999999896e+00
-5.765457999999999750e+00
-6.758858000000000033e+00
1.752420000000000089e-01
-1.265757999999999939e+00
-1.365658000000000039e+00
1.593142000000000058e+00
1.746842000000000006e+00
4.531419999999999892e-01
-3.716579999999999884e-01
2.508420000000000094e-01
-8.843579999999999774e-01
4.324442000000000341e+00
4.926041999999999810e+00
3.833342000000000027e+00
4.197942000000000284e+00
3.009542000000000161e+00
2.646742000000000150e+00
