-5.093486999999999654e+00
-4.994887000000000299e+00
-3.863687000000000094e+00
-2.790687000000000140e+00
-2.761786999999999992e+00
-4.023487000000000258e+00
-1.516186999999999951e+00
-6.596870000000000234e-01
-1.407987000000000100e+00
-4.141786999999999885e+00
-6.147287000000000390e+00
8.480130000000000168e-01
7.988129999999999953e-01
5.446130000000000138e-01
1.283913000000000082e+00
2.322013000000000105e+00
2.667412999999999812e+00
1.920212999999999948e+00
-8.910869999999999624e-01
1.592129999999999934e-01
3.021713000000000093e+00
2.480812999999999935e+00
9.198129999999999917e-01
1.524513000000000007e+00
3.680413000000000157e+00
4.956513000000000169e+00
-6.002487000000000350e+00
-1.252887000000000084e+00
-6.139687000000000339e+00
-7.051086999999999883e+00
1.317112999999999978e+00
1.232512999999999970e+00
9.885129999999999750e-01
-2.807870000000000088e-01
2.187812999999999786e+00
-1.717886999999999942e+00
-5.100869999999999571e-01
3.967129999999999823e-01
3.037513000000000130e+00
2.605112999999999790e+00
1.425213000000000063e+00
1.303913000000000100e+00
1.100713000000000052e+00
2.613313000000000219e+00
5.712312999999999974e+00
5.195513000000000048e+00
5.002712999999999965e+00
