-5.050602999999999732e+00
-4.964102999999999710e+00
-3.841203000000000145e+00
-2.724403000000000130e+00
-2.696902999999999828e+00
-3.926702999999999832e+00
-1.611202999999999941e+00
-4.320030000000000259e-01
-2.952029999999999932e-01
-1.460202999999999918e+00
1.044197000000000042e+00
1.700997000000000092e+00
3.376996999999999804e+00
4.352896999999999572e+00
5.682396999999999920e+00
6.048296999999999812e+00
5.084096999999999866e+00
3.752997000000000138e+00
-4.055502999999999858e+00
-6.108003000000000071e+00
4.288969999999999727e-01
-1.410303000000000084e+00
1.753497000000000083e+00
9.335970000000000102e-01
4.090296999999999628e+00
6.429796999999999763e+00
7.083197000000000187e+00
5.365997000000000128e+00
3.026196999999999804e+00
-3.512703000000000131e+00
-4.998903000000000318e+00
-6.085602999999999874e+00
-6.980802999999999869e+00
