-2.919102000000000086e+00
-3.319402000000000186e+00
-2.797401999999999944e+00
-1.688301999999999969e+00
-1.206401999999999974e+00
-1.908301999999999943e+00
-1.530019999999999991e-01
-1.515101999999999949e+00
-4.343501999999999974e+00
1.186398000000000064e+00
2.244997999999999827e+00
1.952098000000000111e+00
6.248979999999999535e-01
-4.214019999999999988e-01
-2.213102000000000125e+00
-5.763019999999999810e-01
3.261979999999999880e-01
2.202979999999999938e-01
2.972897999999999818e+00
3.334398000000000195e+00
3.575098000000000109e+00
3.898897999999999975e+00
-7.052019999999999955e-01
-2.006801999999999975e+00
-4.697701999999999600e+00
-4.783602000000000132e+00
1.372797999999999963e+00
-1.449702000000000046e+00
-1.419702000000000019e+00
-2.992501999999999995e+00
-2.655801999999999996e+00
2.429979999999999918e-01
-9.631020000000000136e-01
-1.570020000000000027e-01
-1.760199999999999959e-02
1.167497999999999925e+00
-5.887019999999999476e-01
4.165098000000000411e+00
2.502698000000000089e+00
3.672698000000000018e+00
4.989498000000000211e+00
3.527798000000000211e+00
3.521497999999999795e+00
