-4.710993000000000208e+00
-4.976792999999999800e+00
-4.131693000000000282e+00
-2.937793000000000099e+00
-2.536192999999999920e+00
-3.490692999999999824e+00
-1.918093000000000048e+00
-8.670930000000000026e-01
-1.186792999999999987e+00
-3.093929999999999736e-01
-3.258893000000000040e+00
-6.227992999999999668e+00
-5.359300000000000175e-02
8.752069999999999572e-01
1.588707000000000091e+00
2.109806999999999988e+00
1.914206999999999992e+00
1.198506999999999989e+00
6.780070000000000263e-01
1.894706999999999919e+00
2.674606999999999957e+00
2.765207000000000193e+00
3.232107000000000063e+00
3.909006999999999898e+00
4.019407000000000174e+00
3.449107000000000145e+00
2.671806999999999821e+00
2.540699999999999903e-02
-7.902930000000000232e-01
6.486070000000000446e-01
-2.326192999999999955e+00
-3.983992999999999896e+00
-6.478493000000000279e+00
-6.896493000000000428e+00
-2.907930000000000237e-01
4.774070000000000258e-01
2.307907000000000153e+00
1.060807000000000055e+00
9.788069999999999826e-01
3.143206999999999862e+00
4.352907000000000082e+00
4.550006999999999913e+00
3.533007000000000009e+00
3.313807000000000169e+00
