-5.966899999999999871e+00
-5.960399999999999920e+00
-5.206400000000000361e+00
-4.294200000000000017e+00
-4.075300000000000367e+00
-5.035199999999999676e+00
-2.873400000000000176e+00
-5.027999999999999581e+00
-6.817099999999999937e+00
-1.949999999999999956e+00
-7.408000000000000140e-01
-4.203000000000000069e-01
-1.349900000000000100e+00
-2.558399999999999785e+00
-4.930900000000000283e+00
-2.993399999999999839e+00
8.894999999999999574e-01
2.110399999999999832e+00
3.428900000000000059e+00
4.609499999999999709e+00
5.912499999999999645e+00
6.384299999999999642e+00
7.582300000000000040e+00
8.316000000000000725e+00
7.851899999999999658e+00
6.654499999999999638e+00
9.043999999999999817e-01
9.227999999999999536e-01
-4.375399999999999956e+00
-5.727999999999999758e+00
-6.869399999999999729e+00
-7.428099999999999703e+00
-2.166799999999999837e+00
-5.700000000000000205e-02
-1.147799999999999931e+00
-3.259700000000000042e+00
-4.241900000000000226e+00
-5.824200000000000266e+00
-5.241100000000000314e+00
-2.267500000000000071e+00
-3.195399999999999796e+00
-2.515000000000000124e+00
9.583000000000000407e-01
1.973500000000000032e+00
2.190799999999999859e+00
3.602199999999999847e+00
3.358999999999999986e+00
4.442999999999999616e+00
4.685800000000000409e+00
5.820199999999999818e+00
7.942999999999999616e+00
9.249700000000000699e+00
8.422800000000000509e+00
6.302599999999999980e+00
