-4.299661000000000399e+00
-4.126860999999999891e+00
-2.948761000000000188e+00
-1.865561000000000025e+00
-1.927961000000000036e+00
-3.203161000000000147e+00
-7.007609999999999673e-01
4.742390000000000216e-01
4.807390000000000274e-01
-7.284610000000000252e-01
-3.426461000000000201e+00
-5.235160999999999731e+00
1.751338999999999979e+00
1.694938999999999973e+00
2.945238999999999940e+00
2.984138999999999875e+00
1.728339000000000070e+00
2.931439000000000128e+00
4.142539000000000193e+00
4.152439000000000213e+00
-7.404610000000000358e-01
-2.759860999999999898e+00
-4.397060999999999886e+00
-5.143461000000000283e+00
-6.144360999999999962e+00
1.838438999999999934e+00
1.703038999999999970e+00
3.882538999999999962e+00
3.037138999999999811e+00
7.978389999999999649e-01
2.917139000000000149e+00
5.079739000000000004e+00
5.106739000000000139e+00
