-4.045479000000000269e+00
-4.015079000000000065e+00
-2.917279000000000178e+00
-1.786178999999999961e+00
-1.676879000000000008e+00
-2.891179000000000165e+00
-5.277789999999999981e-01
3.973209999999999797e-01
-2.716790000000000038e-01
3.302209999999999868e-01
2.504621000000000208e+00
-3.002479000000000120e+00
-5.215278999999999776e+00
3.886620999999999881e+00
4.688820999999999906e+00
4.118720999999999854e+00
2.744921000000000166e+00
1.950120999999999993e+00
1.773020999999999958e+00
1.963120999999999894e+00
5.157021000000000299e+00
-3.219790000000000152e-01
1.452820999999999918e+00
6.742099999999999482e-02
-1.519790000000000030e-01
-2.211679000000000173e+00
-3.929079000000000210e+00
-5.240579000000000320e+00
-6.069079000000000335e+00
4.361321000000000225e+00
5.757020999999999944e+00
8.845210000000000017e-01
2.236021000000000036e+00
