-2.105764999999999887e+00
-2.045964999999999812e+00
-9.126649999999999485e-01
2.398349999999999926e-01
3.230350000000000166e-01
-9.446649999999999769e-01
1.402234999999999898e+00
2.667434999999999778e+00
2.784934999999999938e+00
1.628034999999999899e+00
-1.114765000000000006e+00
-3.215465000000000018e+00
1.815234999999999932e+00
4.386434999999999640e+00
1.330735000000000001e+00
3.549135000000000151e+00
-4.236650000000000138e-01
-2.071965000000000057e+00
-3.199265000000000025e+00
-4.092864999999999753e+00
