-4.835060000000000358e+00
-5.103360000000000340e+00
-4.302559999999999718e+00
-3.152260000000000062e+00
-2.747360000000000024e+00
-3.659759999999999902e+00
-2.191559999999999953e+00
-1.173659999999999926e+00
-1.450760000000000050e+00
-5.618600000000000261e-01
-3.450559999999999850e+00
-6.306860000000000355e+00
2.741399999999999948e-01
2.259240000000000137e+00
2.824739999999999807e+00
2.162440000000000140e+00
8.386400000000000521e-01
2.557400000000000229e-01
9.313399999999999457e-01
4.090139999999999887e+00
4.250840000000000174e+00
3.089339999999999975e+00
5.408140000000000391e+00
5.368940000000000268e+00
4.222139999999999560e+00
3.071839999999999904e+00
-1.041060000000000096e+00
-1.033959999999999990e+00
1.034640000000000004e+00
-3.282599999999999962e-01
-1.194260000000000099e+00
1.026399999999999951e-01
-2.566460000000000186e+00
-4.163660000000000139e+00
-6.556160000000000210e+00
-6.940959999999999575e+00
2.832640000000000047e+00
2.806400000000000006e-01
6.292440000000000033e+00
6.249039999999999928e+00
4.219640000000000057e+00
2.185740000000000016e+00
-2.072960000000000136e+00
-5.908600000000000518e-01
-5.085600000000000120e-01
1.599539999999999962e+00
1.729540000000000077e+00
3.586400000000000143e-01
