-4.913685000000000080e+00
-5.033585000000000420e+00
-4.025384999999999991e+00
-2.815084999999999837e+00
-2.549885000000000179e+00
-3.684785000000000199e+00
-1.816785000000000094e+00
-5.665850000000000053e-01
-2.896850000000000258e-01
-1.290585000000000093e+00
1.133215000000000083e+00
1.206315000000000026e+00
2.354515000000000136e+00
3.592814999999999870e+00
4.762315000000000076e+00
4.722014999999999851e+00
3.514914999999999790e+00
2.313314999999999788e+00
-3.590285000000000171e+00
-6.271885000000000154e+00
3.502314999999999845e+00
2.320615000000000094e+00
1.135215000000000085e+00
1.132114999999999982e+00
2.163150000000000073e-01
1.467314999999999925e+00
1.769814999999999916e+00
3.087150000000000172e-01
3.674815000000000165e+00
5.705915000000000070e+00
5.648215000000000430e+00
-2.850385000000000169e+00
-4.456985000000000419e+00
-6.400884999999999714e+00
-7.058284999999999698e+00
4.423515000000000086e+00
2.328415000000000123e+00
2.064149999999999874e-01
1.756149999999999933e-01
