-3.738329999999999931e+00
-3.543330000000000091e+00
-2.378130000000000077e+00
-1.367930000000000090e+00
-1.427729999999999944e+00
-2.692330000000000112e+00
-5.893000000000000321e-02
6.277700000000000502e-01
-1.796300000000000119e-01
-2.925829999999999931e+00
-4.636930000000000440e+00
2.447670000000000012e+00
2.231669999999999821e+00
2.542569999999999997e+00
3.069269999999999943e+00
3.284769999999999968e+00
2.974769999999999914e+00
2.098570000000000046e+00
3.322700000000000098e-01
-2.167030000000000012e+00
-3.859030000000000182e+00
-4.541529999999999845e+00
-5.534629999999999939e+00
1.816570000000000018e+00
2.372069999999999901e+00
3.311269999999999936e+00
3.695069999999999855e+00
3.149669999999999970e+00
2.473570000000000046e+00
2.623769999999999936e+00
