-4.706995000000000040e+00
-4.627494999999999692e+00
-3.490594999999999892e+00
-2.355595000000000105e+00
-2.299294999999999867e+00
-3.550295000000000201e+00
-1.221295000000000019e+00
-2.439500000000000002e-02
2.680499999999999897e-02
-1.117594999999999894e+00
1.497305000000000108e+00
-3.665795000000000137e+00
-5.788594999999999935e+00
1.067404999999999937e+00
1.315104999999999968e+00
1.242005000000000026e+00
8.413049999999999695e-01
7.089050000000000074e-01
8.001049999999999551e-01
1.018405000000000005e+00
1.145105000000000040e+00
1.936905000000000099e+00
2.104604999999999837e+00
1.838105000000000100e+00
1.386905000000000054e+00
1.218304999999999971e+00
2.011804999999999843e+00
1.745004999999999917e+00
1.298904999999999976e+00
1.119704999999999950e+00
6.815050000000000274e-01
7.781050000000000466e-01
9.915049999999999697e-01
1.110205000000000108e+00
-2.937895000000000145e+00
-4.604095000000000049e+00
-5.764795000000000336e+00
-6.667094999999999771e+00
2.198304999999999954e+00
1.314205000000000068e+00
1.784804999999999975e+00
1.895005000000000051e+00
7.704050000000000065e-01
5.373050000000000326e-01
1.314605000000000024e+00
2.159205000000000041e+00
2.450404999999999944e+00
8.645049999999999679e-01
2.359805000000000152e+00
1.885704999999999965e+00
1.090305000000000080e+00
7.698049999999999615e-01
5.135049999999999892e-01
6.869049999999999878e-01
1.065404999999999935e+00
1.277605000000000102e+00
