-6.327843999999999802e+00
-6.810243999999999964e+00
-6.223443999999999754e+00
-5.059344000000000285e+00
-4.459144000000000219e+00
-5.161643999999999899e+00
-3.178344000000000058e+00
-1.960244000000000097e+00
-7.228440000000000420e-01
-7.136439999999999451e-01
-1.913443999999999923e+00
-3.135244000000000142e+00
-7.975643999999999956e+00
-4.731343999999999994e+00
7.631559999999999455e-01
-5.249244000000000021e+00
-4.434243999999999630e+00
4.518559999999999799e-01
9.942560000000000286e-01
2.131655999999999995e+00
2.579756000000000160e+00
4.355056000000000260e+00
4.993255999999999695e+00
3.836656000000000066e+00
5.024055999999999855e+00
6.168055999999999983e+00
6.162156000000000411e+00
4.991456000000000337e+00
3.835755999999999943e+00
2.924555999999999933e+00
3.799456000000000166e+00
5.162656000000000134e+00
5.492055999999999827e+00
7.291155999999999970e+00
-1.967543999999999960e+00
-1.911143999999999954e+00
-4.059543999999999819e+00
-8.355344000000000548e+00
-8.441644000000000148e+00
-3.736044000000000143e+00
-5.305843999999999561e+00
-4.731843999999999717e+00
-5.389344000000000356e+00
-6.236944000000000266e+00
-4.290043999999999969e+00
-3.450644000000000045e+00
1.792456000000000049e+00
2.740855999999999959e+00
5.067455999999999960e+00
7.063755999999999702e+00
4.975755999999999624e+00
2.928555999999999937e+00
3.537155999999999967e+00
2.231555999999999873e+00
4.617256000000000249e+00
3.196255999999999986e+00
5.274656000000000233e+00
6.566956000000000238e+00
4.982155999999999807e+00
