-6.576725999999999850e+00
-7.075925999999999938e+00
-6.500026000000000082e+00
-5.341726000000000418e+00
-4.741126000000000396e+00
-5.414926000000000350e+00
-3.510526000000000035e+00
-2.245226000000000166e+00
-1.066025999999999918e+00
-1.168425999999999965e+00
-2.418826000000000143e+00
-3.579225999999999797e+00
-8.256726000000000454e+00
-4.965425999999999895e+00
2.285739999999999994e-01
-5.553626000000000396e+00
-4.717526000000000330e+00
1.605739999999999945e-01
7.123739999999999517e-01
1.875073999999999907e+00
2.115473999999999855e+00
4.007973999999999926e+00
4.469674000000000369e+00
3.454273999999999845e+00
4.352573999999999721e+00
5.574273999999999951e+00
5.907773999999999859e+00
5.022973999999999606e+00
3.800974000000000075e+00
2.687273999999999941e+00
3.295774000000000203e+00
4.327874000000000443e+00
5.161774000000000306e+00
6.534474000000000338e+00
-2.165325999999999862e+00
-2.501526000000000138e+00
-4.544825999999999588e+00
-8.661725999999999814e+00
-8.725326000000000803e+00
-3.965126000000000150e+00
-5.525026000000000437e+00
-5.042425999999999853e+00
-5.716726000000000418e+00
-6.532426000000000066e+00
-4.542626000000000275e+00
-3.748025999999999858e+00
1.333674000000000026e+00
2.040674000000000099e+00
4.095174000000000092e+00
6.857473999999999847e+00
5.285173999999999594e+00
3.116173999999999999e+00
3.489074000000000009e+00
2.053074000000000066e+00
3.992973999999999801e+00
2.506774000000000058e+00
5.627574000000000076e+00
5.946773999999999560e+00
4.430774000000000434e+00
7.102173999999999765e+00
6.002474000000000309e+00
7.233374000000000414e+00
