-5.642954999999999721e+00
-5.464554999999999829e+00
-4.279255000000000031e+00
-3.201154999999999973e+00
-3.233255000000000212e+00
-4.549455000000000027e+00
-2.063654999999999795e+00
-8.901550000000000296e-01
-7.681550000000000322e-01
-1.965354999999999963e+00
6.213450000000000362e-01
1.084745000000000070e+00
2.617344999999999811e+00
2.763644999999999907e+00
3.959645000000000081e+00
5.025445000000000384e+00
4.883944999999999759e+00
3.690244999999999997e+00
-4.842654999999999710e+00
-6.568954999999999878e+00
6.240545000000000009e+00
6.431244999999999656e+00
-1.923654999999999893e+00
-9.454999999999999863e-03
1.346144999999999925e+00
6.968450000000000477e-01
1.947144999999999904e+00
4.019345000000000390e+00
5.709545000000000314e+00
3.621344999999999814e+00
-4.510055000000000369e+00
-4.591954999999999565e+00
-6.467755000000000365e+00
-7.485454999999999970e+00
7.443545000000000300e+00
5.728245000000000253e+00
6.354944999999999844e+00
-9.149549999999999628e-01
-2.353555000000000064e+00
-2.458854999999999791e+00
