-5.775083999999999662e+00
-5.729283999999999821e+00
-4.617384000000000377e+00
-3.470683999999999880e+00
-3.378784000000000010e+00
-4.613684000000000118e+00
-2.288784000000000152e+00
-1.075784000000000074e+00
-1.065083999999999920e+00
-2.201583999999999985e+00
2.425160000000000093e-01
1.009616000000000069e+00
2.265315999999999885e+00
2.892116000000000131e+00
4.175716000000000427e+00
4.870516000000000290e+00
4.266615999999999964e+00
2.979315999999999853e+00
-4.698984000000000272e+00
-6.891583999999999932e+00
6.112516000000000282e+00
6.853515999999999941e+00
-2.302884000000000153e+00
-1.581839999999999913e-01
8.121159999999999490e-01
1.791600000000000137e-02
5.148160000000000514e-01
2.382616000000000067e+00
4.628516000000000297e+00
4.762115999999999794e+00
2.551416000000000128e+00
-4.012984000000000329e+00
-5.625884000000000107e+00
-6.888183999999999862e+00
-7.751984000000000208e+00
7.813215999999999717e+00
7.060215999999999603e+00
6.336115999999999637e+00
