-5.596223000000000170e+00
-6.150723000000000162e+00
-5.926223000000000241e+00
-5.085123000000000282e+00
-4.446222999999999814e+00
-4.741522999999999932e+00
-3.529323000000000210e+00
-2.175923000000000052e+00
-1.284222999999999892e+00
-1.788022999999999918e+00
-3.124322999999999961e+00
-3.988722999999999796e+00
-7.005222999999999978e+00
-4.223823000000000327e+00
-7.812230000000000008e-01
-5.758923000000000236e+00
-4.839323000000000263e+00
7.937700000000000311e-02
3.063770000000000104e-01
1.591677000000000008e+00
1.923777000000000070e+00
4.311477000000000004e+00
3.838877000000000095e+00
2.951576999999999895e+00
4.237477000000000160e+00
5.193376999999999910e+00
4.874277000000000193e+00
3.597077000000000080e+00
2.639076999999999895e+00
2.595676999999999790e+00
3.379376999999999853e+00
2.703377000000000141e+00
4.915477000000000096e+00
4.819976999999999734e+00
4.784176999999999680e+00
-1.816723000000000088e+00
-3.504122999999999877e+00
-5.028522999999999854e+00
-7.438622999999999763e+00
-7.198323000000000249e+00
-3.277223000000000219e+00
-4.498822999999999794e+00
-5.527722999999999942e+00
-5.638622999999999941e+00
-6.808423000000000336e+00
-4.968422999999999590e+00
-3.801423000000000219e+00
1.011176999999999992e+00
2.264777000000000040e+00
4.504677000000000042e+00
6.188476999999999784e+00
5.621177000000000312e+00
3.345676999999999790e+00
1.644976999999999911e+00
3.289076999999999806e+00
2.112477000000000160e+00
3.979976999999999876e+00
2.718376999999999821e+00
5.892276999999999987e+00
5.606677000000000355e+00
4.924477000000000437e+00
3.850877000000000105e+00
5.604176999999999964e+00
3.839576999999999796e+00
4.810677000000000092e+00
