-5.259871000000000407e+00
-5.065271000000000079e+00
-3.875271000000000132e+00
-2.807671000000000028e+00
-2.872071000000000041e+00
-4.166070999999999636e+00
-1.619671000000000083e+00
-4.875709999999999766e-01
-5.527710000000000123e-01
-1.753970999999999947e+00
1.207629000000000064e+00
-4.405370999999999704e+00
-6.158171000000000284e+00
7.686290000000000067e-01
1.765628999999999893e+00
2.373829000000000189e+00
1.377229000000000037e+00
8.164289999999999603e-01
2.026290000000000036e-01
2.082329000000000097e+00
3.259929000000000077e+00
2.931229000000000084e+00
1.651329000000000047e+00
4.797290000000000165e-01
6.416290000000000049e-01
8.114289999999999559e-01
2.053129000000000204e+00
-3.671571000000000140e+00
-5.363171000000000355e+00
-6.045771000000000228e+00
-7.076870999999999690e+00
-3.667100000000000221e-02
9.692290000000000072e-01
2.532929000000000208e+00
2.706128999999999785e+00
3.263628999999999891e+00
5.539290000000000047e-01
1.863329000000000013e+00
5.872900000000000342e-02
1.616328999999999905e+00
-1.399710000000000121e-01
-6.835710000000000397e-01
2.338128999999999902e+00
1.926328999999999958e+00
3.545329000000000175e+00
4.132628999999999664e+00
3.765528999999999904e+00
2.817429000000000183e+00
1.810529000000000055e+00
1.409629000000000021e+00
2.586289999999999978e-01
-4.184709999999999819e-01
1.442328999999999972e+00
3.385290000000000243e-01
1.627129000000000048e+00
1.060729000000000033e+00
