-3.803148000000000195e+00
-3.759447000000000205e+00
-2.665948000000000206e+00
-1.520448000000000022e+00
-1.463348000000000093e+00
-2.664248000000000172e+00
-2.288479999999999959e-01
5.817520000000000469e-01
1.765851999999999977e+00
2.150952000000000197e+00
1.362252000000000018e+00
1.762519999999999920e-01
-4.904347999999999708e+00
-2.785648000000000124e+00
3.611651999999999862e+00
-2.735480000000000134e-01
-5.205480000000000107e-01
5.350519999999999721e-01
2.563520000000000243e-01
1.241753000000000107e+00
2.520551999999999904e+00
2.810153000000000123e+00
1.815152000000000099e+00
3.562752999999999837e+00
3.320152000000000214e+00
4.643752000000000102e+00
2.964519999999999933e-01
2.378553000000000139e+00
1.660352999999999968e+00
-4.305479999999999863e-01
-4.896747999999999656e+00
-5.748047999999999824e+00
-3.698847000000000218e+00
-1.994347000000000092e+00
5.184520000000000239e-01
1.635199999999999848e-02
-7.397479999999999611e-01
9.926519999999999788e-01
3.799151999999999862e+00
2.081453000000000220e+00
