-4.965373999999999732e+00
-5.005274000000000001e+00
-3.947773999999999894e+00
-2.774173999999999918e+00
-2.577074000000000087e+00
-3.774874000000000063e+00
-1.779374000000000011e+00
-5.306739999999999791e-01
-1.875739999999999907e-01
-1.227973999999999899e+00
1.258826000000000001e+00
1.428925999999999918e+00
2.482425999999999799e+00
3.767326000000000175e+00
4.826526000000000316e+00
4.622726000000000113e+00
3.358426000000000133e+00
2.270925999999999778e+00
-3.839573999999999820e+00
-6.208774000000000015e+00
-9.329739999999999700e-01
3.166026000000000007e+00
1.913726000000000038e+00
8.360260000000000469e-01
1.013225999999999960e+00
1.257625999999999911e+00
2.189260000000000095e-01
1.900425999999999949e+00
1.584726000000000079e+00
3.963426000000000116e+00
5.814426000000000094e+00
5.466026000000000273e+00
-3.359373999999999860e+00
-3.584274000000000182e+00
-6.273474000000000217e+00
-7.032174000000000369e+00
-1.243973999999999913e+00
-1.435974000000000084e+00
1.291259999999999908e-01
3.997526000000000135e+00
1.781925999999999899e+00
-1.453740000000000032e-01
1.480259999999999909e-01
1.260826000000000002e+00
2.999260000000000259e-01
2.058025999999999911e+00
