-5.445128000000000412e+00
-5.644228000000000023e+00
-4.682628000000000235e+00
-3.419027999999999956e+00
-3.103127999999999886e+00
-4.187427999999999706e+00
-1.741427999999999976e+00
-8.279279999999999973e-01
4.751719999999999833e-01
9.301719999999999988e-01
-1.802799999999999889e-02
-1.319028000000000089e+00
-6.911328000000000138e+00
-4.054628000000000121e+00
2.165671999999999819e+00
-2.270728000000000080e+00
-2.389428000000000107e+00
3.329671999999999965e+00
4.445771999999999835e+00
5.373172000000000281e+00
6.392371999999999943e+00
6.490471999999999575e+00
5.567572000000000187e+00
4.547571999999999726e+00
1.319471999999999978e+00
1.996771999999999991e+00
1.290572000000000052e+00
-1.123227999999999893e+00
2.491720000000000046e-01
-1.999827999999999939e+00
-7.090328000000000408e+00
-7.663827999999999641e+00
-4.902128000000000263e+00
-3.197427999999999937e+00
2.296971999999999792e+00
-1.539128000000000052e+00
-3.230128000000000110e+00
-1.947427999999999937e+00
-1.412028000000000061e+00
-2.687727999999999895e+00
3.091471999999999998e+00
3.679272000000000098e+00
5.303772000000000375e+00
7.109271999999999814e+00
7.284971999999999781e+00
5.639972000000000207e+00
3.827971999999999930e+00
