-4.965893999999999586e+00
-4.821393999999999735e+00
-3.652293999999999929e+00
-2.548093999999999859e+00
-2.577593999999999941e+00
-3.850093999999999905e+00
-1.391194000000000042e+00
-2.248940000000000106e-01
-1.433939999999999937e-01
-1.351693999999999951e+00
1.180506000000000055e+00
1.706105999999999900e+00
3.274106000000000183e+00
3.293606000000000034e+00
4.482806000000000068e+00
5.663806000000000118e+00
5.657805999999999891e+00
4.470606000000000080e+00
-4.046293999999999613e+00
-5.951793999999999585e+00
4.550506000000000384e+00
4.490605999999999653e+00
6.740059999999999940e-01
-1.348794000000000048e+00
1.937205999999999984e+00
1.107205999999999912e+00
2.381705999999999879e+00
6.592406000000000432e+00
6.585805999999999827e+00
-3.419993999999999978e+00
-5.017894000000000077e+00
-5.882293999999999912e+00
-6.855194000000000010e+00
