-4.785994999999999777e+00
-4.780095000000000205e+00
-3.696794999999999831e+00
-2.574495000000000200e+00
-2.455995000000000150e+00
-3.664194999999999869e+00
-1.334494999999999987e+00
-4.129950000000000010e-01
-1.082794999999999952e+00
-3.702094999999999914e+00
-5.975494999999999557e+00
1.223205000000000098e+00
1.029504999999999892e+00
1.070005000000000095e+00
1.822805000000000009e+00
2.755805000000000060e+00
2.932904999999999873e+00
2.167104999999999837e+00
-4.738950000000000107e-01
4.929049999999999820e-01
3.880704999999999849e+00
4.088104999999999656e+00
1.552904999999999980e+00
2.245404999999999873e+00
-5.662395000000000067e+00
-1.134195000000000064e+00
-6.043294999999999639e+00
-6.841194999999999915e+00
1.583304999999999962e+00
1.456204999999999972e+00
1.177904999999999980e+00
3.503049999999999775e-01
3.363105000000000011e+00
2.290404999999999802e+00
-1.266694999999999904e+00
1.600499999999999839e-02
6.640049999999999564e-01
4.857705000000000162e+00
4.455305000000000071e+00
3.177004999999999857e+00
1.895504999999999995e+00
3.324005000000000098e+00
2.015004999999999935e+00
