-4.856849000000000416e+00
-4.826348999999999556e+00
-3.714049000000000156e+00
-2.552348999999999979e+00
-2.443048999999999804e+00
-3.675848999999999922e+00
-1.369849000000000094e+00
-1.466490000000000016e-01
-1.113490000000000035e-01
-1.251249000000000056e+00
-3.757149000000000072e+00
-6.005748999999999782e+00
1.131151000000000018e+00
1.473251000000000088e+00
5.645510000000000250e-01
9.711509999999999865e-01
2.285750999999999866e+00
3.220651000000000153e+00
2.805251000000000161e+00
2.985099999999999906e-02
1.575100000000000111e-02
4.541451000000000349e+00
5.209651000000000032e+00
2.639451000000000214e+00
2.465551000000000048e+00
-1.388049000000000088e+00
7.654509999999999925e-01
-2.951248999999999789e+00
-4.671848999999999918e+00
-6.014448999999999934e+00
-6.867048999999999737e+00
1.908651000000000098e+00
-4.712489999999999735e-01
3.541351000000000138e+00
-7.452490000000000503e-01
-2.548489999999999922e-01
9.807510000000000394e-01
6.263651000000000302e+00
5.161050999999999611e+00
4.814950999999999759e+00
2.753651000000000071e+00
3.112750999999999824e+00
1.418751000000000095e+00
