-3.213055999999999912e+00
-3.176756000000000135e+00
-2.085555999999999965e+00
-9.314559999999999507e-01
-8.556559999999999722e-01
-2.060356000000000076e+00
3.839440000000000075e-01
1.342144000000000004e+00
2.531543999999999794e+00
2.742144000000000137e+00
1.797444000000000042e+00
6.273440000000000127e-01
-4.339156000000000013e+00
-2.166755999999999904e+00
4.162944000000000422e+00
3.534439999999999804e-01
2.501439999999999775e-01
3.435643999999999920e+00
4.407344000000000150e+00
5.291444000000000258e+00
1.163343999999999934e+00
1.961343999999999976e+00
-1.052560000000000023e-01
-4.317056000000000004e+00
-5.169856000000000229e+00
-1.392355999999999927e+00
-3.102755999999999847e+00
1.200544000000000056e+00
5.010440000000000449e-01
-5.538560000000000150e-01
1.333439999999999903e-01
1.184744000000000019e+00
