-6.770247000000000348e+00
-6.428946999999999967e+00
-5.178847000000000200e+00
-4.203947000000000322e+00
-4.410646999999999984e+00
-5.781447000000000003e+00
-2.989146999999999998e+00
-1.908447000000000005e+00
-1.957546999999999926e+00
-3.238547000000000065e+00
-6.702470000000000372e-01
4.040529999999999955e-01
1.681653000000000064e+00
2.193953000000000042e+00
3.467052999999999940e+00
4.260952999999999768e+00
3.733753000000000100e+00
2.463153000000000148e+00
-6.241846999999999923e+00
-7.425847000000000087e+00
4.468552999999999997e+00
4.395152999999999643e+00
5.531253000000000419e+00
6.467653000000000318e+00
-3.378047000000000022e+00
3.918053000000000008e+00
3.973853000000000080e+00
2.763530000000000153e-01
9.819529999999999648e-01
-9.557470000000000132e-01
-8.293469999999999454e-01
-3.747469999999999968e-01
1.599952999999999959e+00
2.084452999999999889e+00
-5.956347000000000058e+00
-6.081846999999999781e+00
-7.198947000000000429e+00
-8.388946999999999932e+00
4.929153000000000340e+00
3.356653000000000109e+00
4.881452999999999598e+00
7.462552999999999770e+00
6.253953000000000095e+00
6.479453000000000351e+00
-3.749646999999999952e+00
-4.041446999999999790e+00
-2.437546999999999908e+00
4.064153000000000127e+00
4.853852999999999973e+00
3.060953000000000035e+00
-7.827469999999999706e-01
6.562529999999999752e-01
8.065529999999999644e-01
2.063353000000000215e+00
6.109529999999999683e-01
