-6.731988999999999557e+00
-6.745789000000000257e+00
-5.673389000000000237e+00
-4.504189000000000220e+00
-4.350888999999999562e+00
-5.549788999999999639e+00
-3.361388999999999960e+00
-2.127088999999999785e+00
-2.054988999999999955e+00
-3.151689000000000185e+00
-7.217890000000000139e-01
9.841099999999999848e-02
1.385710999999999915e+00
2.063010999999999928e+00
3.376110999999999862e+00
4.061410999999999660e+00
3.390111000000000097e+00
2.074911000000000172e+00
-5.571388999999999925e+00
-7.929988999999999955e+00
3.997310999999999837e+00
3.890410999999999841e+00
3.950610999999999873e+00
4.529911000000000243e+00
5.367211000000000176e+00
6.239010999999999640e+00
-3.423688999999999982e+00
-1.240488999999999953e+00
-2.114890000000000103e-01
-9.097889999999999588e-01
-3.714890000000000136e-01
1.567411000000000110e+00
1.594710999999999990e+00
-4.880988999999999578e+00
-6.475989000000000217e+00
-7.971188999999999858e+00
-8.761488999999999194e+00
4.363011000000000195e+00
4.416711000000000276e+00
2.841610999999999887e+00
4.463710999999999984e+00
3.998511000000000148e+00
5.589110999999999940e+00
7.268210999999999977e+00
6.080710999999999977e+00
6.113110999999999962e+00
