-2.729232999999999798e+00
-3.363732999999999862e+00
-2.852132999999999807e+00
-1.613933000000000062e+00
-8.727329999999999810e-01
-1.493732999999999977e+00
4.993670000000000053e-01
5.858670000000000266e-01
-2.302329999999999932e-01
-1.488329999999999931e-01
8.027670000000000083e-01
1.647467000000000015e+00
1.521667000000000103e+00
-8.706329999999999902e-01
-4.615232999999999919e+00
2.641666999999999987e+00
3.885266999999999804e+00
9.139669999999999739e-01
-1.053033000000000108e+00
-2.286633000000000138e+00
6.525670000000000082e-01
8.923670000000000213e-01
1.311466999999999938e+00
1.311466999999999938e+00
-3.192133000000000109e+00
4.889066999999999830e+00
-1.222533000000000092e+00
8.712670000000000137e-01
1.192566999999999933e+00
-9.572330000000000005e-01
2.181667000000000023e+00
-2.353299999999999836e-02
-6.643329999999999513e-01
-5.122932999999999737e+00
-5.040932999999999886e+00
3.765467000000000120e+00
4.248667000000000193e+00
-2.107232999999999912e+00
-2.772632999999999903e+00
3.568669999999999898e-01
7.827669999999999906e-01
1.578467000000000064e+00
1.535266999999999937e+00
-4.155433000000000376e+00
-3.367532999999999888e+00
-2.725333000000000006e+00
5.861467000000000205e+00
5.015166999999999931e+00
4.537266999999999939e+00
