-2.784680999999999962e+00
-2.681280999999999803e+00
-1.534081000000000028e+00
-4.088809999999999945e-01
-3.799810000000000132e-01
-1.653281000000000001e+00
7.819190000000000307e-01
2.007518999999999831e+00
2.057218999999999909e+00
8.784189999999999499e-01
-1.833480999999999916e+00
-3.821781000000000095e+00
8.417189999999999950e-01
2.082718999999999987e+00
1.774618999999999946e+00
7.639190000000000147e-01
2.922318999999999889e+00
3.029919000000000029e+00
-1.145780999999999938e+00
-2.784680999999999962e+00
-3.774481000000000197e+00
-4.708281000000000382e+00
2.728518999999999917e+00
2.583619000000000110e+00
2.692419000000000118e+00
1.112319000000000058e+00
1.253519000000000050e+00
