-4.985121999999999609e+00
-5.057421999999999862e+00
-4.014122000000000412e+00
-2.817721999999999838e+00
-2.601821999999999857e+00
-3.769121999999999861e+00
-1.782721999999999918e+00
-5.470220000000000082e-01
-3.202220000000000066e-01
-1.355822000000000083e+00
1.068977999999999984e+00
2.008777999999999953e+00
3.439477999999999813e+00
3.858077999999999896e+00
4.979677999999999827e+00
5.696477999999999930e+00
5.297077999999999953e+00
4.175977999999999746e+00
-3.725321999999999800e+00
-6.282422000000000395e+00
2.665779999999999816e-01
1.597577999999999943e+00
9.962779999999999969e-01
3.312877999999999989e+00
5.292877999999999972e+00
6.569778000000000340e+00
5.862078000000000344e+00
3.901177999999999813e+00
-2.981822000000000195e+00
-4.612421999999999578e+00
-6.376021999999999856e+00
-7.094622000000000206e+00
