-4.535210000000000186e+00
-4.742210000000000036e+00
-3.812910000000000021e+00
-2.591610000000000191e+00
-2.245210000000000150e+00
-3.298309999999999853e+00
-1.588310000000000111e+00
-3.095100000000000073e-01
-2.511000000000000038e-02
-9.982100000000000417e-01
-3.137910000000000199e+00
-5.982510000000000439e+00
1.239090000000000025e+00
1.611289999999999889e+00
9.045900000000000052e-01
1.234490000000000087e+00
2.294490000000000141e+00
3.005290000000000017e+00
2.663990000000000080e+00
3.285489999999999799e+00
4.120390000000000441e+00
4.546899999999999831e-01
7.508899999999999464e-01
2.311389999999999834e+00
-1.788310000000000066e+00
4.370899999999999785e-01
-2.202710000000000168e+00
-3.919709999999999805e+00
-6.173809999999999576e+00
-6.707410000000000316e+00
8.129000000000000115e-02
2.594689999999999941e+00
3.821889999999999787e+00
4.397689999999999877e+00
3.591489999999999849e+00
5.040589999999999904e+00
2.349000000000000046e-02
1.748790000000000067e+00
6.450900000000000523e-01
2.642790000000000195e+00
3.186890000000000001e+00
1.971090000000000009e+00
