-4.419177999999999606e+00
-4.194078000000000195e+00
-2.996678000000000175e+00
-1.954077999999999982e+00
-2.035178000000000154e+00
-3.362178000000000111e+00
-8.015780000000000127e-01
3.339219999999999966e-01
4.052220000000000266e-01
-7.996779999999999999e-01
1.757921999999999985e+00
-3.703577999999999815e+00
-5.260877999999999943e+00
-7.923780000000000268e-01
1.786921999999999899e+00
1.735921999999999965e+00
2.089522000000000101e+00
2.399922000000000111e+00
2.515222000000000069e+00
1.392022000000000093e+00
1.401721999999999912e+00
1.749522000000000022e+00
2.096222000000000030e+00
1.707921999999999940e+00
2.055321999999999871e+00
1.226121999999999934e+00
2.543222000000000094e+00
2.016522000000000148e+00
-3.411977999999999955e+00
-3.448377999999999943e+00
-5.123677999999999955e+00
-6.185978000000000421e+00
2.092219999999999913e-01
-1.344378000000000073e+00
-1.213078000000000101e+00
1.566621999999999959e+00
3.330022000000000038e+00
3.570122000000000018e+00
2.117522000000000126e+00
1.116821999999999981e+00
1.130422000000000038e+00
2.368522000000000016e+00
1.975422000000000011e+00
3.090322000000000013e+00
1.358721999999999985e+00
