-4.525254999999999583e+00
-4.491654999999999731e+00
-3.483054999999999790e+00
-2.427754999999999885e+00
-2.310855000000000103e+00
-3.461955000000000116e+00
-1.408555000000000001e+00
-2.505550000000000277e-01
-9.365500000000000214e-02
-1.093855000000000022e+00
-3.630755000000000177e+00
-5.559755000000000003e+00
-7.658549999999999525e-01
-2.146550000000000125e-01
1.163545000000000051e+00
2.286245000000000083e+00
3.576144999999999907e+00
3.748944999999999972e+00
2.641245000000000065e+00
1.347844999999999960e+00
2.183450000000000113e-01
3.222450000000000037e-01
4.568545000000000300e+00
5.896944999999999659e+00
-1.513954999999999940e+00
5.289449999999999985e-01
8.294449999999999878e-01
-3.694655000000000022e+00
-2.981955000000000133e+00
-5.561454999999999593e+00
-6.346354999999999968e+00
-3.855499999999999899e-02
-1.644055000000000044e+00
-1.509550000000000058e-01
-9.104550000000000143e-01
2.151044999999999874e+00
4.731844999999999857e+00
2.828345000000000109e+00
-6.896550000000000180e-01
7.486450000000000049e-01
8.988450000000000051e-01
6.562344999999999651e+00
6.216745000000000410e+00
5.983945000000000292e+00
