-7.578387000000000207e+00
-6.871087000000000167e+00
-5.568887000000000143e+00
-4.930686999999999820e+00
-5.556587000000000387e+00
-6.920886999999999567e+00
-3.618987000000000176e+00
-2.941187000000000218e+00
-3.546286999999999967e+00
-4.876387000000000249e+00
-2.749587000000000003e+00
-2.343786999999999843e+00
-1.031287000000000065e+00
-7.160870000000000291e-01
6.073129999999999917e-01
1.667613000000000012e+00
1.386012999999999940e+00
5.631300000000000194e-02
-7.681287000000000198e+00
-7.526386999999999716e+00
3.057212999999999958e+00
3.269312999999999914e+00
4.057513000000000147e+00
5.475712999999999830e+00
6.266413000000000011e+00
7.458212999999999759e+00
5.513613000000000319e+00
6.042313000000000045e+00
7.316412999999999833e+00
7.724512999999999963e+00
7.763912999999999620e+00
8.076012999999999664e+00
-3.419586999999999932e+00
-1.879987000000000075e+00
-1.903086999999999973e+00
-3.364287000000000027e+00
-1.498586999999999891e+00
7.953130000000000477e-01
2.178212999999999955e+00
-1.029869999999999952e-01
-7.392387000000000263e+00
-8.675786999999999694e+00
-7.026487000000000371e+00
-8.516787000000000774e+00
3.837813000000000141e+00
5.532612999999999559e+00
6.124712999999999852e+00
6.235312999999999661e+00
5.298013000000000083e+00
7.153412999999999577e+00
8.153413000000000466e+00
8.327213000000000420e+00
-3.158586999999999811e+00
-3.630586999999999787e+00
-4.347487000000000101e+00
