-4.982591000000000214e+00
-5.007291000000000381e+00
-3.943591000000000069e+00
-2.776691000000000020e+00
-2.612290999999999919e+00
-3.796891000000000016e+00
-1.720291000000000015e+00
-5.142910000000000537e-01
-3.407910000000000106e-01
-1.396891000000000105e+00
1.029608999999999996e+00
1.739508999999999972e+00
3.045908999999999978e+00
3.612108999999999792e+00
4.942308999999999841e+00
5.731508999999999965e+00
5.199409000000000169e+00
3.867008999999999919e+00
-3.800691000000000042e+00
-6.202290999999999777e+00
7.368008999999999808e+00
3.213090000000000113e-01
1.591509000000000063e+00
9.094090000000000229e-01
1.166009000000000073e+00
3.014409000000000116e+00
5.346909000000000134e+00
5.808508999999999922e+00
3.490308999999999884e+00
-3.098790999999999851e+00
-4.699690999999999619e+00
-6.260391000000000261e+00
-7.030291000000000068e+00
