-6.197239999999999860e+00
-6.486040000000000028e+00
-5.611740000000000173e+00
-4.372340000000000337e+00
-3.923840000000000217e+00
-4.940339999999999954e+00
-3.572639999999999816e+00
-2.280640000000000001e+00
-1.700339999999999963e+00
-2.535639999999999894e+00
-2.391399999999999915e-01
6.582599999999999563e-01
1.955759999999999943e+00
3.099159999999999915e+00
4.387360000000000149e+00
4.555060000000000109e+00
3.437860000000000138e+00
2.157960000000000100e+00
-4.743039999999999701e+00
-7.758639999999999759e+00
-1.986539999999999973e+00
5.388060000000000294e+00
6.726560000000000095e+00
3.455360000000000209e+00
4.735759999999999970e+00
5.006599999999999939e-01
-1.696539999999999937e+00
-1.630399999999999905e-01
9.705999999999999350e-02
3.007159999999999833e+00
5.547559999999999825e+00
1.305160000000000098e+00
-4.089439999999999742e+00
-4.532540000000000013e+00
-8.016740000000000421e+00
-8.442439999999999500e+00
-2.034940000000000193e+00
-2.536739999999999995e+00
-9.416400000000000325e-01
7.390760000000000218e+00
6.990459999999999674e+00
6.877259999999999707e+00
4.575759999999999827e+00
5.294459999999999944e+00
5.301459999999999617e+00
1.127860000000000085e+00
7.573600000000000332e-01
-5.279399999999999649e-01
