-5.987752000000000407e+00
-5.942751999999999590e+00
-4.834252000000000216e+00
-3.690252000000000088e+00
-3.598252000000000006e+00
-4.829551999999999623e+00
-2.511652000000000218e+00
-1.301752000000000020e+00
-1.290952000000000099e+00
-2.424252000000000073e+00
1.574800000000000158e-02
7.915480000000000294e-01
2.050047999999999870e+00
2.629248000000000030e+00
3.901247999999999827e+00
4.628548000000000329e+00
4.086947999999999581e+00
2.810848000000000013e+00
-4.913152000000000186e+00
-7.102152000000000243e+00
2.244848000000000177e+00
3.006247999999999809e+00
4.308148000000000089e+00
5.601148000000000238e+00
-2.525851999999999986e+00
-3.865520000000000067e-01
5.719480000000000119e-01
-2.233519999999999950e-01
3.067480000000000206e-01
2.071648000000000156e+00
5.620948000000000278e+00
4.698847999999999914e+00
-4.235152000000000250e+00
-5.838251999999999775e+00
-7.099852000000000274e+00
-7.959851999999999705e+00
2.403248000000000051e+00
3.213248000000000104e+00
3.928247999999999962e+00
5.773647999999999669e+00
6.382247999999999699e+00
5.650248000000000381e+00
