-5.964032999999999696e+00
-5.838033000000000250e+00
-4.724933000000000050e+00
-3.666132999999999864e+00
-3.647832999999999881e+00
-4.890933000000000419e+00
-2.602132999999999807e+00
-1.455033000000000021e+00
-1.293133000000000088e+00
-2.409032999999999980e+00
6.216700000000000004e-02
7.874670000000000281e-01
2.070167000000000090e+00
2.583366999999999969e+00
3.865867000000000164e+00
4.681267000000000067e+00
4.199666999999999817e+00
2.905367000000000033e+00
-5.126133000000000273e+00
-6.920333000000000290e+00
-2.304933000000000121e+00
2.394566999999999890e+00
3.188766999999999907e+00
5.911866999999999983e+00
6.795467000000000368e+00
-6.311330000000000551e-01
6.231670000000000265e-01
-7.293299999999999783e-02
2.959669999999999801e-01
1.977967000000000031e+00
4.220467000000000191e+00
4.834266999999999648e+00
-5.068133000000000443e+00
-4.586833000000000382e+00
-6.856932999999999723e+00
-7.783832999999999558e+00
-2.992633000000000099e+00
-2.513332999999999817e+00
-1.311233000000000093e+00
2.608566999999999858e+00
3.402566999999999897e+00
4.108467000000000091e+00
7.724267000000000216e+00
7.040667000000000009e+00
6.377266999999999797e+00
