-5.107499999999999929e+00
-5.119500000000000384e+00
-4.050200000000000244e+00
-2.896100000000000119e+00
-2.735700000000000021e+00
-3.938699999999999868e+00
-1.429499999999999993e+00
-5.341000000000000192e-01
-1.324400000000000022e+00
-7.923000000000000043e-01
-4.037200000000000344e+00
-6.333899999999999864e+00
6.357000000000000428e-01
1.313900000000000068e+00
7.308000000000000052e-01
1.473200000000000065e+00
2.841400000000000148e+00
3.441800000000000193e+00
2.680299999999999905e+00
5.083199999999999719e+00
6.199999999999999956e-01
3.597700000000000120e+00
4.823599999999999888e+00
5.235500000000000043e+00
4.236100000000000421e+00
3.245600000000000041e+00
5.427999999999999492e-01
-1.326899999999999968e+00
-1.042300000000000004e+00
-3.260499999999999954e+00
-4.963400000000000034e+00
-6.390799999999999592e+00
-7.169500000000000206e+00
1.091499999999999915e+00
-3.217999999999999750e-01
3.165700000000000180e+00
5.292500000000000426e+00
6.156399999999999650e+00
4.236699999999999910e+00
2.329899999999999860e+00
