-5.575927000000000078e+00
-6.129726999999999926e+00
-5.468827000000000105e+00
-4.157127000000000017e+00
-3.455026999999999848e+00
-4.261827000000000254e+00
-3.429527000000000214e+00
-2.067527000000000115e+00
-1.437327000000000021e+00
-2.120026999999999884e+00
5.017300000000000232e-02
8.663729999999999487e-01
1.851072999999999968e+00
2.237372999999999834e+00
3.227472999999999814e+00
3.868072999999999873e+00
3.508672999999999931e+00
2.514372999999999969e+00
-3.714227000000000167e+00
-7.456227000000000160e+00
4.186772999999999634e+00
3.804673000000000194e+00
4.810172999999999810e+00
6.081773000000000096e+00
6.351729999999999876e-01
-3.928427000000000113e+00
-1.520426999999999973e+00
4.371729999999999783e-01
1.135729999999999934e-01
1.750872999999999902e+00
3.485173000000000076e+00
2.263672999999999824e+00
-2.898127000000000120e+00
-4.354027000000000314e+00
-7.905326999999999771e+00
-7.988127000000000422e+00
4.410772999999999833e+00
4.012972999999999679e+00
2.753073000000000103e+00
6.816773000000000415e+00
6.062373000000000012e+00
6.395773000000000152e+00
-1.782699999999999910e-02
1.642730000000000024e-01
1.576972999999999958e+00
