-5.220889999999999809e+00
-5.443990000000000329e+00
-4.591389999999999638e+00
-3.421889999999999876e+00
-3.090090000000000003e+00
-4.049990000000000201e+00
-1.826089999999999991e+00
-6.606899999999999995e-01
5.609100000000000197e-01
5.976099999999999746e-01
-5.522899999999999476e-01
-1.754690000000000083e+00
-6.619989999999999597e+00
-3.893190000000000150e+00
2.058110000000000106e+00
-2.998590000000000089e+00
-2.473689999999999944e+00
1.702609999999999957e+00
2.173309999999999853e+00
3.285509999999999931e+00
3.912609999999999921e+00
3.955509999999999859e+00
4.853609999999999758e+00
5.462410000000000210e+00
4.728810000000000180e+00
5.275610000000000355e+00
-6.939899999999999958e-01
-5.231900000000000439e-01
-2.641490000000000116e+00
-6.813990000000000435e+00
-7.287589999999999790e+00
-2.962889999999999802e+00
-4.646390000000000242e+00
-2.260990000000000055e+00
-3.926890000000000214e+00
-3.194490000000000052e+00
-1.534690000000000110e+00
-2.252289999999999903e+00
3.117910000000000181e+00
4.536109999999999864e+00
4.544810000000000016e+00
3.201109999999999900e+00
4.279609999999999914e+00
5.650310000000000166e+00
6.009310000000000151e+00
5.556409999999999627e+00
4.101309999999999789e+00
5.772809999999999775e+00
