-7.800417999999999630e+00
-7.122317999999999927e+00
-5.796718000000000259e+00
-5.103017999999999610e+00
-5.692018000000000022e+00
-7.084018000000000370e+00
-3.770017999999999869e+00
-3.035617999999999927e+00
-3.604017999999999944e+00
-4.953517999999999866e+00
-2.741017999999999954e+00
-2.217518000000000100e+00
-9.250180000000000069e-01
-5.664179999999999771e-01
7.416819999999999524e-01
1.731881999999999922e+00
1.405782000000000087e+00
9.898200000000000054e-02
-7.824918000000000262e+00
-7.834717999999999627e+00
3.096281999999999979e+00
3.243381999999999987e+00
4.146682000000000201e+00
5.544182000000000166e+00
6.384082000000000257e+00
7.572282000000000401e+00
5.680982000000000198e+00
6.114181999999999562e+00
7.359282000000000323e+00
7.774382000000000126e+00
7.929882000000000097e+00
8.015382000000000673e+00
-3.158717999999999915e+00
-2.240179999999999949e-01
-1.809617999999999949e+00
-1.957918000000000047e+00
-1.923618000000000050e+00
-3.341218000000000021e+00
9.926819999999999533e-01
2.146481999999999779e+00
-7.433118000000000336e+00
-8.834417999999999438e+00
-7.356518000000000335e+00
-8.843218000000000245e+00
3.993482000000000198e+00
5.547381999999999813e+00
6.318982000000000099e+00
6.344482000000000177e+00
5.357581999999999844e+00
7.155181999999999931e+00
8.209682000000000812e+00
8.293682000000000443e+00
-2.672617999999999938e+00
-3.597917999999999950e+00
-3.974718000000000195e+00
