-3.178535999999999806e+00
-3.135936000000000057e+00
-2.042435999999999918e+00
-9.209359999999999769e-01
-8.536359999999999504e-01
-2.045736000000000221e+00
4.380640000000000089e-01
6.853639999999999732e-01
-2.240360000000000129e-01
1.216399999999999947e-02
1.141364000000000045e+00
2.089663999999999966e+00
1.853663999999999978e+00
-2.140136000000000038e+00
-4.282335999999999920e+00
3.214964000000000155e+00
4.195864000000000260e+00
-9.332359999999999545e-01
-5.805360000000000520e-01
3.148963999999999874e+00
1.340964000000000045e+00
7.746640000000000192e-01
-4.403599999999999876e-02
1.262963999999999976e+00
4.999640000000000195e-01
-1.136835999999999958e+00
-1.589636000000000049e+00
-1.929135999999999962e+00
-4.278836000000000084e+00
-5.127536000000000094e+00
5.131864000000000203e+00
3.902464000000000155e+00
4.378064000000000178e+00
-1.369736000000000065e+00
-5.212360000000000326e-01
3.624640000000000084e-01
9.474639999999999729e-01
1.260064000000000073e+00
-3.065359999999999752e-01
