-4.615662000000000376e+00
-4.219362000000000279e+00
-2.979962000000000000e+00
-2.075661999999999896e+00
-2.358061999999999880e+00
-3.686761999999999873e+00
-7.723619999999999930e-01
2.011380000000000112e-01
-1.529619999999999869e-01
-1.422562000000000104e+00
8.696380000000000221e-01
1.292437999999999976e+00
2.534238000000000213e+00
2.930638000000000076e+00
4.187337999999999560e+00
5.106738000000000000e+00
4.739037999999999862e+00
3.477838000000000207e+00
-4.150862000000000052e+00
-5.136362000000000094e+00
5.795037999999999911e+00
6.662738000000000049e+00
4.530038000000000231e+00
3.089379999999999904e-01
-4.984620000000000162e-01
1.214537999999999895e+00
1.700538000000000105e+00
4.130380000000000162e-01
2.261137999999999870e+00
3.258538000000000157e+00
-3.480761999999999912e+00
-5.111062000000000438e+00
-4.862061999999999884e+00
-6.081161999999999956e+00
6.423800000000000343e-02
6.876379999999999715e-01
-6.313619999999999788e-01
