-5.728416000000000174e+00
-5.779516000000000098e+00
-4.747615999999999836e+00
-3.601116000000000206e+00
-3.407815999999999956e+00
-4.553916000000000075e+00
-2.419315999999999800e+00
-1.468015999999999988e+00
-2.012016000000000027e+00
-1.281516000000000099e+00
-4.580315999999999832e+00
-7.000315999999999761e+00
-3.501599999999999852e-02
8.364840000000000053e-01
6.672839999999999883e-01
1.600484000000000018e+00
2.736483999999999916e+00
2.920084000000000124e+00
1.982784000000000102e+00
3.669484000000000190e+00
4.153284000000000198e+00
4.603684000000000331e+00
5.122883999999999993e+00
5.205784000000000411e+00
4.777084000000000330e+00
4.257284000000000290e+00
-4.616160000000000263e-01
-1.941616000000000009e+00
-1.081415999999999933e+00
-3.759116000000000124e+00
-5.464815999999999896e+00
-7.091315999999999953e+00
-7.807015999999999956e+00
9.138400000000000689e-02
-2.000159999999999993e-01
1.423483999999999972e+00
3.792584000000000177e+00
2.158284000000000091e+00
4.562184000000000239e+00
5.468384000000000356e+00
5.611883999999999872e+00
4.850583999999999563e+00
3.929984000000000144e+00
