-2.094450000000000145e+00
-2.055750000000000188e+00
-9.369499999999999496e-01
2.301499999999999935e-01
3.112500000000000266e-01
-9.227499999999999591e-01
1.412549999999999972e+00
2.667450000000000099e+00
2.745550000000000157e+00
1.580349999999999921e+00
-1.019849999999999923e+00
-3.240050000000000097e+00
4.431750000000000078e+00
1.364149999999999974e+00
3.565549999999999997e+00
1.645950000000000024e+00
-3.650499999999999856e-01
-1.968650000000000011e+00
-3.244650000000000034e+00
-4.106550000000000367e+00
