-3.581449000000000105e+00
-3.604649000000000214e+00
-2.578049000000000035e+00
-1.466649000000000092e+00
-1.302948999999999913e+00
-2.442048999999999914e+00
-2.978489999999999749e-01
6.165509999999999602e-01
6.245099999999999957e-02
7.677509999999999613e-01
-2.491849000000000203e+00
-4.788848999999999911e+00
1.336851000000000012e+00
2.114650999999999836e+00
1.496650999999999954e+00
2.194951000000000096e+00
3.464250999999999969e+00
4.060251000000000055e+00
3.390350999999999893e+00
1.618451000000000084e+00
3.604510000000000214e-01
-3.376489999999999769e-01
2.220509999999999984e-01
1.606050999999999895e+00
1.634751000000000065e+00
1.091509999999999980e-01
-1.685548999999999964e+00
-3.363748999999999878e+00
-4.856849000000000416e+00
-5.588949000000000389e+00
4.006950999999999929e+00
5.048451000000000022e+00
3.875551000000000190e+00
2.150050999999999934e+00
-7.124900000000000677e-02
-1.319549000000000083e+00
-3.587489999999999846e-01
