-3.515724000000000071e+00
-3.858023999999999898e+00
-3.148623999999999867e+00
-2.006524000000000196e+00
-1.557523999999999909e+00
-2.370423999999999864e+00
-3.230239999999999778e-01
9.208760000000000279e-01
2.111175999999999942e+00
2.043676000000000048e+00
8.154759999999999787e-01
-3.591239999999999988e-01
-5.008624000000000187e+00
-2.088623999999999814e+00
3.469575999999999993e+00
-1.867024000000000017e+00
-1.223524000000000056e+00
3.344676000000000204e+00
3.451675999999999966e+00
4.623575999999999908e+00
5.671575999999999951e+00
9.740760000000000529e-01
7.624760000000000426e-01
-1.308024000000000076e+00
-5.291024000000000171e+00
-5.571323999999999721e+00
-1.118724000000000052e+00
-2.739024000000000125e+00
-1.242923999999999918e+00
-2.855723999999999929e+00
-1.981324000000000085e+00
-2.293240000000000001e-01
-1.095823999999999909e+00
4.749276000000000053e+00
6.487575999999999787e+00
6.039976000000000234e+00
5.294375999999999749e+00
