-2.464875999999999845e+00
-2.384075999999999862e+00
-1.277576000000000045e+00
-1.781760000000000010e-01
-1.246759999999999952e-01
-1.339676000000000089e+00
9.213240000000000318e-01
2.059623999999999899e+00
2.122624000000000066e+00
1.025023999999999935e+00
3.398623999999999867e+00
-1.472976000000000063e+00
-3.511375999999999831e+00
2.932024000000000186e+00
3.256924000000000152e+00
3.740324000000000204e+00
4.173023999999999845e+00
-6.484760000000000524e-01
-2.371275999999999939e+00
-3.487976000000000187e+00
-4.368375999999999593e+00
