-2.078279999999999905e+00
-2.022980000000000000e+00
-8.930799999999999850e-01
2.639199999999999879e-01
3.462200000000000277e-01
-9.144799999999999596e-01
1.430520000000000014e+00
2.695120000000000182e+00
2.803620000000000001e+00
1.646919999999999940e+00
-1.070279999999999898e+00
-3.195980000000000043e+00
1.901119999999999921e+00
1.359920000000000018e+00
3.587120000000000086e+00
3.789919999999999956e+00
-3.702799999999999980e-01
-2.023379999999999956e+00
-3.184680000000000177e+00
-4.070979999999999599e+00
