-4.817829999999999835e+00
-4.705029999999999824e+00
-3.551229999999999887e+00
-2.436929999999999819e+00
-2.400030000000000108e+00
-3.687629999999999963e+00
-1.335129999999999928e+00
-1.304299999999999904e-01
5.786999999999999783e-02
-1.100530000000000008e+00
1.471370000000000067e+00
1.748969999999999914e+00
2.938070000000000181e+00
3.073570000000000135e+00
4.254570000000000185e+00
5.338169999999999860e+00
5.213370000000000282e+00
4.025970000000000049e+00
-3.911529999999999951e+00
-5.846829999999999750e+00
6.494369999999999976e+00
6.805670000000000108e+00
-9.784300000000000219e-01
4.300069999999999837e+00
7.173699999999999521e-01
2.181169999999999831e+00
1.608170000000000099e+00
1.012369999999999992e+00
2.242669999999999941e+00
3.968669999999999920e+00
-3.546229999999999993e+00
-3.641630000000000145e+00
-5.795729999999999826e+00
-6.741030000000000300e+00
5.186999999999999944e-02
-1.382430000000000048e+00
-1.495730000000000004e+00
