-2.145855000000000068e+00
-2.058854999999999880e+00
-9.122550000000000381e-01
2.283449999999999924e-01
2.825449999999999906e-01
-9.979550000000000365e-01
1.407445000000000057e+00
2.661045000000000105e+00
2.746445000000000025e+00
1.576445000000000096e+00
-1.185254999999999947e+00
-3.214154999999999873e+00
1.847045000000000048e+00
1.355944999999999956e+00
3.563344999999999985e+00
3.727745000000000086e+00
-7.885550000000000059e-01
-8.143550000000000511e-01
-3.177655000000000118e+00
-4.101454999999999629e+00
