-6.015826999999999813e+00
-6.355227000000000182e+00
-5.500126999999999988e+00
-4.199926999999999744e+00
-3.739726999999999801e+00
-4.720627000000000351e+00
-2.333226999999999940e+00
-1.395626999999999951e+00
-5.182699999999999807e-02
4.215729999999999755e-01
-5.497269999999999657e-01
-1.890327000000000091e+00
-7.660427000000000319e+00
-4.437927000000000177e+00
1.688372999999999902e+00
-3.913126999999999800e+00
-3.251427000000000067e+00
2.861473000000000155e+00
3.969072999999999851e+00
4.072273000000000032e+00
5.080873000000000417e+00
6.001972999999999558e+00
5.887273000000000422e+00
4.879273000000000415e+00
8.195729999999999960e-01
8.500729999999999675e-01
1.460072999999999954e+00
7.092672999999999561e+00
7.646473000000000297e+00
7.475172999999999845e+00
-1.703227000000000046e+00
-2.700270000000000170e-01
-2.587026999999999965e+00
-7.945326999999999806e+00
-8.334227000000000274e+00
-3.536427000000000209e+00
-5.219927000000000206e+00
1.844173000000000062e+00
-3.162926999999999822e+00
-4.667926999999999715e+00
-4.399526999999999965e+00
-2.488827000000000123e+00
-2.746827000000000130e+00
3.209572999999999787e+00
2.637672999999999934e+00
3.358572999999999809e+00
5.111873000000000111e+00
6.584373000000000253e+00
4.807572999999999652e+00
8.217973000000000638e+00
7.099372999999999934e+00
