-6.917131999999999614e+00
-6.772032000000000274e+00
-5.677031999999999634e+00
-4.660032000000000174e+00
-4.665231999999999601e+00
-5.885131999999999586e+00
-3.613732000000000166e+00
-2.515531999999999879e+00
-2.384031999999999929e+00
-3.471131999999999884e+00
-1.092332000000000081e+00
-6.136732000000000298e+00
-7.813431999999999711e+00
-3.385332000000000008e+00
-2.235320000000000085e-01
1.079167999999999905e+00
1.773568000000000033e+00
3.111968000000000067e+00
3.795268000000000086e+00
3.113668000000000102e+00
1.780467999999999940e+00
5.145567999999999920e+00
5.850468000000000224e+00
7.125067999999999735e+00
7.225068000000000268e+00
6.006967999999999641e+00
1.095167999999999919e+00
1.845968000000000053e+00
3.683867999999999920e+00
4.150667999999999580e+00
-1.707132000000000094e+00
-6.016319999999999446e-01
-1.316032000000000091e+00
-6.132431999999999661e+00
-5.570731999999999573e+00
-7.730631999999999948e+00
-8.661732000000000653e+00
-4.110132000000000119e+00
-3.553532000000000135e+00
-2.405431999999999793e+00
-6.336319999999999730e-01
1.266968000000000094e+00
3.609767999999999866e+00
5.389867999999999881e+00
7.892768000000000228e+00
8.089767999999999404e+00
5.709667999999999743e+00
1.168468000000000062e+00
2.221168000000000031e+00
2.657868000000000119e+00
4.699168000000000234e+00
3.311767999999999823e+00
4.835268000000000121e+00
