-4.988335000000000186e+00
-5.030535000000000423e+00
-3.964935000000000098e+00
-2.773134999999999906e+00
-2.588935000000000208e+00
-3.779034999999999922e+00
-1.637834999999999930e+00
-3.816350000000000020e-01
-2.794349999999999890e-01
-1.367134999999999989e+00
1.076564999999999994e+00
1.817565000000000097e+00
3.104064999999999852e+00
3.696165000000000145e+00
5.007765000000000022e+00
5.767364999999999853e+00
5.189264999999999795e+00
3.875364999999999949e+00
-3.786035000000000039e+00
-6.239634999999999820e+00
6.044265000000000221e+00
7.392665000000000042e+00
5.625664999999999694e+00
-1.723934999999999995e+00
4.981650000000000245e-01
1.631164999999999976e+00
9.247649999999999482e-01
1.284364999999999979e+00
3.125764999999999905e+00
3.463565000000000005e+00
-2.941135000000000055e+00
-4.670634999999999870e+00
-6.304534999999999556e+00
-7.067635000000000112e+00
