-7.564919999999999867e+00
-7.071620000000000239e+00
-5.833820000000000228e+00
-5.037519999999999776e+00
-5.432820000000000427e+00
-6.741119999999999557e+00
-3.799020000000000064e+00
-2.969520000000000159e+00
-3.348920000000000119e+00
-4.597419999999999618e+00
-2.395319999999999894e+00
-2.117319999999999869e+00
-8.246200000000000196e-01
-5.671199999999999575e-01
7.392800000000000482e-01
1.831879999999999953e+00
1.603180000000000049e+00
2.915800000000000058e-01
-7.300119999999999720e+00
-7.892920000000000158e+00
3.203479999999999883e+00
3.427880000000000038e+00
4.165379999999999860e+00
5.570479999999999876e+00
6.454880000000000173e+00
7.674879999999999924e+00
5.747379999999999711e+00
5.730179999999999829e+00
7.014579999999999593e+00
7.066279999999999895e+00
7.516079999999999650e+00
6.519580000000000375e+00
-3.251619999999999955e+00
-1.977619999999999933e+00
-1.490620000000000056e+00
-2.828819999999999890e+00
-1.379219999999999891e+00
8.896800000000000264e-01
2.425780000000000047e+00
1.615800000000000014e-01
-6.672220000000000262e+00
-8.242620000000000502e+00
-7.557620000000000005e+00
-8.844020000000000437e+00
3.934880000000000155e+00
5.861979999999999968e+00
6.416380000000000194e+00
4.879879999999999995e+00
5.702980000000000160e+00
7.905979999999999563e+00
7.090180000000000149e+00
6.590980000000000061e+00
-3.051820000000000199e+00
-3.471519999999999939e+00
-4.155420000000000336e+00
