-5.149081999999999937e+00
-4.678781999999999996e+00
-3.393282000000000131e+00
-2.520982000000000056e+00
-2.879881999999999831e+00
-4.249482000000000426e+00
-1.234181999999999890e+00
-2.893819999999999726e-01
-6.488819999999999588e-01
-1.955781999999999909e+00
1.035217999999999972e+00
-4.778182000000000151e+00
-5.574282000000000181e+00
2.013917999999999875e+00
3.371179999999999732e-01
1.004218000000000055e+00
2.376117999999999952e+00
3.078317999999999888e+00
2.407417999999999836e+00
1.508418000000000037e+00
2.349617999999999984e+00
3.715917999999999832e+00
4.236518000000000228e+00
3.393117999999999856e+00
4.807517999999999958e+00
3.142818000000000112e+00
4.775517999999999930e+00
1.635118000000000071e+00
3.379179999999999962e-01
1.136017999999999972e+00
-4.188081999999999638e+00
-5.776982000000000284e+00
-5.253481999999999985e+00
-6.558182000000000400e+00
-7.349820000000000242e-01
4.421180000000000110e-01
2.964017999999999819e+00
4.494179999999999842e-01
5.298917999999999573e+00
3.823618000000000183e+00
1.071517999999999970e+00
-1.920820000000000027e-01
1.115418000000000021e+00
1.600117999999999929e+00
