-5.606317999999999913e+00
-6.027817999999999898e+00
-5.284817999999999572e+00
-4.036818000000000239e+00
-3.467518000000000100e+00
-4.336617999999999640e+00
-3.310817999999999817e+00
-2.029117999999999977e+00
-1.451217999999999897e+00
-2.175517999999999841e+00
-1.551800000000000054e-02
8.710820000000000229e-01
1.982782000000000044e+00
2.731482000000000188e+00
3.853581999999999841e+00
4.244781999999999833e+00
3.520081999999999933e+00
2.395281999999999911e+00
-3.946117999999999792e+00
-7.306417999999999857e+00
4.473682000000000158e+00
5.621182000000000123e+00
1.618182000000000009e+00
1.994782000000000055e+00
1.095782000000000034e+00
-1.475718000000000085e+00
-4.671800000000000258e-02
3.748819999999999930e-01
2.457682000000000144e+00
5.108982000000000134e+00
3.863681999999999839e+00
-2.958018000000000036e+00
-4.608118000000000158e+00
-7.661518000000000050e+00
-7.896717999999999904e+00
5.992181999999999675e+00
6.419781999999999655e+00
5.360082000000000235e+00
1.273581999999999992e+00
1.948482000000000047e+00
2.985381999999999980e+00
1.586381999999999959e+00
1.719381999999999966e+00
1.482819999999999971e-01
