-4.986349999999999838e+00
-5.088549999999999685e+00
-4.123649999999999594e+00
-2.971950000000000092e+00
-2.712650000000000006e+00
-3.827049999999999841e+00
-2.001349999999999962e+00
-7.559500000000000108e-01
-4.619500000000000273e-01
-1.408649999999999958e+00
-3.853050000000000086e+00
-6.255049999999999777e+00
-9.372500000000000275e-01
-4.100500000000000256e-01
8.780499999999999972e-01
2.094949999999999868e+00
3.279650000000000176e+00
3.231349999999999945e+00
2.029049999999999798e+00
8.564500000000000446e-01
4.514649999999999608e+00
4.585749999999999993e+00
2.111250000000000071e+00
8.881499999999999950e-01
4.399750000000000050e+00
4.606049999999999756e+00
-2.216650000000000009e+00
-1.905000000000000096e-02
5.240500000000000158e-01
-3.813550000000000217e+00
-3.195749999999999869e+00
-6.357949999999999768e+00
-7.005950000000000344e+00
-1.520499999999999907e-01
-1.735749999999999904e+00
-2.298499999999999988e-01
-1.167149999999999910e+00
2.083650000000000002e+00
-9.775000000000000355e-02
5.628350000000000186e+00
3.983350000000000168e+00
4.292950000000000266e+00
1.126549999999999940e+00
4.139499999999999846e-01
2.110499999999999876e-01
5.517750000000000377e+00
3.778249999999999886e+00
4.749950000000000117e+00
