-5.388376000000000055e+00
-5.528675999999999924e+00
-4.533375999999999628e+00
-3.315075999999999912e+00
-3.028675999999999924e+00
-4.151576000000000377e+00
-2.329975999999999825e+00
-1.071876000000000051e+00
-7.739759999999999973e-01
-1.761276000000000064e+00
6.570240000000000524e-01
7.537239999999999496e-01
1.909324000000000021e+00
1.850224000000000091e+00
2.995324000000000098e+00
4.236223999999999990e+00
4.312724000000000224e+00
3.158723999999999865e+00
-4.035776000000000252e+00
-6.775275999999999854e+00
5.429523999999999795e+00
5.427923999999999971e+00
6.524123999999999590e+00
-3.000760000000000094e-01
9.949240000000000306e-01
1.283223999999999920e+00
-1.312760000000000038e-01
8.982240000000000224e-01
2.903223999999999805e+00
5.259324000000000332e+00
3.268423999999999996e+00
-3.287475999999999843e+00
-4.894476000000000049e+00
-6.919275999999999982e+00
-7.551776000000000266e+00
7.352724000000000260e+00
6.563323999999999714e+00
