-5.892606999999999928e+00
-5.810706999999999844e+00
-4.742606999999999573e+00
-3.676607000000000181e+00
-3.647507000000000055e+00
-4.824207000000000356e+00
-2.615807000000000215e+00
-1.488707000000000003e+00
-1.356006999999999962e+00
-2.461606999999999879e+00
-6.980699999999999406e-02
7.782930000000000126e-01
2.050793000000000088e+00
2.710192999999999852e+00
4.000293000000000099e+00
4.661692999999999643e+00
4.038393000000000121e+00
2.744593000000000060e+00
-4.944007000000000041e+00
-6.898507000000000389e+00
4.489593000000000167e+00
5.816692999999999891e+00
2.100893000000000121e+00
2.788393000000000121e+00
-6.640070000000000139e-01
-2.404806999999999917e+00
4.283930000000000238e-01
-3.063069999999999959e-01
3.753929999999999767e-01
2.203593000000000135e+00
5.663092999999999932e+00
4.601092999999999655e+00
-4.518906999999999563e+00
-5.847207000000000043e+00
-6.871507000000000254e+00
-7.723806999999999867e+00
6.060793000000000319e+00
6.539292999999999800e+00
5.884693000000000396e+00
2.127492999999999856e+00
3.001292999999999989e+00
3.700292999999999832e+00
