-5.548079000000000427e+00
-5.460979000000000028e+00
-4.336878999999999706e+00
-3.226779000000000064e+00
-3.163978999999999875e+00
-4.422178999999999860e+00
-2.156378999999999824e+00
-9.598790000000000378e-01
-7.486789999999999834e-01
-1.871078999999999937e+00
6.562210000000000543e-01
1.513320999999999916e+00
2.984720999999999957e+00
3.835920999999999914e+00
4.989321000000000339e+00
5.317720999999999698e+00
4.463921000000000028e+00
3.311021000000000214e+00
-4.619779000000000302e+00
-6.598479000000000205e+00
6.538020999999999638e+00
-1.724479000000000095e+00
-1.372790000000000121e-01
6.450209999999999555e-01
1.226920999999999928e+00
3.621720999999999968e+00
5.633021000000000278e+00
4.690521000000000384e+00
2.669121000000000077e+00
-4.157278999999999947e+00
-4.441079000000000221e+00
-6.566178999999999988e+00
-7.469778999999999947e+00
6.284120999999999846e+00
7.323420999999999736e+00
6.950620999999999938e+00
-2.032579000000000136e+00
-2.313879000000000019e+00
-6.989790000000000170e-01
