-4.654505000000000337e+00
-4.800205000000000055e+00
-3.889905000000000168e+00
-2.740804999999999936e+00
-2.489504999999999857e+00
-3.506304999999999783e+00
-1.254804999999999948e+00
-8.580500000000000627e-02
1.107995000000000063e+00
1.109494999999999898e+00
-4.480499999999999761e-02
-1.217305000000000081e+00
-5.954005000000000436e+00
-3.433405000000000040e+00
2.529894999999999783e+00
-2.018205000000000027e+00
-1.773505000000000109e+00
2.256994999999999862e+00
2.714195000000000135e+00
3.832994999999999930e+00
4.452395000000000103e+00
4.602095000000000269e+00
5.560094999999999565e+00
-9.520499999999999796e-02
-4.300500000000000156e-02
-2.108505000000000074e+00
-6.091504999999999725e+00
-6.664805000000000312e+00
-4.220805000000000362e+00
-2.529205000000000148e+00
-1.322505000000000042e+00
-3.037704999999999878e+00
-1.878104999999999913e+00
-7.353049999999999864e-01
-1.894805000000000073e+00
5.233195000000000263e+00
4.883994999999999642e+00
3.699895000000000156e+00
3.917095000000000216e+00
5.160895000000000010e+00
6.110994999999999955e+00
6.286995000000000111e+00
5.025294999999999845e+00
