-5.326102999999999810e+00
-5.395102999999999760e+00
-4.379203000000000401e+00
-3.226802999999999866e+00
-3.018102999999999980e+00
-4.141903000000000112e+00
-2.007302999999999837e+00
-1.095302999999999916e+00
-1.696503000000000094e+00
-4.105402999999999913e+00
-6.615002999999999744e+00
3.292970000000000064e-01
9.252970000000000361e-01
2.283697000000000088e+00
3.053596999999999895e+00
2.486896999999999913e+00
1.128697000000000061e+00
3.330397000000000052e+00
2.779996999999999829e+00
4.388397000000000325e+00
4.553897000000000084e+00
2.822096999999999856e+00
3.424796999999999869e+00
-1.819703000000000070e+00
-3.237102999999999842e+00
-4.947503000000000206e+00
-6.717902999999999736e+00
-7.407903000000000127e+00
3.541969999999999841e-01
6.553970000000000073e-01
3.581697000000000131e+00
1.990996999999999906e+00
2.417597000000000218e+00
5.625397000000000425e+00
4.063297000000000381e+00
4.177997000000000405e+00
3.819897000000000098e+00
4.258296999999999777e+00
2.684997000000000078e+00
