-5.466897999999999591e+00
-5.635098000000000162e+00
-4.776798000000000322e+00
-3.662598000000000020e+00
-3.388997999999999955e+00
-4.347997999999999585e+00
-2.182598000000000038e+00
-9.488980000000000192e-01
2.217020000000000102e-01
1.360020000000000118e-01
-1.083998000000000017e+00
-2.233497999999999983e+00
-6.757197999999999816e+00
-4.246698000000000306e+00
1.529201999999999950e+00
-3.198798000000000030e+00
-2.707898000000000138e+00
1.441102000000000105e+00
1.855701999999999963e+00
3.041501999999999928e+00
3.563801999999999914e+00
3.698102000000000000e+00
4.530502000000000251e+00
5.182502000000000386e+00
5.088601999999999848e+00
2.929802000000000017e+00
3.219802000000000053e+00
-8.857979999999999743e-01
-1.150398000000000032e+00
-3.175597999999999921e+00
-6.908998000000000417e+00
-7.429198000000000413e+00
-3.326198000000000210e+00
-4.991997999999999713e+00
-2.459297999999999984e+00
-4.141697999999999880e+00
-3.355897999999999826e+00
-1.753997999999999946e+00
-2.522797999999999874e+00
4.329401999999999973e+00
2.938902000000000125e+00
3.902702000000000115e+00
5.299102000000000423e+00
5.690001999999999782e+00
5.461502000000000301e+00
5.632401999999999909e+00
5.359501999999999988e+00
3.343901999999999930e+00
3.113401999999999781e+00
1.845002000000000031e+00
3.558101999999999876e+00
2.138002000000000180e+00
3.689601999999999826e+00
