-4.762627000000000166e+00
-4.580127000000000059e+00
-3.398127000000000120e+00
-2.319326999999999916e+00
-2.391827000000000147e+00
-3.675326999999999789e+00
-1.147526999999999964e+00
2.547299999999999912e-02
2.427299999999999944e-02
-1.192326999999999915e+00
-3.903627000000000180e+00
-5.681727000000000416e+00
1.298173000000000021e+00
1.252372999999999958e+00
2.494473000000000162e+00
2.518772999999999929e+00
1.298872999999999944e+00
2.504773000000000138e+00
3.708673000000000108e+00
3.704473000000000127e+00
2.364573000000000036e+00
3.566373000000000015e+00
-1.208226999999999940e+00
-3.344826999999999995e+00
-4.879227000000000203e+00
-5.582427000000000028e+00
-6.593526999999999916e+00
1.416172999999999904e+00
1.231673000000000018e+00
3.426673000000000080e+00
2.540973000000000148e+00
3.669729999999999936e-01
4.669972999999999708e+00
4.654672999999999838e+00
3.283973000000000031e+00
4.151873000000000147e+00
4.156572999999999851e+00
