-6.383173000000000208e+00
-6.042272999999999783e+00
-4.805172999999999917e+00
-3.846073000000000075e+00
-4.057472999999999885e+00
-5.409373000000000431e+00
-2.642272999999999872e+00
-1.572173000000000043e+00
-1.622972999999999999e+00
-2.906572999999999851e+00
-3.304730000000000167e-01
7.173270000000000479e-01
2.048526999999999987e+00
2.957826999999999984e+00
4.326126999999999612e+00
4.810627000000000209e+00
3.929427000000000003e+00
2.563327000000000133e+00
-5.865772999999999904e+00
-7.024372999999999756e+00
-3.074573000000000000e+00
5.074427000000000021e+00
6.477527000000000257e+00
4.268727000000000160e+00
5.646827000000000041e+00
-6.230729999999999880e-01
-4.477300000000000030e-02
-4.530730000000000035e-01
4.081270000000000175e-01
2.597427000000000152e+00
5.867126999999999981e+00
1.906427000000000094e+00
-5.886173000000000322e+00
-5.427172999999999803e+00
-6.797172999999999909e+00
-7.976272999999999946e+00
-3.906873000000000040e+00
-3.227972999999999981e+00
-2.218672999999999895e+00
6.921726999999999741e+00
6.939326999999999579e+00
6.681526999999999994e+00
5.744627000000000372e+00
5.996826999999999686e+00
6.260126999999999775e+00
