-3.706593999999999944e+00
-4.174894000000000105e+00
-3.406093999999999955e+00
-2.102993999999999808e+00
-1.521694000000000102e+00
-2.384993999999999836e+00
-1.127294000000000018e+00
8.730599999999999472e-02
-1.380939999999999945e-01
1.050505999999999940e+00
-2.006594000000000211e+00
-5.498493999999999993e+00
2.195505999999999958e+00
1.325406000000000084e+00
3.548906000000000116e+00
4.465105999999999575e+00
4.030205999999999733e+00
2.687606000000000162e+00
1.772105999999999959e+00
5.157606000000000357e+00
-4.360193999999999903e+00
-1.282993999999999968e+00
-5.910493999999999915e+00
-6.133594000000000435e+00
1.897405999999999926e+00
1.958906000000000036e+00
1.091205999999999898e+00
3.903906000000000098e+00
5.512406000000000361e+00
2.343005999999999922e+00
7.279060000000000530e-01
