-5.482319999999999638e+00
-5.237820000000000142e+00
-4.036620000000000097e+00
-3.045619999999999994e+00
-3.154420000000000002e+00
-4.460519999999999818e+00
-1.735919999999999908e+00
-1.001619999999999955e+00
-1.814119999999999955e+00
-1.370120000000000005e+00
5.454799999999999649e-01
-4.793219999999999814e+00
-6.321019999999999861e+00
1.765379999999999949e+00
2.455779999999999852e+00
1.937580000000000080e+00
7.363800000000000345e-01
5.358000000000000262e-02
-7.442000000000000004e-02
2.706379999999999786e+00
3.918979999999999908e+00
1.992480000000000029e+00
2.606079999999999952e+00
1.688579999999999970e+00
1.941680000000000073e+00
4.975800000000000223e-01
2.868980000000000086e+00
3.883980000000000210e+00
4.240380000000000038e+00
5.339579999999999771e+00
3.200680000000000192e+00
7.288000000000000034e-02
-1.354819999999999913e+00
-2.116919999999999913e+00
-4.116319999999999979e+00
-5.773819999999999730e+00
-6.189919999999999867e+00
-7.249520000000000408e+00
2.198280000000000012e+00
3.396980000000000111e+00
3.166800000000000170e-01
-8.757200000000000539e-01
2.775799999999999934e-01
9.860799999999999566e-01
3.539179999999999993e+00
4.479999999999999608e-03
1.926979999999999915e+00
3.244479999999999809e+00
4.808279999999999887e+00
3.513580000000000148e+00
3.539779999999999927e+00
