-5.951149000000000022e+00
-5.920249000000000095e+00
-4.813149000000000122e+00
-3.661849000000000132e+00
-3.538949000000000122e+00
-4.783148999999999873e+00
-2.612549000000000010e+00
-1.377548999999999912e+00
-1.105148999999999937e+00
-2.207648999999999972e+00
3.323510000000000075e-01
5.654510000000000369e-01
1.762450999999999990e+00
1.841150999999999982e+00
3.022250999999999799e+00
4.161750999999999756e+00
4.106950999999999574e+00
2.912351000000000134e+00
-4.921349000000000196e+00
-7.100548999999999999e+00
-1.993948999999999971e+00
5.365451000000000192e+00
5.447650999999999577e+00
5.270251000000000019e+00
5.257850999999999608e+00
-5.776489999999999680e-01
1.004350999999999994e+00
5.584510000000000307e-01
-2.142489999999999950e-01
9.682509999999999728e-01
3.008450999999999986e+00
2.868450999999999862e+00
-4.487649000000000221e+00
-4.663249000000000422e+00
-7.111849000000000309e+00
-7.960748999999999853e+00
-9.477489999999999526e-01
-2.329248999999999903e+00
-2.523248999999999853e+00
6.465050999999999881e+00
4.759650999999999854e+00
5.271150999999999698e+00
6.254750999999999728e+00
5.055850999999999651e+00
4.542550999999999561e+00
