-2.384964000000000084e+00
-2.262064000000000075e+00
-1.112263999999999919e+00
-4.264000000000000429e-03
-3.276400000000000146e-02
-1.272863999999999995e+00
1.258536000000000099e+00
2.535136000000000056e+00
2.399236000000000146e+00
1.210636000000000045e+00
2.462536000000000058e+00
1.291036000000000072e+00
1.782360000000000055e-01
-9.123639999999999528e-01
-9.041639999999999677e-01
2.195360000000000089e-01
1.310936000000000101e+00
-1.455964000000000036e+00
-3.382163999999999948e+00
1.543360000000000010e-01
1.216035999999999895e+00
-1.932263999999999982e+00
-3.105863999999999958e+00
1.163535999999999904e+00
1.342735999999999930e+00
3.356835999999999931e+00
2.819436000000000053e+00
3.299236000000000057e+00
1.514636000000000093e+00
9.983360000000000012e-01
3.371335999999999888e+00
2.626736000000000182e+00
1.458359999999999934e-01
-1.750164000000000053e+00
2.193935999999999886e+00
-7.322640000000000260e-01
-2.405164000000000080e+00
-3.314163999999999888e+00
-4.267064000000000412e+00
9.790360000000000174e-01
1.298635999999999902e+00
2.161935999999999858e+00
-3.558764000000000038e+00
-3.830264000000000113e+00
-2.888564000000000132e+00
