-7.928176999999999808e+00
-8.096477000000000146e+00
-7.116277000000000186e+00
-5.865676999999999808e+00
-5.583477000000000245e+00
-6.683076999999999934e+00
-4.233076999999999757e+00
-3.361177000000000081e+00
-2.070676999999999879e+00
-1.600276999999999950e+00
-2.489177000000000195e+00
-3.778477000000000086e+00
-9.350877000000000550e+00
-6.580976999999999855e+00
-3.210770000000000013e-01
-5.219776999999999667e+00
-4.770876999999999590e+00
2.284229999999999872e-01
1.646322999999999981e+00
2.705322999999999922e+00
4.012122999999999884e+00
4.261022999999999783e+00
3.221223000000000170e+00
1.916023000000000032e+00
-1.218477000000000032e+00
-5.456769999999999676e-01
-1.219676999999999900e+00
5.642422999999999966e+00
6.208122999999999614e+00
6.228023000000000309e+00
7.619823000000000235e+00
5.535623000000000182e+00
6.296223000000000347e+00
7.754723000000000255e+00
8.423422999999999661e+00
-3.685677000000000092e+00
-2.205477000000000132e+00
-4.426276999999999795e+00
-9.505276999999999532e+00
-1.011717699999999986e+01
-5.730776999999999788e+00
-7.438277000000000250e+00
2.125229999999999897e-01
-4.372876999999999903e+00
-5.995377000000000400e+00
-5.617477000000000054e+00
-3.970676999999999790e+00
-4.353076999999999863e+00
-3.811769999999999881e-01
2.380230000000000123e-01
2.511423000000000183e+00
4.826222999999999708e+00
3.420622999999999969e+00
1.106522999999999923e+00
7.615522999999999598e+00
8.085423000000000471e+00
4.506522999999999612e+00
5.486023000000000316e+00
6.261623000000000161e+00
5.813023000000000273e+00
8.301123000000000474e+00
7.800722999999999629e+00
9.439923000000000286e+00
8.508922999999999348e+00
