-5.532987999999999573e+00
-5.427787999999999613e+00
-4.289488000000000412e+00
-3.176088000000000022e+00
-3.164388000000000201e+00
-4.408687999999999718e+00
-1.978887999999999980e+00
-7.816880000000000495e-01
-7.426880000000000148e-01
-1.946687999999999974e+00
4.565119999999999734e-01
2.094412000000000162e+00
3.081812000000000218e+00
4.420312000000000019e+00
4.751712000000000380e+00
3.784711999999999854e+00
2.468411999999999829e+00
-4.579787999999999748e+00
-6.560088000000000363e+00
6.368120000000000447e-01
5.415212000000000359e+00
5.113912000000000013e+00
3.812612000000000112e+00
2.811512000000000011e+00
-1.963187999999999933e+00
1.272119999999999918e-01
-1.968388000000000027e+00
1.288612000000000091e+00
5.777012000000000036e+00
4.058512000000000342e+00
1.724512000000000045e+00
-3.862788000000000110e+00
-5.530088000000000115e+00
-6.513688000000000144e+00
-7.439487999999999879e+00
3.086119999999999974e-01
1.561199999999999914e-02
6.444011999999999851e+00
5.896912000000000376e+00
3.570711999999999886e+00
1.807212000000000041e+00
