-2.737779000000000185e+00
-2.737079000000000040e+00
-1.637478999999999907e+00
-4.487789999999999835e-01
-3.497790000000000066e-01
-1.550378999999999952e+00
7.570210000000000550e-01
2.103521000000000196e+00
2.145920999999999967e+00
9.734209999999999807e-01
2.477720999999999840e+00
-1.605579000000000089e+00
-3.935779000000000138e+00
1.506620999999999988e+00
9.767209999999999503e-01
-2.225789999999999991e-01
-8.463789999999999925e-01
3.325210000000000110e-01
6.932209999999999761e-01
7.063209999999999766e-01
2.886620999999999881e+00
2.357921000000000156e+00
3.036220999999999837e+00
1.203221000000000096e+00
9.092209999999999459e-01
3.379821000000000186e+00
2.794721000000000011e+00
-8.788789999999999658e-01
-2.536779000000000117e+00
-3.963678999999999952e+00
-4.787479000000000262e+00
2.105720999999999954e+00
-8.723790000000000155e-01
5.402099999999999957e-02
-1.497479000000000005e+00
-1.457678999999999947e+00
5.329209999999999781e-01
1.325209999999999999e-01
