-6.316912000000000305e+00
-6.814612000000000336e+00
-6.225711999999999691e+00
-5.050512000000000334e+00
-4.451012000000000413e+00
-5.142511999999999972e+00
-3.180012000000000061e+00
-1.957511999999999919e+00
-7.303119999999999612e-01
-7.391119999999999912e-01
-1.947111999999999954e+00
-3.158312000000000008e+00
-8.006512000000000739e+00
-4.694612000000000229e+00
7.290879999999999583e-01
-5.223711999999999911e+00
-4.392911999999999928e+00
4.465879999999999850e-01
9.479880000000000528e-01
2.059687999999999963e+00
2.542488000000000081e+00
4.361387999999999820e+00
5.229187999999999725e+00
3.752688000000000024e+00
5.027887999999999913e+00
6.151288000000000089e+00
6.004287999999999847e+00
4.751587999999999923e+00
3.626787999999999901e+00
2.847388000000000030e+00
3.739688000000000123e+00
5.530388000000000304e+00
5.799488000000000198e+00
7.083287999999999585e+00
-1.948612000000000011e+00
-1.956012000000000084e+00
-4.089812000000000225e+00
-8.418312000000000239e+00
-8.491911999999999239e+00
-3.695612000000000119e+00
-5.266411999999999871e+00
-4.666311999999999571e+00
-5.463712000000000124e+00
-6.163412000000000113e+00
-4.169611999999999874e+00
-3.446412000000000031e+00
1.743187999999999960e+00
2.781487999999999960e+00
5.156988000000000127e+00
7.136087999999999987e+00
4.652788000000000146e+00
2.649188000000000098e+00
3.444188000000000027e+00
2.151088000000000111e+00
4.512888000000000233e+00
3.139787999999999801e+00
6.084988000000000063e+00
6.674388000000000432e+00
5.049287999999999776e+00
