-6.712594000000000172e+00
-7.261893999999999849e+00
-6.705193999999999654e+00
-5.517193999999999932e+00
-4.861894000000000382e+00
-5.516994000000000398e+00
-3.595594000000000179e+00
-2.366093999999999919e+00
-1.151194000000000051e+00
-1.178894000000000108e+00
-2.392793999999999865e+00
-3.590494000000000074e+00
-8.479893999999999821e+00
-5.011394000000000126e+00
2.693059999999999898e-01
-5.820894000000000013e+00
-4.930894000000000332e+00
3.740600000000000175e-02
5.667060000000000430e-01
1.685405999999999960e+00
2.074606000000000172e+00
4.049806000000000239e+00
4.848005999999999815e+00
3.424005999999999883e+00
4.506105999999999945e+00
5.748905999999999850e+00
5.936606000000000272e+00
4.858605999999999980e+00
3.614306000000000019e+00
2.455605999999999955e+00
3.469406000000000212e+00
5.094006000000000256e+00
5.388505999999999574e+00
7.250005999999999950e+00
-2.343694000000000166e+00
-2.418293999999999944e+00
-4.526493999999999573e+00
-8.940694000000000585e+00
-8.960193999999999548e+00
-4.005694000000000088e+00
-5.553994000000000320e+00
-5.331593999999999944e+00
-6.019493999999999900e+00
-6.781393999999999700e+00
-4.722194000000000003e+00
-3.982094000000000023e+00
1.328605999999999954e+00
2.066806000000000143e+00
4.386706000000000216e+00
6.568205999999999989e+00
4.977605999999999753e+00
2.789006000000000096e+00
2.954806000000000044e+00
1.752005999999999952e+00
4.269805999999999990e+00
2.970806000000000058e+00
6.014006000000000185e+00
5.998806000000000083e+00
4.562006000000000228e+00
7.454906000000000255e+00
7.232205999999999690e+00
8.076105999999999341e+00
