-6.026379999999999626e+00
-6.075179999999999580e+00
-5.011580000000000368e+00
-3.821979999999999933e+00
-3.615279999999999827e+00
-4.819880000000000386e+00
-2.821379999999999999e+00
-1.554680000000000062e+00
-1.200679999999999970e+00
-2.250480000000000036e+00
2.656200000000000228e-01
-4.875779999999999781e+00
-7.295180000000000220e+00
-1.946479999999999988e+00
5.440199999999999481e-01
1.755919999999999925e+00
1.769519999999999982e+00
2.913419999999999899e+00
4.082720000000000127e+00
4.106819999999999915e+00
2.958419999999999828e+00
2.941019999999999968e+00
4.153819999999999624e+00
2.878719999999999946e+00
1.848019999999999996e+00
1.817420000000000035e+00
2.819020000000000081e+00
3.849520000000000053e+00
3.878120000000000012e+00
-7.995799999999999574e-01
8.744199999999999751e-01
5.133199999999999985e-01
-4.433679999999999843e+00
-4.570680000000000298e+00
-7.368780000000000108e+00
-8.121380000000000265e+00
-2.284279999999999866e+00
-2.420180000000000220e+00
-8.812799999999999523e-01
-2.302800000000000125e-01
8.495200000000000529e-01
4.995320000000000427e+00
5.050119999999999720e+00
3.952220000000000066e+00
4.483319999999999972e+00
4.933119999999999727e+00
1.057819999999999983e+00
1.010420000000000096e+00
2.797520000000000007e+00
4.633820000000000050e+00
4.692020000000000302e+00
