-6.068950000000000067e+00
-5.883949999999999569e+00
-4.719850000000000101e+00
-3.668350000000000222e+00
-3.741750000000000131e+00
-4.999649999999999928e+00
-2.520049999999999901e+00
-1.413249999999999895e+00
-1.363850000000000007e+00
-2.570850000000000080e+00
-1.904500000000000082e-01
-4.855000000000000288e-02
1.393150000000000110e+00
1.712650000000000006e+00
3.009850000000000136e+00
4.023450000000000415e+00
3.739650000000000141e+00
2.415350000000000108e+00
-5.244749999999999801e+00
-6.963549999999999685e+00
4.745350000000000179e+00
4.476250000000000284e+00
3.190549999999999997e+00
2.176950000000000163e+00
5.326749999999999652e+00
5.641149999999999665e+00
-5.159500000000000197e-01
-2.634749999999999925e+00
6.455499999999999572e-01
-3.614499999999999935e-01
-7.039499999999999647e-01
9.407499999999999751e-01
3.190049999999999830e+00
-4.543050000000000033e+00
-6.202449999999999797e+00
-6.861950000000000216e+00
-7.861749999999999794e+00
5.768550000000000288e+00
5.273249999999999993e+00
2.969749999999999890e+00
1.184450000000000003e+00
6.706050000000000288e+00
5.080750000000000099e+00
5.472850000000000215e+00
