-5.761480999999999852e+00
-5.724580999999999698e+00
-4.661680999999999742e+00
-3.564080999999999833e+00
-3.452281000000000155e+00
-4.648181000000000118e+00
-2.557580999999999882e+00
-1.380781000000000036e+00
-1.127180999999999989e+00
-2.178881000000000068e+00
2.475189999999999890e-01
1.324918999999999958e+00
2.752318999999999960e+00
2.845019000000000187e+00
3.913718999999999948e+00
4.902819000000000038e+00
4.842119000000000284e+00
3.759218999999999866e+00
-4.790381000000000000e+00
-6.849281000000000397e+00
5.856818999999999775e+00
5.824418999999999791e+00
4.775519000000000069e+00
3.758719000000000143e+00
-1.978480999999999934e+00
-6.122809999999999642e-01
1.805190000000000128e-01
7.132190000000000474e-01
2.082519000000000009e+00
3.978019000000000194e+00
5.731518999999999586e+00
-4.226780999999999899e+00
-4.695381000000000249e+00
-6.854781000000000013e+00
-7.674680999999999642e+00
6.690919000000000061e+00
6.620019000000000098e+00
4.744119000000000419e+00
2.958219000000000154e+00
-2.164381000000000110e+00
-2.636381000000000085e+00
-9.626810000000000089e-01
