-3.219463999999999881e+00
-3.378763999999999879e+00
-2.376364000000000143e+00
-1.119064000000000059e+00
-8.523640000000000105e-01
-1.965063999999999922e+00
-1.736400000000000096e-02
1.346535999999999955e+00
1.661335999999999924e+00
5.500359999999999694e-01
2.067935999999999996e+00
9.700360000000000094e-01
1.126535999999999982e+00
-1.726400000000000157e-02
7.043599999999999861e-02
1.314635999999999916e+00
2.459735999999999922e+00
2.370235999999999787e+00
-1.854063999999999934e+00
-4.647164000000000073e+00
4.158336000000000254e+00
1.133600000000000059e-02
-2.573639999999999817e-01
2.126536000000000204e+00
1.367235999999999896e+00
2.565735999999999795e+00
7.465359999999999774e-01
6.131360000000000143e-01
2.855036000000000129e+00
2.504935999999999829e+00
2.813600000000000129e-02
-1.003663999999999890e+00
-8.346639999999999615e-01
1.378336000000000006e+00
3.286335999999999924e+00
-1.078964000000000034e+00
-2.731964000000000059e+00
-4.796464000000000283e+00
-5.429064000000000334e+00
