-5.614437999999999818e+00
-5.783237999999999879e+00
-4.866238000000000063e+00
-3.696638000000000090e+00
-3.388637999999999817e+00
-4.427538000000000196e+00
-2.715338000000000029e+00
-1.485738000000000003e+00
-1.252137999999999973e+00
-2.189337999999999784e+00
7.196199999999999819e-02
1.346462000000000048e+00
2.707262000000000057e+00
2.922061999999999937e+00
3.949062000000000072e+00
4.773361999999999661e+00
4.588561999999999585e+00
3.548061999999999827e+00
-4.312038000000000260e+00
-6.968638000000000332e+00
5.436962000000000295e+00
5.279461999999999655e+00
4.272261999999999560e+00
3.420062000000000157e+00
-2.904037999999999897e+00
-7.297379999999999978e-01
-5.993799999999999822e-02
4.030619999999999759e-01
2.287462000000000106e+00
4.108062000000000324e+00
5.571661999999999892e+00
-3.378438000000000052e+00
-5.079837999999999631e+00
-7.126038000000000316e+00
-7.683638000000000190e+00
6.236761999999999695e+00
5.945762000000000214e+00
4.146162000000000347e+00
2.647161999999999793e+00
