-4.898289000000000115e+00
-4.721889000000000003e+00
-3.544789000000000190e+00
-2.464488999999999930e+00
-2.530889000000000166e+00
-3.810089000000000059e+00
-1.297689000000000092e+00
-1.233889999999999987e-01
-1.183889999999999942e-01
-1.330189000000000066e+00
-4.031488999999999656e+00
-5.824888999999999761e+00
1.154611000000000054e+00
1.099410999999999916e+00
2.346311000000000035e+00
2.382911000000000001e+00
1.139510999999999941e+00
2.346311000000000035e+00
3.560111000000000026e+00
3.554810999999999943e+00
4.801510999999999640e+00
4.850711000000000439e+00
-1.341688999999999909e+00
-3.480888999999999900e+00
-5.004388999999999754e+00
-5.730089000000000432e+00
-6.733088999999999658e+00
1.252810999999999897e+00
1.101010999999999962e+00
3.284911000000000136e+00
2.426810999999999829e+00
2.100110000000000032e-01
2.290910999999999920e+00
4.503110999999999642e+00
5.903910999999999909e+00
4.406210999999999878e+00
4.370711000000000013e+00
