-2.775342000000000198e+00
-2.751942000000000110e+00
-1.643041999999999891e+00
-4.716420000000000057e-01
-3.726419999999999733e-01
-1.596541999999999906e+00
6.979579999999999673e-01
1.953758000000000106e+00
2.064258000000000148e+00
9.026579999999999604e-01
-1.681241999999999903e+00
-3.941841999999999846e+00
3.340057999999999971e+00
3.498857999999999802e+00
6.413579999999999837e-01
2.844558000000000142e+00
9.492580000000000462e-01
-9.843420000000000503e-01
-2.624642000000000142e+00
-3.957841999999999860e+00
-4.801242000000000232e+00
4.568757999999999875e+00
3.138758000000000159e+00
3.002057999999999893e+00
