-4.947169999999999845e+00
-5.165569999999999773e+00
-4.212469999999999715e+00
-2.951869999999999994e+00
-2.585669999999999913e+00
-3.671469999999999789e+00
-1.926870000000000083e+00
-6.050699999999999967e-01
-3.031699999999999950e-01
-1.295570000000000110e+00
-3.494270000000000209e+00
-6.443469999999999587e+00
1.021330000000000071e+00
1.402030000000000109e+00
5.989299999999999624e-01
9.574300000000000033e-01
2.114230000000000054e+00
2.960129999999999928e+00
2.591029999999999944e+00
1.044299999999999951e-01
4.970300000000000273e-01
4.133530000000000371e+00
5.030630000000000379e+00
2.414429999999999854e+00
1.860330000000000039e+00
2.018930000000000113e+00
-2.149169999999999803e+00
1.639299999999999924e-01
-2.591070000000000206e+00
-4.309269999999999712e+00
-6.640170000000000350e+00
-7.188670000000000115e+00
-3.222700000000000009e-01
3.263129999999999864e+00
-2.040700000000000014e-01
4.417300000000000115e-01
1.503230000000000066e+00
6.049529999999999852e+00
4.870230000000000281e+00
4.949329999999999785e+00
2.120530000000000026e+00
2.286329999999999973e+00
7.681299999999999795e-01
2.182129999999999903e+00
2.972430000000000128e+00
1.732229999999999936e+00
