-4.714800000000000324e+00
-4.591400000000000148e+00
-3.461100000000000065e+00
-2.415399999999999991e+00
-2.416199999999999903e+00
-3.674399999999999888e+00
-1.143499999999999961e+00
-3.212999999999999745e-01
-1.088200000000000056e+00
-3.812100000000000044e+00
-5.721300000000000274e+00
1.431699999999999973e+00
1.129099999999999993e+00
1.169699999999999962e+00
2.193900000000000183e+00
3.498200000000000198e+00
3.790000000000000036e+00
2.761800000000000033e+00
-6.089999999999999858e-01
4.631000000000000116e-01
-1.048999999999999932e-01
-6.848999999999999533e-01
5.105999999999999872e+00
5.455000000000000071e+00
1.562999999999999945e-01
-5.621500000000000163e+00
-8.592999999999999527e-01
-5.703700000000000436e+00
-6.618900000000000006e+00
1.456099999999999950e+00
1.349800000000000111e+00
1.716599999999999904e+00
1.980299999999999949e+00
4.288899999999999935e+00
2.975200000000000067e+00
-1.452900000000000080e+00
-2.615999999999999992e-01
-1.744599999999999929e+00
-2.175999999999999879e-01
-6.146000000000000352e-01
6.528599999999999959e+00
5.264700000000000379e+00
4.930900000000000283e+00
-5.021999999999999797e-01
-3.496000000000000218e-01
1.059099999999999930e+00
