-8.305187999999999349e+00
-7.834687999999999874e+00
-6.612487999999999921e+00
-5.808487999999999651e+00
-6.178187999999999569e+00
-7.473188000000000386e+00
-4.584588000000000108e+00
-3.742487999999999815e+00
-4.093487999999999793e+00
-5.329487999999999559e+00
-3.120388000000000162e+00
-2.853187999999999835e+00
-1.567587999999999981e+00
-1.332888000000000073e+00
-3.488800000000000234e-02
1.074011999999999967e+00
8.683119999999999727e-01
-4.359879999999999867e-01
-8.012888000000000233e+00
-8.662788000000000821e+00
2.435512000000000121e+00
2.635911999999999811e+00
3.417212000000000138e+00
4.823911999999999978e+00
5.717012000000000427e+00
6.940512000000000015e+00
5.010512000000000299e+00
-3.996788000000000007e+00
5.015112000000000236e+00
6.299611999999999767e+00
6.406212000000000018e+00
7.692211999999999605e+00
7.773812000000000388e+00
-2.761188000000000198e+00
-2.211888000000000076e+00
-3.531088000000000005e+00
-2.157188000000000105e+00
9.741199999999999859e-02
1.703812000000000104e+00
-5.483879999999999866e-01
-7.372487999999999708e+00
-8.944888000000000616e+00
-8.344687999999999661e+00
-9.595888000000000417e+00
3.206712000000000007e+00
5.088111999999999746e+00
5.679012000000000171e+00
-3.796387999999999874e+00
-4.235987999999999865e+00
-4.889287999999999634e+00
4.164611999999999981e+00
5.022611999999999632e+00
7.175512000000000334e+00
6.315112000000000059e+00
5.536112000000000144e+00
6.378811999999999927e+00
8.565412000000000248e+00
7.722512000000000043e+00
8.606312000000000850e+00
6.997112000000000442e+00
