-4.575114000000000125e+00
-4.482814000000000298e+00
-3.335313999999999890e+00
-2.196114000000000122e+00
-2.169913999999999898e+00
-3.430114000000000107e+00
-9.863140000000000240e-01
2.437860000000000027e-01
2.834860000000000158e-01
-9.256140000000000478e-01
1.611985999999999919e+00
2.997885999999999829e+00
2.219986000000000015e+00
2.520586000000000215e+00
3.597386000000000195e+00
4.372986000000000040e+00
4.073985999999999663e+00
-3.583613999999999855e+00
-5.639213999999999949e+00
1.457386000000000070e+00
2.675285999999999831e+00
2.661185999999999829e+00
-9.902140000000000386e-01
1.162185999999999941e+00
-9.213139999999999663e-01
1.372085999999999917e+00
1.912185999999999941e+00
3.831186000000000202e+00
5.211985999999999564e+00
4.686486000000000374e+00
-2.943313999999999986e+00
-4.546914000000000122e+00
-5.602914000000000172e+00
-6.526013999999999982e+00
3.493685999999999847e+00
2.469085999999999892e+00
