-5.004170000000000229e+00
-5.016770000000000174e+00
-3.994270000000000209e+00
-2.882070000000000132e+00
-2.713970000000000216e+00
-3.884370000000000100e+00
-1.494669999999999943e+00
-6.245699999999999585e-01
-1.328869999999999996e+00
-7.578700000000000436e-01
-4.021469999999999878e+00
-6.182970000000000077e+00
5.055300000000000349e-01
1.156230000000000091e+00
1.215030000000000054e+00
7.785300000000000553e-01
1.537730000000000041e+00
2.771630000000000038e+00
3.221729999999999983e+00
2.446429999999999882e+00
4.654029999999999667e+00
9.090300000000000047e-01
3.545129999999999892e+00
4.894529999999999603e+00
5.281229999999999869e+00
4.137229999999999741e+00
3.089230000000000143e+00
-1.465770000000000017e+00
-6.452700000000000102e-01
-3.364770000000000039e+00
-4.938469999999999693e+00
-6.243470000000000297e+00
-6.986769999999999925e+00
8.772299999999999542e-01
-1.661700000000000121e-01
2.808429999999999982e+00
5.468029999999999724e+00
6.281629999999999825e+00
4.080029999999999824e+00
2.058129999999999793e+00
