-4.669811000000000156e+00
-4.480411000000000143e+00
-3.295110999999999901e+00
-2.221210999999999824e+00
-2.300410999999999984e+00
-3.586911000000000183e+00
-1.047411000000000092e+00
1.184889999999999971e-01
1.206890000000000046e-01
-1.104411000000000032e+00
-3.823510999999999882e+00
-5.577611000000000097e+00
1.317288999999999932e+00
1.358089000000000102e+00
2.566589000000000009e+00
2.531689000000000078e+00
1.444789000000000101e+00
2.668089000000000155e+00
3.841588999999999920e+00
3.789889000000000063e+00
2.575689000000000117e+00
3.798688999999999982e+00
-1.136411000000000060e+00
-3.270811000000000135e+00
-4.800811000000000384e+00
-5.472711000000000325e+00
-6.491811000000000220e+00
1.313689000000000107e+00
3.449788999999999994e+00
5.333890000000000020e-01
4.817089000000000176e+00
4.724688999999999695e+00
3.554088999999999832e+00
4.298888999999999960e+00
4.456189000000000178e+00
