-3.535839999999999872e+00
-3.509339999999999904e+00
-2.401240000000000041e+00
-1.267039999999999944e+00
-1.186039999999999983e+00
-2.369139999999999802e+00
9.365999999999999326e-02
9.135600000000000387e-01
2.410599999999999965e-01
1.725360000000000005e+00
-2.453040000000000109e+00
-4.697540000000000049e+00
4.433599999999999763e-01
-8.240000000000000796e-03
8.505599999999999827e-01
2.111260000000000137e+00
2.554559999999999942e+00
2.991159999999999819e+00
2.508760000000000101e+00
4.244600000000000040e-01
8.298600000000000421e-01
-1.243940000000000046e+00
-2.182240000000000180e+00
2.196959999999999802e+00
4.791599999999999748e-01
1.963659999999999961e+00
4.323600000000000221e-01
1.127599999999999991e-01
1.965859999999999941e+00
8.813600000000000323e-01
6.158599999999999630e-01
-1.727840000000000042e+00
-3.388739999999999863e+00
-4.711739999999999817e+00
-5.555139999999999745e+00
-1.859399999999999942e-01
3.547159999999999869e+00
3.375560000000000116e+00
1.863259999999999916e+00
1.985260000000000025e+00
4.624599999999999822e-01
1.921259999999999968e+00
3.922599999999999976e-01
-3.131440000000000001e+00
-1.855439999999999978e+00
-2.358740000000000059e+00
1.717859999999999943e+00
3.270859999999999879e+00
4.306000000000000105e-02
-4.664000000000000090e-02
2.505860000000000198e+00
2.394859999999999989e+00
