-2.660543000000000102e+00
-2.604743000000000031e+00
-1.477043000000000106e+00
-3.185430000000000206e-01
-2.554429999999999756e-01
-1.497543000000000069e+00
8.720569999999999711e-01
2.132356999999999836e+00
2.187157000000000018e+00
1.006356999999999946e+00
-1.609642999999999935e+00
-3.779843000000000064e+00
3.391357000000000177e+00
4.475157000000000274e+00
3.771957000000000004e+00
3.278557000000000166e+00
8.203570000000000029e-01
3.145456999999999947e+00
1.071457000000000104e+00
-9.632429999999999604e-01
-2.561643000000000114e+00
-3.771342999999999890e+00
-4.652643000000000306e+00
