-5.066057999999999950e+00
-4.767958000000000141e+00
-3.570056999999999814e+00
-2.593256999999999923e+00
-2.748956999999999873e+00
-4.082557999999999687e+00
-1.431556999999999968e+00
-3.604570000000000274e-01
-3.594570000000000265e-01
-1.573957000000000050e+00
9.315430000000000099e-01
1.991543000000000063e+00
3.260743000000000169e+00
4.114241999999999955e+00
5.397541999999999618e+00
5.860541999999999696e+00
5.050741999999999621e+00
3.770341999999999860e+00
-4.504958000000000240e+00
-5.760658000000000278e+00
-1.649256999999999973e+00
7.434741999999999962e+00
1.713143000000000082e+00
5.460429999999999451e-01
8.099429999999999685e-01
1.193343000000000043e+00
3.790141999999999900e+00
6.017941999999999680e+00
5.401042000000000343e+00
3.196543000000000134e+00
-5.490757000000000332e+00
-4.183358000000000132e+00
-5.572758000000000322e+00
-6.681657999999999653e+00
-2.260756999999999906e+00
-2.048856999999999928e+00
-6.782569999999999988e-01
2.531042999999999932e+00
1.563042999999999960e+00
8.113430000000000364e-01
