-3.566008000000000067e+00
-3.605808000000000124e+00
-2.540608000000000199e+00
-1.358508000000000049e+00
-1.202708000000000110e+00
-2.370207999999999871e+00
1.568920000000000037e-01
5.374919999999999698e-01
-2.047080000000000011e-01
1.857920000000000127e-01
1.332092000000000054e+00
2.088391999999999804e+00
1.704391999999999907e+00
-2.401208000000000009e+00
-4.813608000000000331e+00
-6.310080000000000133e-01
-5.266079999999999650e-01
9.363920000000000021e-01
1.151291999999999982e+00
2.395992000000000122e+00
3.565491999999999884e+00
2.530892000000000142e+00
2.787592000000000070e+00
3.511092000000000102e+00
-7.816079999999999695e-01
-1.984080000000000010e-01
-1.217608000000000024e+00
-5.056079999999999464e-01
9.172919999999999963e-01
2.452920000000000100e-01
-1.102508000000000044e+00
1.676992000000000038e+00
2.977691999999999783e+00
-1.631907999999999914e+00
-3.316008000000000067e+00
-4.875507999999999953e+00
-5.634508000000000294e+00
-8.002080000000000304e-01
-1.182407999999999904e+00
1.578891999999999962e+00
1.251892000000000005e+00
4.358920000000000017e-01
9.835920000000000218e-01
3.973892000000000202e+00
3.323392000000000124e+00
4.328592000000000439e+00
4.357491999999999699e+00
9.589200000000000501e-02
-1.592708000000000013e+00
7.823919999999999764e-01
-1.509079999999999866e-01
-1.433508000000000004e+00
-2.168607999999999869e+00
