-4.981081999999999788e+00
-5.020281999999999911e+00
-3.954381999999999842e+00
-2.765082000000000040e+00
-2.584782000000000135e+00
-3.778481999999999896e+00
-1.628481999999999985e+00
-3.743819999999999926e-01
-2.758820000000000161e-01
-1.365582000000000074e+00
1.077617999999999965e+00
1.830718000000000067e+00
3.117917999999999967e+00
3.721217999999999915e+00
5.032017999999999880e+00
5.772117999999999860e+00
5.194218000000000224e+00
3.879318000000000044e+00
-3.775481999999999783e+00
-6.225281999999999982e+00
6.050017999999999674e+00
7.385518000000000249e+00
-1.711981999999999893e+00
5.065180000000000238e-01
1.625018000000000074e+00
9.206180000000000474e-01
1.306918000000000024e+00
3.168518000000000168e+00
5.462418000000000440e+00
3.458218000000000014e+00
-3.052281999999999940e+00
-4.675781999999999883e+00
-6.286582000000000114e+00
-7.053081999999999852e+00
