-5.932133999999999574e+00
-5.838934000000000069e+00
-4.709933999999999621e+00
-3.582133999999999929e+00
-3.572233999999999909e+00
-4.807333999999999996e+00
-2.355834000000000206e+00
-1.560033999999999921e+00
-4.032339999999999813e-01
1.386599999999999985e-02
-7.990340000000000220e-01
-1.960933999999999955e+00
-6.968434000000000239e+00
-4.978233999999999604e+00
1.155866000000000060e+00
-2.476534000000000013e+00
-2.312933999999999823e+00
2.131765999999999828e+00
3.527566000000000201e+00
4.160866000000000398e+00
5.448165999999999620e+00
6.123966000000000243e+00
5.499666000000000388e+00
4.212265999999999622e+00
3.896660000000000124e-01
5.356600000000000250e-02
1.329766000000000004e+00
7.491366000000000192e+00
8.138866000000000156e+00
7.971866000000000341e+00
8.769660000000000233e-01
-1.833633999999999986e+00
-5.496339999999999559e-01
-2.562533999999999867e+00
-6.923534000000000077e+00
-7.840334000000000358e+00
-4.223434000000000133e+00
-5.914734000000000158e+00
-1.518034000000000106e+00
-3.195333999999999897e+00
-2.823434000000000221e+00
-1.555933999999999928e+00
-1.935133999999999910e+00
1.830065999999999971e+00
2.172266000000000030e+00
3.646866000000000163e+00
5.909165999999999919e+00
6.009365999999999985e+00
3.746665999999999830e+00
8.873865999999999588e+00
1.803566000000000003e+00
2.562659999999999938e-01
3.594660000000000077e-01
