-4.851496000000000031e+00
-5.203496000000000343e+00
-4.624895999999999674e+00
-3.626695999999999920e+00
-3.169195999999999902e+00
-3.832495999999999903e+00
-2.775996000000000130e+00
-1.800095999999999918e+00
-2.092696000000000112e+00
-1.401396000000000086e+00
-3.519095999999999780e+00
-6.237096000000000195e+00
-6.729599999999999471e-02
-4.532959999999999767e-01
9.183040000000000092e-01
5.963039999999999452e-01
1.590303999999999940e+00
2.937104000000000159e+00
3.301403999999999783e+00
2.290503999999999873e+00
4.648004000000000246e+00
5.050703999999999638e+00
3.905403999999999876e+00
4.205703999999999887e+00
1.205704000000000109e+00
1.182603999999999989e+00
2.161039999999999905e-01
-1.334696000000000105e+00
-2.046095999999999915e+00
-2.683596000000000092e+00
-4.051995999999999931e+00
-6.534696000000000282e+00
-6.696696000000000204e+00
-4.401959999999999762e-01
2.565103999999999829e+00
6.144703999999999944e+00
4.702403999999999584e+00
4.709704000000000335e+00
4.990103999999999651e+00
4.583904000000000423e+00
3.330703999999999887e+00
8.500039999999999818e-01
4.727040000000000131e-01
2.180804000000000187e+00
8.484040000000000470e-01
-6.980960000000000498e-01
7.146040000000000170e-01
