-4.090849999999999653e+00
-4.147050000000000125e+00
-3.261449999999999960e+00
-2.239850000000000119e+00
-2.087050000000000072e+00
-3.062349999999999905e+00
-9.838500000000000023e-01
2.684500000000000219e-01
1.338549999999999907e+00
1.131350000000000078e+00
-1.077499999999999986e-01
-1.156549999999999967e+00
-5.176149999999999807e+00
-3.078949999999999854e+00
2.393949999999999800e+00
-1.598850000000000104e+00
-1.251349999999999962e+00
2.572750000000000092e+00
3.209550000000000125e+00
4.429850000000000065e+00
5.047749999999999737e+00
5.289950000000000152e+00
4.241500000000000270e-01
-2.681499999999999995e-01
-2.116649999999999920e+00
-5.242049999999999876e+00
-5.865350000000000286e+00
-2.195050000000000168e+00
-3.825849999999999973e+00
-8.422500000000000542e-01
-2.569650000000000212e+00
-1.634949999999999903e+00
-2.626499999999999946e-01
-1.185750000000000082e+00
5.854049999999999976e+00
4.320249999999999702e+00
5.456949999999999967e+00
5.918949999999999712e+00
5.913549999999999862e+00
4.680349999999999788e+00
