-5.668966000000000172e+00
-5.671465999999999674e+00
-4.623966000000000243e+00
-3.485965999999999898e+00
-3.366366000000000192e+00
-4.533465999999999774e+00
-2.374465999999999966e+00
-1.152166000000000023e+00
-1.015965999999999925e+00
-2.125265999999999877e+00
3.033339999999999925e-01
1.189834000000000058e+00
2.496334000000000053e+00
3.050333999999999879e+00
4.361133999999999844e+00
5.159133999999999887e+00
4.661533999999999622e+00
3.325333999999999790e+00
-4.578966000000000314e+00
-6.824066000000000187e+00
5.494933999999999763e+00
5.039734000000000158e+00
3.743634000000000128e+00
2.901834000000000024e+00
-2.451865999999999879e+00
-3.069660000000000166e-01
-2.027766000000000179e+00
7.468339999999999979e-01
1.275340000000000085e-01
7.694339999999999513e-01
2.465834000000000081e+00
4.758134000000000086e+00
6.181034000000000361e+00
-4.085265999999999842e+00
-5.479665999999999926e+00
-6.859665999999999819e+00
-7.637565999999999633e+00
6.518034000000000106e+00
5.698634000000000199e+00
3.379734000000000016e+00
1.897534000000000054e+00
