4.191440000000000166e-01
-9.281559999999999810e-01
-1.710555999999999965e+00
-1.183756000000000030e+00
2.176440000000000041e-01
1.112643999999999966e+00
2.479344000000000214e+00
2.454543999999999837e+00
1.015344000000000024e+00
-3.831856000000000151e+00
-3.011855999999999867e+00
-2.129055999999999838e+00
-3.441056000000000115e+00
2.051244000000000067e+00
2.397143999999999942e+00
1.606244000000000005e+00
4.955439999999999845e-01
1.253440000000000110e-01
9.192439999999999500e-01
-1.002955999999999959e+00
-1.503455999999999904e+00
-2.787560000000000038e-01
2.283439999999999914e-01
1.975943999999999923e+00
1.343844000000000038e+00
-5.166756000000000348e+00
-1.784855999999999998e+00
2.881143999999999927e+00
9.947439999999999616e-01
8.003440000000000554e-01
1.123844000000000065e+00
3.079044000000000114e+00
2.824143999999999988e+00
3.279243999999999826e+00
6.766440000000000232e-01
-2.448256000000000210e+00
-1.711256000000000110e+00
-8.144559999999999578e-01
-4.412559999999999816e-01
2.397440000000000127e-01
1.229044000000000025e+00
1.646244000000000041e+00
1.671243999999999952e+00
2.523440000000000127e-01
-5.815456000000000181e+00
-5.502856000000000414e+00
-2.579056000000000015e+00
-1.093655999999999962e+00
2.914743999999999780e+00
3.925244000000000177e+00
