-2.663086999999999982e+00
-3.240886999999999851e+00
-2.776987000000000094e+00
-1.527587000000000028e+00
-9.104870000000000463e-01
-1.556986999999999899e+00
2.563130000000000130e-01
-1.000586999999999893e+00
-4.389186999999999728e+00
1.523312999999999917e+00
2.686913000000000107e+00
2.582713000000000036e+00
1.328913000000000011e+00
1.743129999999999957e-01
-1.893286999999999942e+00
-5.893869999999999942e-01
1.368713000000000068e+00
1.156129999999999936e-01
3.850312999999999874e+00
5.066613000000000255e+00
-1.174869999999999942e-01
-1.446487000000000078e+00
-4.879887000000000086e+00
-4.787687000000000026e+00
1.607712999999999948e+00
3.464212999999999987e+00
-8.116870000000000474e-01
-1.009087000000000067e+00
-2.545386999999999844e+00
-2.433187000000000211e+00
3.132130000000000192e-01
-1.087387000000000103e+00
-2.801870000000000194e-01
3.208130000000000148e-01
-4.229870000000000019e-01
-4.903870000000000173e-01
5.894212999999999703e+00
5.179013000000000311e+00
5.127412999999999776e+00
