-4.883028999999999620e+00
-4.922528999999999932e+00
-3.893728999999999996e+00
-2.736129000000000033e+00
-2.577929000000000137e+00
-3.727628999999999859e+00
-1.642829000000000095e+00
-4.006290000000000129e-01
-2.265290000000000081e-01
-1.317628999999999939e+00
1.115771000000000068e+00
1.909570999999999907e+00
3.186471000000000053e+00
3.848270999999999997e+00
5.144670999999999772e+00
5.799271000000000065e+00
5.166271000000000058e+00
3.868470999999999993e+00
-3.734128999999999809e+00
-6.094329000000000107e+00
7.392271000000000036e+00
-1.750728999999999980e+00
4.288710000000000022e-01
-1.188228999999999980e+00
1.627971000000000057e+00
9.614709999999999646e-01
1.484871000000000052e+00
3.353670999999999847e+00
5.627570999999999657e+00
5.668471000000000259e+00
3.406571000000000016e+00
-3.218929000000000151e+00
-4.625328999999999802e+00
-6.156128999999999962e+00
-6.894129000000000396e+00
