-3.430838000000000054e+00
-3.457638000000000211e+00
-2.605738000000000110e+00
-1.658538000000000068e+00
-1.514137999999999984e+00
-2.475337999999999816e+00
-7.856379999999999475e-01
2.410619999999999985e-01
4.080619999999999803e-01
-4.490379999999999927e-01
-2.533738000000000046e+00
-4.419138000000000233e+00
-1.961380000000000068e-01
8.461619999999999697e-01
1.929561999999999999e+00
1.676662000000000097e+00
2.731662000000000035e+00
4.047162000000000148e+00
4.309561999999999671e+00
3.255161999999999889e+00
-9.040380000000000082e-01
9.057619999999999560e-01
1.212561999999999918e+00
-2.778538000000000174e+00
-1.681937999999999933e+00
-4.464038000000000395e+00
-5.082638000000000211e+00
-9.260380000000000278e-01
9.329619999999999580e-01
6.580620000000000358e-01
2.525462000000000096e+00
4.868762000000000256e+00
5.336561999999999806e+00
3.477962000000000220e+00
