-3.714916000000000107e+00
-4.185115999999999836e+00
-3.418416000000000121e+00
-2.115416000000000185e+00
-1.532216000000000022e+00
-2.393116000000000021e+00
-1.142015999999999920e+00
7.278400000000000147e-02
-1.498160000000000047e-01
1.039284000000000097e+00
-2.012316000000000216e+00
-5.508516000000000190e+00
2.210383999999999904e+00
1.307283999999999891e+00
3.558883999999999936e+00
4.495983999999999980e+00
4.092483999999999789e+00
2.746484000000000147e+00
1.810383999999999993e+00
5.299684000000000061e+00
2.176483999999999863e+00
-4.366716000000000264e+00
-1.299616000000000104e+00
-5.921515999999999558e+00
-6.142015999999999920e+00
1.882484000000000046e+00
1.939284000000000008e+00
1.068284000000000011e+00
3.894984000000000002e+00
5.539384000000000086e+00
7.671839999999999771e-01
