-3.683761000000000063e+00
-3.854661000000000115e+00
-2.963960999999999846e+00
-1.848560999999999899e+00
-1.580360999999999905e+00
-2.538761000000000045e+00
-6.976609999999999756e-01
4.363899999999999724e-02
-2.164609999999999868e-01
1.423939000000000066e+00
-2.399160999999999877e+00
-5.016261000000000081e+00
2.023738999999999955e+00
2.128338999999999981e+00
1.677639000000000102e+00
1.046238999999999919e+00
9.275390000000000024e-01
5.929389999999999938e-01
-7.886100000000000054e-02
1.790038999999999936e+00
3.045739000000000196e+00
2.741538999999999948e+00
1.777838999999999947e+00
-9.106100000000000305e-02
1.286639000000000088e+00
-8.726100000000000523e-02
-1.026361000000000079e+00
1.111239000000000088e+00
-3.689609999999999834e-01
4.913390000000000257e-01
-2.410060999999999787e+00
-1.582160999999999929e+00
-5.172960999999999920e+00
-5.712260999999999811e+00
2.406339000000000006e+00
4.522390000000000021e-01
-3.859609999999999985e-01
5.919389999999999930e-01
-9.826610000000000067e-01
3.090638999999999914e+00
3.884039000000000019e+00
3.133138999999999896e+00
2.292238999999999916e+00
9.770389999999999908e-01
1.360938999999999899e+00
-8.753609999999999447e-01
-2.641609999999999792e-01
1.465638999999999914e+00
2.075139000000000067e+00
