-5.365083000000000268e+00
-5.949082999999999899e+00
-5.331782999999999717e+00
-4.034683000000000241e+00
-3.303082999999999991e+00
-4.059982999999999898e+00
-3.354182999999999915e+00
-2.008283000000000040e+00
-1.344883000000000051e+00
-1.981883000000000061e+00
1.256170000000000064e-01
1.021217000000000041e+00
2.130517000000000216e+00
2.718217000000000105e+00
3.843516999999999850e+00
4.423617000000000132e+00
3.856017000000000028e+00
2.733617000000000186e+00
-3.501783000000000090e+00
-7.261483000000000132e+00
5.621317000000000341e+00
6.068417000000000172e+00
7.958169999999999966e-01
6.235116999999999798e+00
7.323317000000000299e+00
5.369017000000000372e+00
6.678716999999999793e+00
-3.877982999999999958e+00
-1.498283000000000031e+00
1.550169999999999881e-01
4.738169999999999882e-01
2.330817000000000139e+00
4.233916999999999931e+00
4.272816999999999865e+00
2.328917000000000126e+00
-2.501282999999999923e+00
-4.083783000000000385e+00
-7.731182999999999694e+00
-7.759282999999999930e+00
3.019169999999999909e-01
1.737816999999999945e+00
1.689170000000000116e-01
