-2.794014999999999915e+00
-2.685814999999999841e+00
-1.538715000000000055e+00
-4.188149999999999928e-01
-3.942149999999999821e-01
-1.668514999999999970e+00
7.710850000000000204e-01
1.992285000000000084e+00
2.039085000000000036e+00
8.614849999999999453e-01
-1.856815000000000104e+00
-3.820714999999999861e+00
8.254850000000000243e-01
2.078885000000000094e+00
1.842384999999999939e+00
1.223784999999999901e+00
3.009885000000000144e+00
1.071185000000000054e+00
7.558850000000000291e-01
2.906385000000000218e+00
3.009485000000000188e+00
-1.216115000000000057e+00
-2.814115000000000144e+00
-3.769614999999999938e+00
-4.707114999999999938e+00
2.701585000000000125e+00
2.595685000000000020e+00
