-5.033762000000000292e+00
-5.159262000000000015e+00
-4.200362000000000151e+00
-3.043762000000000079e+00
-2.776461999999999986e+00
-3.850162000000000084e+00
-1.930261999999999922e+00
-9.478619999999999823e-01
-1.403361999999999998e+00
-6.132619999999999738e-01
-3.792861999999999956e+00
-6.381161999999999779e+00
7.353800000000000614e-02
6.230379999999999807e-01
1.323938000000000059e+00
1.727737999999999996e+00
1.462537999999999894e+00
7.631379999999999830e-01
3.545380000000000198e-01
3.033738000000000046e+00
4.212138000000000382e+00
5.438437999999999661e+00
5.487537999999999805e+00
4.311837999999999838e+00
3.084637999999999991e+00
1.796038000000000023e+00
6.738000000000000066e-03
-1.243462000000000067e+00
2.093379999999999963e-01
-2.945762000000000214e+00
-4.621961999999999904e+00
-6.518761999999999723e+00
-7.129961999999999911e+00
1.572537999999999991e+00
2.245137999999999856e+00
5.373379999999999823e-01
-1.846619999999999928e-01
4.188837999999999617e+00
6.356938000000000422e+00
6.444638000000000311e+00
4.352038000000000295e+00
2.170738000000000056e+00
