-5.869042999999999566e+00
-5.894842999999999833e+00
-4.855942999999999898e+00
-3.728442999999999952e+00
-3.563642999999999894e+00
-4.709043000000000312e+00
-2.496042999999999790e+00
-1.620042999999999900e+00
-2.255942999999999810e+00
-4.717043000000000319e+00
-7.092242999999999853e+00
-1.964430000000000065e-01
4.264569999999999750e-01
1.787757000000000041e+00
2.573357000000000117e+00
1.944256999999999902e+00
5.842570000000000263e-01
4.004756999999999678e+00
4.451457000000000441e+00
5.807957000000000036e+00
6.745656999999999570e+00
6.327856999999999843e+00
4.970957000000000292e+00
-2.276243000000000016e+00
-3.868342999999999865e+00
-5.573542999999999914e+00
-7.162342999999999904e+00
-7.901943000000000161e+00
-1.216430000000000011e-01
2.231956999999999969e+00
2.505056999999999867e+00
1.386570000000000025e-01
3.739056999999999853e+00
6.129457000000000377e+00
7.801757000000000275e+00
7.057557000000000080e+00
4.674557000000000073e+00
