-4.522702999999999918e+00
-4.668802999999999592e+00
-3.668302999999999869e+00
-2.433902999999999928e+00
-2.141802999999999901e+00
-3.272502999999999940e+00
-1.364303000000000043e+00
-6.570299999999999752e-02
1.477970000000000117e-01
-8.773030000000000550e-01
1.561096999999999957e+00
1.569997000000000087e+00
2.686097000000000179e+00
2.542297000000000029e+00
3.642596999999999863e+00
4.914896999999999849e+00
5.081496999999999709e+00
3.975296999999999858e+00
-3.172003000000000128e+00
-5.920103000000000115e+00
-1.537803000000000031e+00
7.573969999999999869e-01
1.947397000000000045e+00
2.186596999999999902e+00
6.515969999999999818e-01
1.556397000000000030e+00
3.500697000000000170e+00
5.773896999999999835e+00
6.073896999999999657e+00
4.149897000000000169e+00
-2.292702999999999935e+00
-4.018303000000000402e+00
-6.062603000000000186e+00
-6.700503000000000320e+00
