-6.373869000000000007e+00
-6.339668999999999777e+00
-5.285069000000000017e+00
-4.192669000000000423e+00
-4.078668999999999656e+00
-5.265268999999999977e+00
-3.195568999999999882e+00
-2.028668999999999834e+00
-1.775568999999999953e+00
-2.813668999999999976e+00
-4.211690000000000156e-01
4.175309999999999855e-01
1.720331000000000055e+00
2.359630999999999812e+00
3.672630999999999979e+00
4.378130999999999773e+00
3.776231000000000115e+00
2.464230999999999838e+00
-5.408668999999999727e+00
-7.461069000000000173e+00
-2.601369000000000042e+00
4.137630999999999837e+00
5.464831000000000216e+00
1.844330999999999943e+00
2.678631000000000206e+00
1.794931000000000054e+00
5.772831000000000046e+00
-1.268469000000000069e+00
5.463099999999999901e-02
-5.663690000000000113e-01
-1.286900000000000023e-02
1.817431000000000019e+00
5.397630999999999624e+00
4.359930999999999557e+00
-5.342869000000000312e+00
-4.824569000000000329e+00
-7.472268999999999828e+00
-8.284368999999999872e+00
-3.279269000000000212e+00
-2.749668999999999919e+00
-1.591269000000000045e+00
6.188630999999999993e+00
5.531431000000000431e+00
3.131631000000000054e+00
3.457530999999999910e+00
2.377431000000000072e+00
1.308931000000000067e+00
9.965309999999999446e-01
6.776730999999999838e+00
5.046831000000000067e+00
5.705731000000000108e+00
