-2.045497999999999816e+00
-1.760898000000000074e+00
-6.219980000000000508e-01
2.898020000000000040e-01
7.820199999999999374e-02
-1.118497999999999992e+00
1.541501999999999928e+00
2.626701999999999870e+00
2.141201999999999828e+00
1.119102000000000041e+00
1.897702000000000000e+00
7.856020000000000225e-01
-1.473198000000000008e+00
-2.691898000000000124e+00
-5.459979999999999833e-01
-1.598797999999999941e+00
-1.319798000000000027e+00
-6.897999999999999618e-03
1.051201999999999970e+00
2.365002000000000049e+00
2.666002000000000205e+00
-2.921698000000000128e+00
-3.271598000000000006e+00
1.266502000000000017e+00
1.945202000000000098e+00
3.382401999999999909e+00
3.166402000000000161e+00
1.634001999999999954e+00
6.533020000000000493e-01
2.841202000000000005e+00
1.702601999999999949e+00
-7.654980000000000118e-01
-2.381197999999999926e+00
-2.501597999999999988e+00
-3.562298000000000187e+00
-7.321980000000000155e-01
-2.129198000000000146e+00
1.487020000000000008e-01
3.749702000000000091e+00
2.379302000000000028e+00
2.194802000000000142e+00
-4.361297999999999675e+00
-2.846398000000000206e+00
-2.969698000000000171e+00
