-3.057509000000000032e+00
-3.170809000000000211e+00
-2.175108999999999959e+00
-9.682089999999999863e-01
-7.446089999999999653e-01
-1.853409000000000084e+00
5.577910000000000368e-01
1.519590999999999914e+00
2.754891000000000201e+00
3.062891000000000030e+00
2.105790999999999968e+00
8.672910000000000341e-01
-4.382108999999999810e+00
-1.809509000000000034e+00
4.560890999999999806e+00
3.716591000000000200e+00
4.671790999999999805e+00
3.513390999999999931e+00
-2.485090000000000077e-01
1.453909999999999925e-01
1.311091000000000006e+00
2.308190999999999882e+00
1.373910000000000131e-01
-4.495308999999999777e+00
-5.158508999999999567e+00
-9.532089999999999730e-01
-2.668609000000000009e+00
6.093910000000000160e-01
-1.054909000000000097e+00
-5.841089999999999893e-01
9.773910000000000098e-01
5.046910000000000007e-01
