-5.762527000000000399e+00
-5.516327000000000425e+00
-4.474226999999999954e+00
-3.611626999999999921e+00
-3.763827000000000034e+00
-4.902827000000000268e+00
-2.572926999999999964e+00
-1.651526999999999967e+00
-1.677626999999999979e+00
-2.780727000000000171e+00
-7.043270000000000364e-01
-5.106270000000000531e-01
9.580729999999999524e-01
1.523273000000000099e+00
2.864173000000000080e+00
3.666672999999999849e+00
3.113773000000000124e+00
1.759573000000000054e+00
-5.187227000000000032e+00
-6.394827000000000261e+00
3.969573000000000018e+00
3.443672999999999984e+00
4.991172999999999860e+00
5.787772999999999612e+00
3.393273000000000206e+00
3.309073000000000153e+00
4.847300000000000220e-02
-8.358269999999999866e-01
-2.926927000000000056e+00
-9.787270000000000136e-01
-9.831269999999999731e-01
9.201730000000000187e-01
1.289973000000000036e+00
-5.014927000000000135e+00
-6.039826999999999835e+00
-6.243527000000000271e+00
-7.195426999999999573e+00
4.255372999999999628e+00
2.649573000000000178e+00
3.095073000000000185e+00
6.832272999999999818e+00
5.701572999999999780e+00
5.518572999999999951e+00
3.749273000000000078e+00
2.265772999999999815e+00
3.876072999999999880e+00
-6.112269999999999648e-01
5.252729999999999899e-01
8.331730000000000524e-01
