-6.638455999999999690e+00
-6.934155999999999764e+00
-6.033056000000000196e+00
-4.730355999999999561e+00
-4.315456000000000181e+00
-5.342856000000000272e+00
-2.907356000000000051e+00
-2.049355999999999955e+00
-7.015559999999999574e-01
-1.470559999999999923e-01
-1.038756000000000013e+00
-2.382156000000000162e+00
-8.241455999999999449e+00
-5.103655999999999970e+00
1.129644000000000092e+00
-4.329456000000000415e+00
-3.726555999999999980e+00
2.201243999999999978e+00
3.320444000000000173e+00
3.253544000000000214e+00
4.276443999999999690e+00
5.384943999999999953e+00
5.445243999999999751e+00
4.418243999999999616e+00
8.864400000000000057e-02
6.643999999999999732e-03
7.758439999999999781e-01
6.451743999999999701e+00
6.184444000000000052e+00
7.724543999999999855e+00
8.850044000000000466e+00
-2.421856000000000009e+00
-6.930560000000000054e-01
-3.015655999999999892e+00
-8.493055999999999273e+00
-8.951256000000000768e+00
-4.240255999999999581e+00
-5.917755999999999794e+00
1.368244000000000016e+00
-3.540655999999999803e+00
-5.043055999999999983e+00
-4.849855999999999945e+00
-3.000656000000000212e+00
-3.186155999999999988e+00
2.588344000000000200e+00
1.847344000000000097e+00
2.398843999999999976e+00
4.203744000000000369e+00
6.269943999999999740e+00
4.478443999999999647e+00
7.914443999999999591e+00
9.165143999999999735e+00
8.564944000000000557e+00
9.663843999999999212e+00
