-5.469002999999999837e+00
-5.774702999999999697e+00
-4.876903000000000432e+00
-3.580802999999999958e+00
-3.124802999999999997e+00
-4.160903000000000240e+00
-2.608403000000000027e+00
-1.251503000000000032e+00
-8.692029999999999479e-01
-1.799403000000000086e+00
-3.888503000000000043e+00
-7.087602999999999653e+00
4.470970000000000222e-01
1.717197000000000084e+00
1.913497000000000003e+00
3.186897000000000091e+00
4.286997000000000391e+00
4.119496999999999964e+00
2.848097000000000101e+00
2.586897000000000002e+00
3.697496999999999812e+00
3.216197000000000195e+00
4.492196999999999996e+00
-2.900903000000000009e+00
-5.305029999999999468e-01
-2.988503000000000132e+00
-4.674303000000000097e+00
-7.351202999999999932e+00
-7.792502999999999957e+00
4.900970000000000049e-01
1.079596999999999918e+00
5.294397000000000020e+00
5.007996999999999588e+00
3.316297000000000050e+00
4.177397000000000027e+00
4.412996999999999836e+00
4.343196999999999974e+00
5.163997000000000170e+00
4.931597000000000008e+00
