-2.716073999999999877e+00
-2.473974000000000117e+00
-1.460973999999999995e+00
-6.347739999999999494e-01
-8.174740000000000339e-01
-1.877274000000000109e+00
4.679260000000000086e-01
1.559825999999999935e+00
9.768259999999999721e-01
1.212260000000000004e-01
1.999259999999999926e-01
-5.717400000000000260e-02
9.037260000000000293e-01
6.424260000000000526e-01
1.602826000000000084e+00
2.863125999999999838e+00
3.164125999999999994e+00
2.194526000000000199e+00
-2.180574000000000012e+00
-3.315474000000000032e+00
4.046126000000000111e+00
-1.409774000000000083e+00
1.732600000000000112e-02
9.211260000000000003e-01
2.216025999999999829e+00
2.189226000000000116e+00
1.816526000000000085e+00
7.965259999999999563e-01
-4.295740000000000114e-01
-7.514739999999999753e-01
7.392260000000000497e-01
-3.270739999999999759e-01
1.347625999999999991e+00
4.147126000000000090e+00
2.494425999999999810e+00
-1.419874000000000080e+00
-2.980274000000000090e+00
-3.156374000000000013e+00
-4.093773999999999802e+00
-1.896074000000000037e+00
-1.381273999999999891e+00
-2.048474000000000128e+00
