-3.676219000000000126e+00
-3.551118999999999915e+00
-2.389018999999999782e+00
-1.271219000000000099e+00
-1.244018999999999986e+00
-2.554619000000000195e+00
4.228099999999999914e-02
1.247281000000000084e+00
2.513980999999999799e+00
2.638380999999999865e+00
1.483581000000000039e+00
2.212810000000000055e-01
-4.677318999999999782e+00
-2.815919000000000061e+00
1.191281000000000034e+00
-2.190000000000000106e-04
3.920180999999999916e+00
4.083281000000000382e+00
3.413581000000000198e+00
1.511981000000000019e+00
-6.276190000000000380e-01
-4.606818999999999775e+00
-5.576318999999999804e+00
-2.689618999999999982e+00
-2.335018999999999956e+00
2.107480999999999938e+00
1.122181000000000095e+00
-1.021190000000000014e-01
1.533809999999999896e-01
5.156481000000000314e+00
3.681980999999999948e+00
3.628581000000000056e+00
