-5.125492999999999633e+00
-5.226593000000000266e+00
-4.293693000000000204e+00
-3.173893000000000075e+00
-2.916793000000000191e+00
-3.999192999999999998e+00
-1.895393000000000105e+00
-9.582929999999999504e-01
-1.551493000000000011e+00
-9.386929999999999996e-01
-4.035192999999999586e+00
-6.389293000000000333e+00
4.936070000000000180e-01
7.361069999999999558e-01
1.199607000000000090e+00
5.949069999999999636e-01
1.360506999999999911e+00
2.750706999999999791e+00
3.381107000000000085e+00
2.596506999999999898e+00
4.744607000000000241e+00
5.412106999999999779e+00
3.492207000000000061e+00
3.852806999999999871e+00
7.212070000000000425e-01
4.080070000000000086e-01
-1.186393000000000031e+00
-1.419492999999999894e+00
-3.357692999999999817e+00
-4.892892999999999937e+00
-6.510893000000000264e+00
-7.117492999999999626e+00
1.005506999999999929e+00
-4.806929999999999814e-01
3.056807000000000052e+00
6.484206999999999610e+00
5.098707000000000100e+00
5.257306999999999952e+00
4.444707000000000185e+00
4.468506999999999785e+00
2.965806999999999860e+00
-1.336930000000000063e-01
-2.403929999999999956e-01
1.318106999999999918e+00
