-4.504970000000000141e+00
-4.447169999999999845e+00
-3.441969999999999974e+00
-2.426270000000000149e+00
-2.383869999999999933e+00
-3.487470000000000070e+00
-1.185070000000000068e+00
1.662999999999999895e-02
3.652999999999999997e-02
1.119529999999999914e+00
2.206729999999999858e+00
2.207530000000000214e+00
1.114130000000000065e+00
-3.595070000000000210e+00
-5.479269999999999641e+00
3.272330000000000183e+00
4.227829999999999977e+00
1.045430000000000081e+00
1.750830000000000108e+00
1.370929999999999982e+00
3.938300000000000134e-01
2.095299999999999940e-01
3.314830000000000165e+00
3.589430000000000121e+00
-1.610069999999999890e+00
-9.264700000000000157e-01
-1.411070000000000046e+00
-8.441699999999999759e-01
1.131930000000000103e+00
-3.276470000000000216e+00
-4.450269999999999726e+00
-5.454670000000000130e+00
-6.248669999999999725e+00
5.054229999999999556e+00
3.789930000000000021e+00
4.632629999999999804e+00
2.451029999999999820e+00
1.756729999999999903e+00
-1.230699999999999988e-01
-4.394700000000000273e-01
4.040429999999999744e+00
2.683730000000000171e+00
4.318830000000000169e+00
