-2.712724000000000135e+00
-2.616924000000000028e+00
-1.530823999999999963e+00
-4.651239999999999819e-01
-4.920240000000000169e-01
-1.649324000000000012e+00
-1.753824000000000050e+00
-3.705023999999999873e+00
7.851759999999999851e-01
1.579576000000000091e+00
8.104759999999999742e-01
1.311976000000000031e+00
2.628375999999999824e+00
3.411376000000000186e+00
2.889575999999999922e+00
-1.279123999999999928e+00
-2.656324000000000130e+00
-3.666024000000000171e+00
-4.542824000000000417e+00
6.950760000000000272e-01
1.271076000000000095e+00
7.012760000000000105e-01
3.049475999999999853e+00
4.436875999999999820e+00
3.499776000000000220e+00
