-6.539905000000000079e+00
-6.529804999999999637e+00
-5.448104999999999976e+00
-4.315405000000000157e+00
-4.183304999999999829e+00
-5.373904999999999710e+00
-3.044505000000000017e+00
-2.189105000000000079e+00
-2.856104999999999894e+00
-5.419805000000000206e+00
-7.735904999999999809e+00
1.358994999999999953e+00
2.242995000000000072e+00
3.614895000000000191e+00
4.108794999999999753e+00
3.247695000000000221e+00
1.882495000000000029e+00
-7.042049999999999699e-01
8.949999999999999623e-04
3.830795000000000172e+00
2.970594999999999875e+00
5.453495000000000203e+00
6.140394999999999825e+00
4.543194999999999872e+00
4.075594999999999857e+00
-2.783304999999999918e+00
-4.566804999999999559e+00
-6.306905000000000427e+00
-7.778505000000000003e+00
-8.577605000000000146e+00
1.844095000000000040e+00
1.187095000000000011e+00
-3.115049999999999764e-01
-5.307049999999999823e-01
-5.882049999999999779e-01
3.589995000000000047e+00
2.239895000000000191e+00
2.479095000000000049e+00
7.204995000000000260e+00
5.796795000000000364e+00
6.025595000000000034e+00
4.939295000000000435e+00
3.636295000000000055e+00
3.369594999999999896e+00
