-2.869655999999999985e+00
-2.946956000000000131e+00
-1.892155999999999949e+00
-6.661559999999999704e-01
-4.840559999999999863e-01
-1.646155999999999953e+00
4.925439999999999818e-01
1.850343999999999989e+00
2.040443999999999924e+00
8.816439999999999833e-01
2.403443999999999914e+00
-1.619156000000000040e+00
-4.183556000000000274e+00
1.366443999999999992e+00
1.385844000000000076e+00
3.302439999999999820e-01
-6.779560000000000031e-01
3.048440000000000039e-01
4.928440000000000043e-01
3.274440000000000128e-01
2.651444000000000134e+00
1.952043999999999890e+00
2.934944000000000219e+00
1.065044000000000102e+00
8.966439999999999966e-01
3.311344000000000065e+00
2.692444000000000059e+00
-8.837559999999999860e-01
-2.527855999999999881e+00
-4.271156000000000397e+00
-5.003356000000000137e+00
2.137443999999999900e+00
1.070440000000000003e-01
4.744400000000000006e-02
