-3.613109999999999822e+00
-3.570409999999999862e+00
-2.459709999999999841e+00
-1.314610000000000056e+00
-1.219410000000000105e+00
-2.446810000000000151e+00
-2.081099999999999894e-01
9.971900000000000208e-01
1.090389999999999970e+00
-2.430999999999999828e-02
-2.520809999999999995e+00
-4.742609999999999992e+00
2.377990000000000048e+00
2.432990000000000208e+00
2.180890000000000217e+00
2.581389999999999851e+00
-1.813709999999999933e+00
-3.445609999999999840e+00
-4.748210000000000264e+00
-5.603410000000000224e+00
3.254989999999999828e+00
2.453089999999999993e+00
3.382390000000000008e+00
1.623089999999999922e+00
2.345790000000000042e+00
1.920390000000000041e+00
3.028589999999999893e+00
3.407490000000000130e+00
2.909190000000000165e+00
1.744990000000000041e+00
