-7.704266999999999754e+00
-7.948767000000000138e+00
-7.031867000000000090e+00
-5.787067000000000405e+00
-5.393167000000000044e+00
-6.436567000000000149e+00
-4.883666999999999980e+00
-3.601866999999999930e+00
-3.198066999999999993e+00
-4.099267000000000216e+00
-1.753366999999999898e+00
-1.575266999999999973e+00
-4.473670000000000146e-01
-5.600669999999999815e-01
5.778330000000000410e-01
1.854832999999999954e+00
1.984232999999999913e+00
8.442330000000000112e-01
-6.229267000000000110e+00
-9.224066999999999794e+00
3.037332999999999839e+00
2.941432999999999964e+00
4.200232999999999883e+00
5.460833000000000048e+00
6.648233000000000281e+00
7.834832999999999714e+00
6.269533000000000023e+00
5.451233000000000217e+00
6.463033000000000250e+00
6.371032999999999724e+00
7.030632999999999910e+00
5.436132999999999882e+00
-1.837666999999999939e+00
-2.429767000000000010e+00
-2.902067000000000174e+00
-1.111766999999999950e+00
-1.444866999999999901e+00
4.773330000000000073e-01
2.958933000000000035e+00
9.783330000000000082e-01
-5.299466999999999928e+00
-7.015867000000000075e+00
-9.446367000000000402e+00
-9.943167000000000755e+00
4.236532999999999660e+00
5.552032999999999774e+00
7.106932999999999723e+00
4.453133000000000230e+00
5.646932999999999758e+00
7.490332999999999686e+00
6.298033000000000214e+00
5.447133000000000003e+00
-1.770666999999999991e+00
-2.849066999999999794e+00
-1.126567000000000096e+00
