-4.312117999999999896e+00
-4.095317999999999792e+00
-2.893117999999999856e+00
-1.836918000000000051e+00
-1.910417999999999950e+00
-3.241518000000000121e+00
-6.833179999999999810e-01
4.874820000000000264e-01
5.506820000000000048e-01
-6.637180000000000302e-01
1.883882000000000057e+00
1.766381999999999897e+00
7.346819999999999462e-01
-6.411179999999999657e-01
-3.574618000000000073e+00
-5.175417999999999630e+00
1.669081999999999955e+00
1.918282000000000043e+00
3.038781999999999872e+00
3.924281999999999826e+00
3.688982000000000205e+00
2.568481999999999932e+00
2.380381999999999998e+00
2.525382000000000016e+00
2.739581999999999962e+00
1.473781999999999925e+00
1.026181999999999928e+00
6.897820000000000062e-01
-1.046418000000000070e+00
-1.270917999999999992e+00
-3.263317999999999941e+00
-3.333518000000000203e+00
-5.044018000000000335e+00
-6.104318000000000133e+00
1.234282000000000101e+00
3.218182000000000098e+00
4.796981999999999857e+00
4.376681999999999739e+00
2.397882000000000069e+00
