-1.137091000000000074e+00
-1.539090999999999987e+00
-8.762910000000000421e-01
2.696089999999999876e-01
7.751090000000000479e-01
9.809000000000000011e-03
2.070409000000000166e+00
1.973708999999999936e+00
8.675089999999999746e-01
7.800089999999999524e-01
1.824008999999999991e+00
2.944709000000000021e+00
3.031909000000000187e+00
3.913090000000000179e-01
-2.698291000000000217e+00
-3.632909999999999751e-01
-5.699910000000000254e-01
-1.955791000000000057e+00
-2.281290999999999958e+00
-3.677690999999999821e+00
4.102708999999999939e+00
5.197308999999999735e+00
-4.010890999999999984e+00
-4.793290999999999968e+00
-3.344691000000000081e+00
7.898089999999999833e-01
2.611908999999999814e+00
2.694608999999999810e+00
4.970900000000000318e-02
1.811409000000000047e+00
3.736708999999999836e+00
1.263209000000000026e+00
4.513090000000000157e-01
-3.022091000000000083e+00
-3.224390999999999785e+00
1.907089999999999896e-01
-5.250909999999999744e-01
-2.705791000000000057e+00
-2.009990999999999861e+00
-1.535890999999999895e+00
-2.212091000000000030e+00
-4.431491000000000291e+00
-3.778090999999999866e+00
5.954908999999999786e+00
4.888308999999999571e+00
5.651908999999999850e+00
-3.639991000000000199e+00
