-3.366207000000000171e+00
-3.578606999999999871e+00
-2.618006999999999973e+00
-1.347307000000000032e+00
-1.028207000000000093e+00
-2.098206999999999933e+00
-3.003069999999999906e-01
1.126692999999999945e+00
1.411693000000000087e+00
3.906930000000000125e-01
1.575792999999999999e+00
3.587929999999999731e-01
7.049929999999999808e-01
1.894592999999999972e+00
2.029192999999999802e+00
1.004993000000000025e+00
-2.009070000000000022e-01
-3.438069999999999737e-01
-1.933907000000000043e+00
-4.860206999999999944e+00
5.485929999999999973e-01
-1.162306999999999979e+00
-2.324707000000000079e+00
1.159192999999999918e+00
1.765892999999999935e+00
3.210892999999999997e+00
3.122993000000000130e+00
-4.071069999999999967e-01
-4.981070000000000220e-01
1.837693000000000021e+00
1.298092999999999941e+00
2.393292999999999893e+00
6.969929999999999737e-01
4.360930000000000084e-01
2.357793000000000028e+00
1.947392999999999930e+00
-3.812070000000000181e-01
2.715292999999999957e+00
-1.267306999999999961e+00
-1.112206999999999946e+00
-2.785607000000000166e+00
-5.050106999999999680e+00
-5.611506999999999579e+00
-3.314070000000000071e-01
1.395693000000000072e+00
-2.943506999999999874e+00
-2.061007000000000033e+00
-2.913806999999999814e+00
1.838592999999999922e+00
2.778293000000000124e+00
1.154692999999999969e+00
4.080193000000000403e+00
2.338392999999999944e+00
2.952093000000000078e+00
