-6.229969999999999786e+00
-6.229770000000000252e+00
-5.145870000000000388e+00
-3.981370000000000076e+00
-3.842569999999999819e+00
-5.050970000000000404e+00
-2.825769999999999893e+00
-1.600670000000000037e+00
-1.543069999999999942e+00
-2.647470000000000212e+00
-5.088370000000000282e+00
-7.410370000000000346e+00
-3.258699999999999930e-01
1.194630000000000081e+00
1.681629999999999958e+00
3.016030000000000211e+00
3.868430000000000035e+00
3.403929999999999900e+00
2.069329999999999892e+00
3.578230000000000022e+00
2.728730000000000100e+00
4.228930000000000078e+00
4.893729999999999691e+00
5.188329999999999664e+00
5.346029999999999838e+00
-2.493700000000000083e-01
-2.866670000000000051e+00
-7.047700000000000076e-01
-4.400369999999999671e+00
-6.000070000000000014e+00
-7.439869999999999983e+00
-8.250970000000000582e+00
3.653299999999999881e-01
9.890299999999999647e-01
1.708730000000000082e+00
3.327830000000000066e+00
2.353229999999999933e+00
1.908530000000000060e+00
5.535230000000000317e+00
4.173329999999999984e+00
5.528430000000000177e+00
6.394829999999999792e+00
4.730030000000000179e+00
5.111030000000000406e+00
-8.521699999999999831e-01
-6.371700000000000141e-01
