-6.154222999999999999e+00
-6.074023000000000394e+00
-4.938423000000000229e+00
-3.802223000000000130e+00
-3.764222999999999875e+00
-5.004622999999999600e+00
-2.682122999999999813e+00
-1.486223000000000072e+00
-1.337623000000000006e+00
-2.508322999999999858e+00
1.497700000000000073e-02
4.222770000000000135e-01
1.984077000000000091e+00
2.117176999999999865e+00
3.334477000000000135e+00
4.442576999999999998e+00
4.317976999999999954e+00
3.087276999999999827e+00
-5.134922999999999682e+00
-7.238122999999999863e+00
5.672176999999999580e+00
6.765677000000000163e+00
6.644177000000000000e+00
5.428677000000000419e+00
-6.209230000000000027e-01
-2.452822999999999976e+00
7.762769999999999948e-01
3.067699999999999941e-02
1.276677000000000062e+00
3.408577000000000190e+00
2.996877000000000013e+00
-4.452422999999999575e+00
-6.088623000000000118e+00
-7.216923000000000421e+00
-8.117722999999999800e+00
5.788577000000000083e+00
7.713477000000000139e+00
7.496577000000000268e+00
5.355277000000000065e+00
