-5.642412000000000205e+00
-6.424812000000000189e+00
-6.420512000000000441e+00
-5.570312000000000374e+00
-4.710111999999999632e+00
-4.787312000000000012e+00
-3.790312000000000126e+00
-2.544611999999999874e+00
-1.646311999999999998e+00
-2.032411999999999885e+00
-3.262811999999999824e+00
-4.136111999999999789e+00
-7.295612000000000208e+00
-4.033611999999999753e+00
-9.971119999999999983e-01
-6.580511999999999695e+00
-5.607412000000000063e+00
-3.987120000000000108e-01
-1.181119999999999948e-01
1.055987999999999927e+00
1.450288000000000022e+00
3.413488000000000078e+00
4.479187999999999725e+00
3.903988000000000014e+00
5.046287999999999663e+00
4.941588000000000314e+00
3.698888000000000176e+00
2.571687999999999974e+00
2.662187999999999999e+00
1.919788000000000050e+00
2.849988000000000188e+00
4.972188000000000052e+00
4.950887999999999955e+00
6.290987999999999580e+00
7.417288000000000103e+00
7.313087999999999589e+00
6.083187999999999818e+00
-2.278912000000000049e+00
-3.550012000000000167e+00
-5.091712000000000238e+00
-7.918511999999999773e+00
-7.345711999999999797e+00
-3.099412000000000056e+00
-4.152911999999999715e+00
-6.551012000000000057e+00
-6.326012000000000413e+00
-7.609111999999999654e+00
-5.882812000000000374e+00
-4.605311999999999628e+00
6.108879999999999866e-01
1.621987999999999985e+00
3.983487999999999918e+00
3.597787999999999986e+00
1.619588000000000028e+00
2.505187999999999970e+00
1.294688000000000061e+00
3.648487999999999953e+00
2.292187999999999892e+00
4.218087999999999838e+00
5.104688000000000336e+00
5.905987999999999793e+00
6.394688000000000372e+00
8.377188000000000301e+00
8.192488000000000881e+00
6.022187999999999874e+00
