-6.159989999999999633e+00
-6.677789999999999893e+00
-6.085090000000000110e+00
-4.882889999999999731e+00
-4.251290000000000013e+00
-4.956389999999999851e+00
-2.951989999999999892e+00
-1.748490000000000100e+00
-4.994899999999999896e-01
-4.657899999999999818e-01
-1.651790000000000092e+00
-2.883090000000000153e+00
-7.893390000000000128e+00
-4.491489999999999760e+00
1.024809999999999999e+00
-5.114090000000000025e+00
-4.252889999999999837e+00
6.597100000000000186e-01
1.273709999999999898e+00
2.441009999999999902e+00
2.912110000000000198e+00
4.920209999999999972e+00
4.380309999999999704e+00
3.991210000000000147e+00
5.313909999999999911e+00
6.269309999999999938e+00
6.000709999999999766e+00
4.716709999999999958e+00
3.695310000000000095e+00
3.303809999999999913e+00
4.012809999999999988e+00
3.195009999999999906e+00
5.446909999999999918e+00
-1.772690000000000099e+00
-1.628689999999999971e+00
-3.795290000000000052e+00
-8.314289999999999736e+00
-8.386189999999999145e+00
-3.492490000000000094e+00
-5.075090000000000323e+00
-4.595390000000000086e+00
-5.323990000000000222e+00
-6.071189999999999642e+00
-4.031089999999999840e+00
-3.309289999999999843e+00
2.078710000000000058e+00
3.279409999999999936e+00
5.604610000000000092e+00
7.307010000000000005e+00
4.515209999999999724e+00
2.687009999999999899e+00
4.032009999999999650e+00
2.682209999999999983e+00
4.617409999999999570e+00
3.296409999999999840e+00
5.000210000000000043e+00
6.202309999999999768e+00
5.901510000000000034e+00
