-6.168680000000000163e+00
-5.976479999999999571e+00
-4.784480000000000288e+00
-3.714179999999999815e+00
-3.760380000000000056e+00
-5.082580000000000098e+00
-2.568880000000000052e+00
-1.398779999999999912e+00
-1.284680000000000044e+00
-2.496980000000000199e+00
6.722000000000000197e-02
1.322519999999999918e+00
2.595320000000000071e+00
3.214620000000000033e+00
4.380919999999999703e+00
4.933419999999999916e+00
4.323920000000000208e+00
3.156320000000000014e+00
-5.389579999999999593e+00
-7.072680000000000078e+00
2.492620000000000058e+00
3.018120000000000136e+00
4.873319999999999652e+00
6.064119999999999955e+00
-2.473479999999999901e+00
-5.277800000000000269e-01
1.257199999999999984e-01
9.442000000000000393e-02
1.302019999999999955e+00
1.345820000000000016e+00
2.780720000000000081e+00
5.839920000000000222e+00
4.795720000000000205e+00
-5.077779999999999738e+00
-5.127279999999999838e+00
-6.960280000000000022e+00
-7.994279999999999831e+00
2.364120000000000221e+00
3.013920000000000154e+00
4.020220000000000127e+00
6.323019999999999641e+00
6.898620000000000196e+00
5.902619999999999756e+00
-2.931680000000000064e+00
-2.990479999999999805e+00
-1.467880000000000074e+00
