-2.834150000000000169e+00
-2.625849999999999795e+00
-1.422749999999999959e+00
-3.507500000000000062e-01
-4.266499999999999737e-01
-1.755749999999999922e+00
8.922499999999999876e-01
2.082650000000000112e+00
2.036550000000000082e+00
8.006499999999999728e-01
-2.068649999999999878e+00
-3.711149999999999949e+00
8.479499999999999815e-01
9.238499999999999490e-01
1.017549999999999955e+00
-1.423500000000000043e-01
-4.895000000000000046e-02
1.202250000000000041e+00
2.361450000000000049e+00
2.269950000000000134e+00
9.439499999999999558e-01
3.038850000000000051e+00
2.968350000000000044e+00
-1.751449999999999951e+00
-1.742050000000000098e+00
-3.582650000000000112e+00
-4.638550000000000395e+00
-1.124849999999999905e+00
-9.537499999999999867e-01
1.274149999999999894e+00
3.338150000000000173e+00
3.181750000000000078e+00
