-5.538985000000000269e+00
-5.474185000000000301e+00
-4.347584999999999589e+00
-3.208485000000000031e+00
-3.134984999999999911e+00
-4.378585000000000171e+00
-2.087884999999999991e+00
-9.072850000000000081e-01
-8.201850000000000529e-01
-1.945785000000000098e+00
5.155149999999999455e-01
6.907149999999999679e-01
1.900514999999999954e+00
1.915715000000000057e+00
3.100115000000000176e+00
4.299414999999999765e+00
4.306015000000000370e+00
3.115815000000000001e+00
-4.479284999999999961e+00
-6.640385000000000204e+00
3.205614999999999881e+00
2.948615000000000208e+00
4.132814999999999905e+00
-2.228499999999999925e-02
1.316815000000000069e+00
5.343149999999999844e-01
-1.455849999999999922e-01
9.828149999999999942e-01
5.248814999999999564e+00
5.256515000000000271e+00
-3.762785000000000046e+00
-5.413384999999999891e+00
-6.629685000000000272e+00
-7.513485000000000191e+00
4.005815000000000126e+00
2.280714999999999826e+00
3.416415000000000202e+00
3.843214999999999826e+00
4.597814999999999763e+00
4.836714999999999876e+00
