-6.347730000000000317e+00
-6.234329999999999927e+00
-5.080129999999999590e+00
-3.967330000000000023e+00
-3.930429999999999868e+00
-5.218130000000000379e+00
-2.865330000000000155e+00
-1.658130000000000104e+00
-1.460730000000000084e+00
-2.628829999999999778e+00
-7.052999999999999547e-02
-5.443329999999999558e+00
-7.375029999999999752e+00
-2.519029999999999880e+00
1.150770000000000071e+00
1.336370000000000058e+00
2.227170000000000094e+00
3.046570000000000000e+00
2.445969999999999978e+00
4.223569999999999602e+00
4.813570000000000348e+00
4.227170000000000094e+00
3.039670000000000094e+00
4.721169999999999867e+00
5.922769999999999868e+00
2.410470000000000113e+00
2.999470000000000081e+00
-8.299299999999999455e-01
-9.329999999999999752e-03
1.166999999999999982e-02
-5.220629999999999882e+00
-5.038529999999999731e+00
-7.322930000000000383e+00
-8.269230000000000302e+00
-1.504729999999999901e+00
-2.840230000000000032e+00
-3.114930000000000199e+00
1.113569999999999949e+00
1.861369999999999969e+00
3.963700000000000001e-01
2.837569999999999926e+00
1.631969999999999921e+00
4.682269999999999932e+00
5.732669999999999710e+00
6.175469999999999793e+00
6.753169999999999895e+00
5.780369999999999564e+00
2.406070000000000153e+00
2.977170000000000094e+00
4.025070000000000370e+00
