-4.916154999999999831e+00
-4.920754999999999768e+00
-3.829254999999999853e+00
-2.650955000000000172e+00
-2.523254999999999804e+00
-3.724755000000000038e+00
-1.574955000000000105e+00
-3.383550000000000169e-01
-6.795500000000000151e-02
-1.219254999999999978e+00
1.217845000000000066e+00
2.923344999999999860e+00
3.085045000000000037e+00
3.141945000000000210e+00
3.033644999999999925e+00
2.869044999999999845e+00
2.813544999999999963e+00
-3.768454999999999888e+00
-6.129254999999999676e+00
1.417845000000000022e+00
2.852044999999999941e+00
2.345944999999999947e+00
4.680449999999999888e-01
-1.143455000000000110e+00
3.169445000000000068e+00
3.270645000000000024e+00
3.081245000000000012e+00
2.784044999999999881e+00
2.684544999999999959e+00
-3.082254999999999967e+00
-4.700955000000000439e+00
-6.173655000000000115e+00
-6.976754999999999818e+00
1.072144999999999904e+00
7.852449999999999708e-01
3.507344999999999935e+00
3.262744999999999784e+00
3.248044999999999849e+00
2.596245000000000136e+00
2.110444999999999904e+00
