-2.156088000000000005e+00
-1.958887999999999963e+00
-8.758879999999999999e-01
4.421200000000000130e-02
-6.588800000000000212e-02
-1.209988000000000063e+00
1.377712000000000048e+00
1.260011999999999910e+00
1.130811999999999928e+00
1.178911999999999960e+00
-1.413988000000000023e+00
-2.940287999999999791e+00
2.180811999999999973e+00
1.772312000000000110e+00
2.164111999999999814e+00
3.955119999999999747e-01
1.977711999999999914e+00
2.044120000000000104e-01
1.418212000000000028e+00
-1.041287999999999991e+00
-2.304288000000000114e+00
-2.827587999999999990e+00
-3.771787999999999919e+00
2.289811999999999959e+00
3.171412000000000120e+00
