-5.636708999999999747e+00
-5.677408999999999928e+00
-4.733908999999999700e+00
-3.670408999999999811e+00
-3.520709000000000088e+00
-4.573709000000000024e+00
-2.734608999999999845e+00
-1.605309000000000097e+00
-1.367809000000000053e+00
-2.346208999999999989e+00
-4.558809000000000111e+00
-6.762808999999999848e+00
-6.092090000000000005e-01
7.936910000000000354e-01
8.164909999999999668e-01
-1.144089999999999968e-01
1.807990999999999904e+00
1.757490999999999914e+00
2.760590999999999795e+00
3.920190999999999981e+00
3.761591000000000129e+00
4.831890999999999714e+00
6.068990999999999580e+00
6.236491000000000007e+00
5.167091000000000101e+00
2.639390999999999821e+00
-2.199708999999999914e+00
-4.186009000000000313e+00
-5.378608999999999973e+00
-6.829809000000000019e+00
-7.499208999999999570e+00
-6.246089999999999698e-01
-9.085090000000000110e-01
1.145191000000000070e+00
1.491490999999999900e+00
-3.921089999999999853e-01
4.289910000000000112e-01
3.077691000000000177e+00
2.305890999999999913e+00
2.799291000000000196e+00
4.700290999999999997e+00
6.903791000000000011e+00
7.202091000000000243e+00
5.313990999999999687e+00
