-6.518623999999999974e+00
-6.692523999999999695e+00
-5.798023999999999845e+00
-4.636023999999999923e+00
-4.354423999999999850e+00
-5.355424000000000184e+00
-3.097723999999999922e+00
-1.951824000000000003e+00
-7.319240000000000190e-01
-6.824240000000000306e-01
-1.813824000000000103e+00
-3.011724000000000068e+00
-7.860324000000000311e+00
-5.248923999999999701e+00
7.708760000000000057e-01
-4.107923999999999687e+00
-3.636724000000000068e+00
3.960759999999999836e-01
7.671759999999999691e-01
1.830376000000000003e+00
2.567676000000000069e+00
3.947776000000000174e+00
2.283875999999999795e+00
3.117176000000000169e+00
3.456875999999999838e+00
4.259876000000000218e+00
4.780776000000000359e+00
4.107675999999999661e+00
5.381575999999999915e+00
6.509176000000000073e+00
6.364575999999999567e+00
5.091175999999999924e+00
4.540975999999999679e+00
-2.000523999999999969e+00
-1.773323999999999900e+00
-3.883023999999999809e+00
-8.016123999999999583e+00
-8.559224000000000387e+00
-4.335124000000000422e+00
-6.027624000000000315e+00
-3.332224000000000075e+00
-4.322123999999999633e+00
-5.014223999999999570e+00
-3.400424000000000113e+00
-2.713023999999999880e+00
2.014676000000000133e+00
2.631876000000000104e+00
2.845876000000000072e+00
1.396975999999999996e+00
2.537776000000000032e+00
4.034075999999999773e+00
5.377676000000000123e+00
3.956176000000000137e+00
5.432176000000000116e+00
3.234475999999999907e+00
5.493476000000000248e+00
7.502475999999999701e+00
7.245776000000000217e+00
4.998175999999999952e+00
