-6.438742999999999661e+00
-6.517142999999999908e+00
-5.474442999999999948e+00
-4.268843000000000387e+00
-4.065142999999999951e+00
-5.221542999999999601e+00
-3.243142999999999887e+00
-1.980642999999999931e+00
-1.652443000000000106e+00
-2.738443000000000183e+00
-3.788429999999999853e-01
8.194569999999999910e-01
2.031257000000000090e+00
2.610357000000000038e+00
3.749756999999999785e+00
4.337557000000000329e+00
3.739456999999999809e+00
2.594657000000000213e+00
-5.185143000000000058e+00
-7.752543000000000184e+00
5.489257000000000275e+00
6.107457000000000136e+00
4.281257000000000090e+00
4.334356999999999793e+00
2.063057000000000141e+00
1.146257000000000081e+00
-1.211143000000000081e+00
-2.565542999999999907e+00
-2.443430000000000046e-01
9.489570000000000505e-01
7.352570000000000494e-01
2.181557000000000190e+00
4.160256999999999650e+00
-4.517743000000000286e+00
-6.091243000000000407e+00
-7.851243000000000194e+00
-8.564942999999999529e+00
7.000156999999999741e+00
5.444757000000000069e+00
6.429357000000000433e+00
4.190457000000000320e+00
3.548057000000000016e+00
5.321557000000000315e+00
6.113570000000000393e-01
4.072569999999999801e-01
1.680156999999999901e+00
