-4.736448000000000214e+00
-5.131747999999999976e+00
-4.376348000000000127e+00
-3.154447999999999919e+00
-2.656648000000000120e+00
-3.492048000000000041e+00
-2.126348000000000127e+00
-1.165748000000000006e+00
-1.234747999999999957e+00
-8.506479999999999597e-01
5.652519999999999767e-01
-3.124147999999999925e+00
-6.390647999999999662e+00
1.653051999999999966e+00
2.953651999999999944e+00
3.182052000000000103e+00
2.105652000000000079e+00
8.013519999999999532e-01
2.432951999999999781e+00
1.357251999999999903e+00
4.473551999999999751e+00
4.932552000000000270e+00
3.999551999999999996e+00
4.401951999999999643e+00
-1.640447999999999906e+00
-2.552848000000000006e+00
-1.492479999999999918e-01
-1.506847999999999965e+00
-5.755479999999999485e-01
-1.559547999999999934e+00
-9.312479999999999647e-01
-3.021348000000000145e+00
-2.295948000000000100e+00
-6.715148000000000117e+00
-6.988247999999999571e+00
1.488852000000000064e+00
-5.854800000000000282e-02
1.790251999999999954e+00
7.730519999999999614e-01
7.243519999999999959e-01
5.952452000000000076e+00
4.312952000000000119e+00
4.960151999999999894e+00
5.243852000000000402e+00
3.592152000000000012e+00
4.738051999999999708e+00
