-5.762176000000000187e+00
-5.368876000000000204e+00
-4.112776000000000209e+00
-3.188775999999999833e+00
-3.456275999999999904e+00
-4.824175999999999576e+00
-1.962075999999999931e+00
-9.243759999999999755e-01
-1.031876000000000015e+00
-2.338375999999999788e+00
2.341239999999999988e-01
1.261424000000000101e+00
2.576524000000000036e+00
3.463524000000000047e+00
4.815923999999999872e+00
5.320424000000000042e+00
4.456424000000000163e+00
3.101424000000000181e+00
-5.334876000000000396e+00
-6.314676000000000400e+00
-2.565976000000000035e+00
6.654023999999999717e+00
7.206824000000000119e+00
4.782399999999999846e-02
5.684240000000000403e-01
6.252399999999999625e-02
9.328239999999999865e-01
3.108124000000000109e+00
5.473124000000000322e+00
4.795323999999999920e+00
2.469224000000000085e+00
-5.364475999999999800e+00
-4.929675999999999725e+00
-6.047676000000000052e+00
-7.280476000000000170e+00
-3.401076000000000210e+00
-2.746875999999999873e+00
-1.727176000000000045e+00
8.270324000000000453e+00
7.126123999999999903e+00
6.738223999999999769e+00
