-5.102330000000000254e+00
-5.316230000000000011e+00
-4.460029999999999717e+00
-3.296930000000000138e+00
-2.974330000000000140e+00
-3.937230000000000008e+00
-1.716029999999999944e+00
-5.401299999999999990e-01
6.766699999999999937e-01
6.979699999999999793e-01
-4.629300000000000082e-01
-1.660330000000000084e+00
-6.485730000000000217e+00
-3.789229999999999876e+00
2.151870000000000172e+00
-2.868030000000000079e+00
-2.343129999999999935e+00
1.829069999999999974e+00
2.293969999999999843e+00
3.414169999999999927e+00
4.019969999999999821e+00
4.105269999999999975e+00
4.953470000000000262e+00
5.590569999999999595e+00
4.942169999999999952e+00
-5.608300000000000507e-01
-4.465299999999999825e-01
-2.555829999999999824e+00
-6.673630000000000173e+00
-7.158129999999999882e+00
-2.860430000000000028e+00
-4.542229999999999990e+00
-2.125129999999999963e+00
-3.789629999999999832e+00
-3.075429999999999886e+00
-1.409829999999999917e+00
-2.111029999999999962e+00
3.207770000000000010e+00
4.557269999999999932e+00
4.736069999999999780e+00
3.365369999999999973e+00
4.339170000000000194e+00
5.733069999999999666e+00
6.105570000000000164e+00
5.310369999999999813e+00
5.809370000000000367e+00
4.422069999999999723e+00
