-6.004477999999999760e+00
-5.788377999999999801e+00
-4.622577999999999854e+00
-3.605077999999999783e+00
-3.677178000000000058e+00
-4.971878000000000242e+00
-2.487677999999999834e+00
-1.379677999999999960e+00
-1.305577999999999905e+00
-2.469177999999999873e+00
9.622000000000000344e-03
7.867220000000000324e-01
2.078422000000000214e+00
2.777022000000000101e+00
4.102521999999999558e+00
4.740721999999999881e+00
4.067522000000000304e+00
2.748321999999999932e+00
-5.309377999999999709e+00
-6.831278000000000183e+00
4.652821999999999569e+00
6.059922000000000253e+00
4.810322000000000209e+00
4.143621999999999694e+00
-2.451378000000000057e+00
-5.120780000000000332e-01
5.650220000000000242e-01
-1.633779999999999955e-01
3.399220000000000019e-01
2.285521999999999831e+00
5.763621999999999801e+00
2.227221999999999813e+00
-5.213478000000000279e+00
-4.872778000000000276e+00
-6.706077999999999761e+00
-7.733778000000000041e+00
6.357821999999999640e+00
6.609822000000000308e+00
6.315322000000000102e+00
4.856221999999999817e+00
3.833822000000000063e+00
3.294821999999999917e+00
-3.057977999999999863e+00
-2.813677999999999901e+00
-1.449778000000000011e+00
