-4.747761999999999816e+00
-4.679561999999999777e+00
-3.551162000000000152e+00
-2.410861999999999838e+00
-2.342261999999999844e+00
-3.592061999999999866e+00
-1.212862000000000107e+00
-6.361999999999999600e-03
-1.766200000000000062e-02
-1.172061999999999937e+00
1.272337999999999969e+00
1.605437999999999921e+00
2.847738000000000103e+00
2.904538000000000064e+00
4.123237999999999737e+00
5.320738000000000412e+00
5.297938000000000258e+00
4.077537999999999663e+00
-3.701461999999999808e+00
-5.835361999999999938e+00
4.151138000000000439e+00
1.449138000000000037e+00
-1.210461999999999927e+00
9.215379999999999683e-01
2.060238000000000014e+00
1.136338000000000070e+00
8.262380000000000280e-01
4.145037999999999556e+00
6.270637999999999934e+00
6.238637999999999906e+00
-3.008662000000000170e+00
-4.636961999999999584e+00
-5.815261999999999709e+00
-6.707662000000000013e+00
