-6.001291000000000153e+00
-5.880791000000000324e+00
-4.766491000000000255e+00
-3.694191000000000003e+00
-3.701391000000000098e+00
-4.923591000000000051e+00
-2.589891000000000165e+00
-1.458091000000000026e+00
-1.337291000000000007e+00
-2.503191000000000166e+00
-1.456909999999999872e-01
7.130899999999999739e-02
1.477808999999999928e+00
1.746509000000000089e+00
3.022409000000000123e+00
4.032708999999999655e+00
3.794608999999999899e+00
2.517008999999999830e+00
-5.088191000000000130e+00
-6.976491000000000220e+00
5.313809000000000005e+00
5.492909000000000042e+00
2.184708999999999790e+00
3.222008999999999901e+00
3.382108999999999810e+00
2.369308999999999887e+00
-6.012910000000000199e-01
-2.509891000000000094e+00
6.751089999999999591e-01
-6.377909999999999968e-01
-1.069910000000000028e-01
9.259089999999999820e-01
4.627809000000000061e+00
-4.632791000000000103e+00
-6.022291000000000061e+00
-6.923290999999999862e+00
-7.837691000000000408e+00
6.511109000000000258e+00
4.795908999999999978e+00
5.383009000000000377e+00
2.785308999999999813e+00
4.016009000000000384e+00
3.618109000000000020e+00
2.821908999999999779e+00
1.995408999999999988e+00
1.555808999999999997e+00
