-4.877766000000000268e+00
-4.912665999999999755e+00
-3.880166000000000004e+00
-2.723066000000000209e+00
-2.568865999999999872e+00
-3.722965999999999998e+00
-1.625966000000000022e+00
-3.839659999999999740e-01
-2.130660000000000054e-01
-1.308365999999999918e+00
1.128833999999999893e+00
1.928333999999999993e+00
3.208633999999999986e+00
3.882534000000000152e+00
5.182033999999999807e+00
5.834334000000000131e+00
5.185033999999999921e+00
3.884434000000000164e+00
-3.734766000000000030e+00
-6.083566000000000251e+00
-1.730666000000000038e+00
4.484339999999999993e-01
-1.182466000000000017e+00
1.636933999999999889e+00
9.747339999999999893e-01
1.505934000000000106e+00
3.394734000000000140e+00
5.680734000000000172e+00
6.845233999999999597e+00
5.688133999999999801e+00
3.414633999999999947e+00
-3.217865999999999893e+00
-4.628566000000000180e+00
-6.142865999999999715e+00
-6.886065999999999576e+00
