-4.341184000000000154e+00
-4.300284000000000439e+00
-3.200283999999999907e+00
-2.065484000000000098e+00
-1.969184000000000045e+00
-3.181383999999999990e+00
-9.712840000000000362e-01
2.032160000000000077e-01
3.137159999999999949e-01
-7.845839999999999481e-01
1.678315999999999919e+00
-3.268984000000000112e+00
-5.463784000000000418e+00
1.626816000000000040e+00
1.585515999999999925e+00
1.791415999999999897e+00
1.884316000000000102e+00
1.670716000000000090e+00
1.946015999999999968e+00
1.775916000000000050e+00
1.541215999999999919e+00
1.487116000000000104e+00
1.327816000000000107e+00
1.294016000000000055e+00
1.515015999999999918e+00
1.763716000000000061e+00
2.094415999999999833e+00
1.067115999999999953e+00
2.278216000000000019e+00
2.233816000000000024e+00
-2.433584000000000191e+00
-4.165983999999999909e+00
-5.471283999999999814e+00
-6.316583999999999754e+00
2.127616000000000174e+00
1.820616000000000012e+00
1.393315999999999999e+00
1.271015999999999924e+00
1.129515999999999964e+00
1.091015999999999986e+00
1.491916000000000020e+00
1.939116000000000062e+00
1.450515999999999917e+00
3.140816000000000052e+00
