-3.557500000000000107e+00
-3.399000000000000021e+00
-2.221799999999999997e+00
-1.131199999999999983e+00
-1.142700000000000049e+00
-2.451000000000000068e+00
-3.500000000000000073e-03
1.196900000000000075e+00
1.321700000000000097e+00
1.363999999999999935e-01
2.690500000000000114e+00
2.669099999999999806e+00
1.613699999999999912e+00
2.273999999999999910e-01
-2.722999999999999865e+00
-4.515900000000000247e+00
2.394699999999999829e+00
3.128200000000000092e+00
3.346400000000000041e+00
3.655299999999999994e+00
2.452300000000000146e+00
1.829499999999999904e+00
1.633899999999999908e+00
-9.379999999999999449e-02
-4.390999999999999903e-01
-2.338999999999999968e+00
-2.511000000000000121e+00
-4.429400000000000226e+00
-5.426899999999999835e+00
3.064099999999999824e+00
2.087899999999999867e+00
2.936799999999999855e+00
