-5.498310000000000031e+00
-5.176210000000000200e+00
-3.950110000000000010e+00
-2.983309999999999906e+00
-3.175710000000000033e+00
-4.516409999999999592e+00
-1.791509999999999936e+00
-7.143100000000000005e-01
-7.463100000000000289e-01
-2.019010000000000193e+00
5.540899999999999714e-01
1.602589999999999959e+00
2.938190000000000079e+00
3.837889999999999802e+00
5.203590000000000160e+00
5.694589999999999819e+00
4.827289999999999637e+00
3.458590000000000053e+00
-4.952910000000000146e+00
-6.166710000000000136e+00
-2.170009999999999994e+00
5.433489999999999931e+00
4.592590000000000394e+00
2.248900000000000066e-01
8.278900000000000148e-01
4.502900000000000236e-01
1.294890000000000096e+00
3.477390000000000203e+00
5.881789999999999630e+00
6.760390000000000121e+00
2.781190000000000051e+00
-4.488109999999999822e+00
-4.989609999999999879e+00
-5.954110000000000014e+00
-7.111010000000000275e+00
-1.321609999999999951e+00
-3.017209999999999948e+00
-2.289709999999999912e+00
5.226390000000000313e+00
4.107689999999999841e+00
3.856489999999999974e+00
