-2.266307999999999989e+00
-3.518908000000000147e+00
-4.240808000000000355e+00
-3.755907999999999802e+00
-2.402108000000000132e+00
-1.708407999999999927e+00
-5.027080000000000437e-01
2.218920000000000059e-01
-2.321080000000000088e-01
-1.659507999999999983e+00
-6.251608000000000054e+00
-5.445707999999999771e+00
-4.716908000000000101e+00
-5.936808000000000085e+00
1.423791999999999947e+00
2.393191999999999986e+00
3.554192000000000018e+00
3.787691999999999837e+00
2.875992000000000104e+00
1.696492000000000111e+00
3.059991999999999823e+00
3.865391999999999939e+00
4.923091999999999580e+00
4.700592000000000326e+00
4.504692000000000363e+00
4.028392000000000195e+00
-7.482207999999999970e+00
-4.499507999999999619e+00
-1.742907999999999902e+00
-2.148308000000000106e+00
-2.210799999999999918e-02
4.105920000000000125e-01
-1.691080000000000083e-01
2.254992000000000107e+00
9.805920000000000192e-01
3.904992000000000019e+00
4.887591999999999715e+00
3.430591999999999864e+00
5.639692000000000149e+00
3.937991999999999937e+00
4.415791999999999717e+00
4.754991999999999663e+00
3.066192000000000029e+00
3.965692000000000217e+00
-8.111107999999999763e+00
-7.760407999999999973e+00
-3.844107999999999858e+00
-4.267508000000000301e+00
