-5.420156999999999670e+00
-5.325556999999999874e+00
-4.195256999999999792e+00
-3.076356999999999786e+00
-3.052757000000000165e+00
-4.298556999999999739e+00
-1.881356999999999946e+00
-6.715569999999999595e-01
-5.991570000000000507e-01
-1.818856999999999946e+00
5.907430000000000181e-01
2.295142999999999933e+00
1.638743000000000061e+00
2.017243000000000119e+00
3.077043000000000195e+00
3.756043000000000021e+00
3.378943000000000030e+00
-4.450457000000000107e+00
-6.460456999999999894e+00
1.279242999999999908e+00
1.621043000000000012e+00
1.904943000000000053e+00
3.999642999999999837e+00
5.108242999999999867e+00
6.129430000000000156e-01
-1.872657000000000016e+00
2.114429999999999921e-01
-1.845056999999999947e+00
8.099429999999999685e-01
3.410743000000000080e+00
4.581942999999999877e+00
-3.926457000000000086e+00
-5.401257000000000197e+00
-6.422557000000000293e+00
-7.335456999999999894e+00
9.398429999999999840e-01
2.641643000000000185e+00
1.483743000000000034e+00
2.687943000000000193e+00
1.925443000000000016e+00
5.482442999999999955e+00
4.800042999999999616e+00
5.921343000000000245e+00
1.602943000000000007e+00
-8.545700000000000518e-02
3.599430000000000129e-01
