-5.017922000000000438e+00
-5.163122000000000433e+00
-4.192522000000000304e+00
-3.000621999999999900e+00
-2.714021999999999935e+00
-3.795821999999999807e+00
-1.808821999999999930e+00
-8.387219999999999676e-01
-1.371722000000000108e+00
-3.680622000000000060e+00
-6.417121999999999993e+00
5.742779999999999552e-01
1.170778000000000096e+00
2.530978000000000172e+00
3.317778000000000116e+00
2.757978000000000041e+00
1.400578000000000101e+00
4.645077999999999818e+00
4.939377999999999602e+00
3.041177999999999937e+00
3.632677999999999852e+00
8.652779999999999916e-01
1.232777999999999929e+00
1.205780000000000046e-01
-1.670522000000000062e+00
-2.781721999999999806e+00
-4.494722000000000328e+00
-6.576022000000000034e+00
-7.178122000000000114e+00
5.940779999999999950e-01
3.365477999999999970e+00
5.819677999999999685e+00
5.194478000000000151e+00
4.121578000000000408e+00
4.009877999999999609e+00
4.477278000000000091e+00
2.890378000000000114e+00
