-2.704499999999999904e+00
-2.714799999999999880e+00
-1.631899999999999906e+00
-4.506000000000000005e-01
-3.407999999999999918e-01
-1.521600000000000064e+00
7.356000000000000316e-01
2.086300000000000043e+00
2.129399999999999959e+00
9.789999999999999813e-01
2.315199999999999925e+00
1.245400000000000063e+00
8.069999999999999396e-02
-8.993999999999999773e-01
-7.207000000000000073e-01
4.406999999999999806e-01
1.420400000000000107e+00
-1.565499999999999892e+00
-3.908100000000000129e+00
6.318000000000000282e-01
7.034000000000000252e-01
2.874699999999999811e+00
2.317299999999999915e+00
3.050800000000000178e+00
1.268999999999999906e+00
8.670999999999999819e-01
3.268800000000000150e+00
2.465199999999999836e+00
-7.420000000000000207e-02
-1.802699999999999969e+00
-1.484699999999999909e+00
5.853000000000000425e-01
2.322099999999999831e+00
-7.943000000000000060e-01
-2.482099999999999973e+00
-3.944900000000000073e+00
-4.747399999999999842e+00
