-4.030305000000000248e+00
-4.128605000000000302e+00
-3.106104999999999894e+00
-1.883205000000000018e+00
-1.672905000000000086e+00
-2.819805000000000117e+00
-3.477049999999999863e-01
1.799949999999999883e-01
1.454895000000000049e+00
2.216895000000000060e+00
1.698094999999999910e+00
4.258950000000000236e-01
-5.352305000000000312e+00
-2.779104999999999936e+00
3.799094999999999889e+00
-7.458050000000000512e-01
1.262949999999999906e-01
1.367995000000000072e+00
2.318595000000000184e+00
3.624594999999999789e+00
3.984094999999999942e+00
3.036294999999999966e+00
1.728194999999999926e+00
2.031594999999999818e+00
-4.055050000000000043e-01
2.277495000000000047e+00
4.369499999999999773e-02
-5.456204999999999750e+00
-6.148505000000000109e+00
-2.125805000000000167e+00
-3.670504999999999907e+00
-2.246049999999999991e-01
-1.155105000000000048e+00
2.046295000000000197e+00
4.359994999999999621e+00
5.001394999999999591e+00
3.314595000000000180e+00
1.016094999999999970e+00
