-4.240999999999999659e+00
-4.431600000000000428e+00
-3.454899999999999860e+00
-2.199100000000000055e+00
-1.863699999999999912e+00
-2.971900000000000208e+00
-1.151399999999999979e+00
1.683999999999999941e-01
3.914000000000000257e-01
-5.846000000000000085e-01
-2.820100000000000051e+00
-5.706199999999999939e+00
1.915200000000000014e+00
1.853699999999999903e+00
1.762799999999999923e+00
1.749900000000000011e+00
1.839299999999999935e+00
1.907899999999999929e+00
1.654900000000000038e+00
1.611900000000000110e+00
1.788200000000000012e+00
3.111600000000000144e+00
2.028599999999999959e+00
2.914000000000000146e+00
2.392999999999999794e+00
-1.363899999999999890e+00
9.756000000000000227e-01
-1.934700000000000086e+00
-3.651400000000000201e+00
-5.887800000000000367e+00
-6.465399999999999814e+00
1.866600000000000037e+00
1.700599999999999890e+00
1.948399999999999910e+00
1.575399999999999912e+00
7.080999999999999517e-01
2.516000000000000014e+00
3.025900000000000034e+00
3.604800000000000004e+00
3.715500000000000025e+00
