-5.581075000000000230e+00
-5.322474999999999845e+00
-4.107274999999999565e+00
-3.081974999999999909e+00
-3.200775000000000148e+00
-4.541475000000000151e+00
-1.908574999999999910e+00
-7.834750000000000325e-01
-7.494750000000000023e-01
-1.983775000000000066e+00
5.948250000000000481e-01
-4.916875000000000107e+00
-6.371775000000000411e+00
-2.033574999999999910e+00
8.755249999999999977e-01
1.188625000000000043e+00
2.408024999999999860e+00
3.032824999999999882e+00
2.156524999999999803e+00
4.280124999999999957e+00
4.655325000000000379e+00
3.769824999999999982e+00
2.509125000000000050e+00
5.905924999999999869e+00
6.340024999999999800e+00
1.322250000000000092e-01
1.390724999999999989e+00
6.542249999999999455e-01
-4.583174999999999777e+00
-4.732174999999999798e+00
-6.208974999999999689e+00
-7.309574999999999712e+00
-1.052175000000000082e+00
-2.458474999999999966e+00
-2.615975000000000161e+00
4.782499999999999946e-02
4.844249999999999945e-01
2.860224999999999795e+00
4.955025000000000013e+00
4.032424999999999926e+00
1.829525000000000068e+00
7.348024999999999807e+00
6.396925000000000416e+00
5.694824999999999804e+00
