-5.568963000000000108e+00
-5.743163000000000018e+00
-4.783563000000000009e+00
-3.571461999999999914e+00
-3.234462000000000170e+00
-4.339362999999999637e+00
-2.683661999999999992e+00
-1.411162999999999945e+00
-9.360629999999999784e-01
-1.856862999999999930e+00
5.211379999999999901e-01
6.960370000000000168e-01
1.695238000000000023e+00
1.588338000000000028e+00
2.580337999999999798e+00
3.722637000000000196e+00
3.863738000000000117e+00
2.857438000000000144e+00
-4.262462000000000195e+00
-6.986263000000000112e+00
-1.406662000000000079e+00
4.747537000000000340e+00
4.630937000000000303e+00
5.019937999999999789e+00
5.186336999999999975e+00
-7.596200000000000174e-02
-7.571620000000000017e-01
1.056138000000000021e+00
9.688379999999999770e-01
7.070380000000000553e-01
2.416338000000000097e+00
2.991137999999999852e+00
-3.716162000000000187e+00
-3.991562000000000054e+00
-7.151462999999999681e+00
-7.736963000000000257e+00
-1.664061999999999930e+00
-1.855961999999999890e+00
-3.246620000000000061e-01
5.526437999999999739e+00
3.763338000000000072e+00
4.593036999999999814e+00
6.136937999999999782e+00
5.243737000000000315e+00
4.391337000000000046e+00
-8.996619999999999617e-01
-5.010620000000000074e-01
5.548370000000000246e-01
