2.353139999999999954e-01
-3.718859999999999943e-01
7.801400000000000001e-02
1.220313999999999899e+00
1.923813999999999913e+00
1.372614000000000001e+00
3.190913999999999806e+00
3.081214000000000119e+00
2.007314000000000043e+00
1.873914000000000080e+00
2.842114000000000029e+00
3.933014000000000010e+00
4.067613999999999841e+00
1.973414000000000001e+00
-1.524585999999999997e+00
7.695140000000000313e-01
4.755139999999999922e-01
-8.672860000000000014e-01
-1.312386000000000053e+00
-2.653786000000000200e+00
-3.135585999999999984e+00
5.115713999999999650e+00
6.201013999999999804e+00
-4.463885999999999576e+00
-4.980585999999999736e+00
-6.284285999999999817e+00
1.566014000000000017e+00
3.551514000000000060e+00
3.962114000000000136e+00
1.252513999999999905e+00
2.790214000000000194e+00
4.665913999999999895e+00
2.894013999999999864e+00
2.041214000000000084e+00
-2.009386000000000116e+00
-1.890385999999999900e+00
1.254513999999999907e+00
4.057140000000000191e-01
-1.625785999999999953e+00
-7.951859999999999484e-01
-5.521859999999999546e-01
-1.400786000000000087e+00
-3.406686000000000103e+00
-2.556385999999999825e+00
-2.380386000000000113e+00
-3.257585999999999871e+00
6.966713999999999629e+00
5.883613999999999677e+00
6.648813999999999780e+00
-5.211585999999999608e+00
-4.333085999999999771e+00
-4.234085999999999572e+00
-5.142585999999999657e+00
-6.643786000000000413e+00
-7.061785999999999675e+00
-6.148285999999999696e+00
