-4.254436000000000107e+00
-4.333535999999999611e+00
-3.311636000000000024e+00
-2.127235999999999905e+00
-1.884436000000000000e+00
-3.059536000000000033e+00
-1.101236000000000104e+00
1.794640000000000124e-01
4.825639999999999930e-01
-5.356360000000000010e-01
1.894763999999999893e+00
2.010963999999999974e+00
1.348464000000000107e+00
1.490863999999999967e+00
2.320964000000000027e+00
3.004563999999999790e+00
2.847564000000000206e+00
-3.096836000000000144e+00
-5.534335999999999700e+00
-2.152360000000000106e-01
3.846464000000000105e+00
4.095463999999999771e+00
8.828639999999999821e-01
-8.635999999999999580e-03
-1.297935999999999979e+00
9.381639999999999979e-01
2.543664000000000147e+00
2.317563999999999957e+00
7.230640000000000400e-01
2.415064000000000100e+00
3.385663999999999785e+00
-2.576236000000000193e+00
-2.864336000000000215e+00
-5.618336000000000219e+00
-6.333236000000000310e+00
-5.239359999999999573e-01
-7.019360000000000044e-01
8.518639999999999546e-01
4.796064000000000327e+00
3.176264000000000198e+00
4.565663999999999945e+00
-4.020360000000000045e-01
-8.560360000000000191e-01
5.187640000000000029e-01
