-2.491211999999999982e+00
-3.843112000000000084e+00
-4.716812000000000005e+00
-4.217512000000000150e+00
-2.749111999999999778e+00
-2.145112000000000130e+00
-7.102119999999999544e-01
9.588800000000000101e-02
-4.286119999999999930e-01
-1.934012000000000064e+00
-6.873111999999999888e+00
-6.013811999999999713e+00
-5.211412000000000155e+00
-6.520012000000000363e+00
-1.764312000000000102e+00
1.481587999999999905e+00
2.205087999999999937e+00
3.594187999999999938e+00
4.307587999999999973e+00
3.607387999999999817e+00
2.216488000000000014e+00
4.187687999999999633e+00
5.051388000000000211e+00
5.672988000000000142e+00
6.267488000000000170e+00
4.242788000000000004e+00
4.442688000000000415e+00
-8.194411999999999807e+00
-4.969412000000000162e+00
-4.254112000000000116e+00
-2.728311999999999848e+00
-2.151812000000000058e+00
-7.164120000000000488e-01
-2.992119999999999780e-01
-9.851200000000000234e-02
-3.411200000000000343e-02
1.704887999999999959e+00
1.702687999999999979e+00
5.041188000000000002e+00
6.078388000000000346e+00
4.716488000000000014e+00
7.353387999999999813e+00
6.012588000000000044e+00
5.972488000000000241e+00
4.936187999999999576e+00
3.486187999999999843e+00
5.092387999999999693e+00
-8.870611999999999497e+00
-8.490512000000000725e+00
-4.341611999999999583e+00
-4.702712000000000003e+00
