-5.308926999999999730e+00
-5.292126999999999803e+00
-4.211426999999999587e+00
-3.063927000000000067e+00
-2.962727000000000110e+00
-4.151126999999999789e+00
-1.924326999999999899e+00
-6.934270000000000156e-01
-5.774270000000000236e-01
-1.718626999999999905e+00
7.368730000000000002e-01
2.607273000000000174e+00
1.675972999999999935e+00
2.026972999999999914e+00
3.287272999999999890e+00
4.210772999999999655e+00
3.873473000000000166e+00
-4.228126999999999747e+00
-6.458527000000000129e+00
1.122373000000000065e+00
2.296972999999999931e+00
3.020872999999999919e+00
1.080972999999999962e+00
1.073072999999999944e+00
3.503873000000000015e+00
4.787272999999999890e+00
-1.987527000000000044e+00
1.671729999999999883e-01
-1.644427000000000083e+00
6.127730000000000121e-01
1.510172999999999988e+00
6.782730000000000148e-01
5.204373000000000360e+00
4.612673000000000023e+00
-3.450527000000000122e+00
-5.143727000000000160e+00
-6.478327000000000169e+00
-7.296927000000000163e+00
3.725729999999999875e-01
2.062272999999999801e+00
7.246730000000000116e-01
4.794073000000000029e+00
4.972472999999999921e+00
5.576673000000000435e+00
