-5.461001999999999690e+00
-5.214902000000000371e+00
-4.145302000000000042e+00
-3.255202000000000151e+00
-3.405101999999999851e+00
-4.571602000000000388e+00
-2.191002000000000116e+00
-1.242501999999999995e+00
-1.263902000000000081e+00
-2.393002000000000073e+00
-2.653019999999999823e-01
-7.330200000000000604e-02
1.384597999999999995e+00
2.030898000000000092e+00
3.366598000000000201e+00
4.061498000000000275e+00
3.432897999999999783e+00
2.097497999999999863e+00
-4.856702000000000297e+00
-6.122302000000000355e+00
4.227698000000000178e+00
3.659397999999999929e+00
3.868997999999999937e+00
5.243298000000000236e+00
5.450979999999999714e-01
-4.087020000000000097e-01
-2.537402000000000157e+00
-4.709019999999999873e-01
-6.114020000000000010e-01
1.488998000000000044e+00
5.100497999999999976e+00
1.577898000000000023e+00
-4.641601999999999784e+00
-5.731901999999999830e+00
-5.971802000000000277e+00
-6.944501999999999953e+00
4.428598000000000035e+00
2.814897999999999900e+00
3.366897999999999946e+00
5.491297999999999568e+00
5.420498000000000260e+00
5.888898000000000188e+00
1.044197999999999960e+00
1.315898000000000012e+00
-7.770199999999999330e-02
