-4.229364000000000345e+00
-4.121564000000000227e+00
-2.982364000000000015e+00
-1.876964000000000077e+00
-1.849763999999999964e+00
-3.098764000000000074e+00
-7.427639999999999798e-01
4.043359999999999732e-01
4.485359999999999903e-01
-6.930640000000000134e-01
1.789935999999999972e+00
-3.255564000000000124e+00
-5.254063999999999623e+00
1.706136000000000097e+00
1.622535999999999978e+00
1.960736000000000034e+00
2.178535999999999806e+00
1.821336000000000066e+00
2.283535999999999788e+00
2.026435999999999904e+00
1.659335999999999922e+00
1.556335999999999942e+00
1.172536000000000023e+00
1.082335999999999965e+00
1.434136000000000077e+00
1.870535999999999976e+00
2.567736000000000018e+00
1.302936000000000094e+00
2.325435999999999837e+00
2.424036000000000080e+00
-2.455563999999999858e+00
-4.178563999999999723e+00
-5.209463999999999650e+00
-6.136163999999999952e+00
2.569535999999999820e+00
2.108236000000000221e+00
1.443535999999999930e+00
1.232836000000000043e+00
8.533359999999999834e-01
7.291360000000000063e-01
1.366335999999999995e+00
2.143635999999999875e+00
