-5.906903999999999932e+00
-6.405704000000000065e+00
-5.775704000000000171e+00
-4.543403999999999776e+00
-3.929003999999999941e+00
-4.678104000000000262e+00
-2.596503999999999923e+00
-1.435503999999999891e+00
-1.529040000000000121e-01
-4.120399999999999757e-02
-1.184404000000000012e+00
-2.451903999999999861e+00
-7.641703999999999830e+00
-4.231004000000000431e+00
1.500496000000000052e+00
-4.277403999999999762e+00
-3.910404000000000213e+00
9.665960000000000107e-01
1.441896000000000067e+00
2.535795999999999939e+00
3.116395999999999944e+00
3.206796000000000202e+00
4.034696000000000282e+00
4.605095999999999634e+00
4.360795999999999673e+00
5.620796000000000348e+00
6.769695999999999714e+00
6.672895999999999717e+00
5.428096000000000032e+00
4.278795999999999822e+00
-1.522103999999999902e+00
-1.100403999999999938e+00
-3.331404000000000032e+00
-8.044204000000000576e+00
-8.152304000000000883e+00
-4.847704000000000235e+00
-3.238604000000000038e+00
-3.826404000000000138e+00
-5.362204000000000192e+00
-3.925003999999999937e+00
-2.823004000000000069e+00
-4.261604000000000170e+00
2.380596000000000156e+00
3.338696000000000108e+00
3.834795999999999871e+00
2.437895999999999841e+00
3.408495999999999970e+00
4.848595999999999684e+00
5.117695999999999579e+00
5.717696000000000112e+00
7.742496000000000045e+00
7.567896000000000178e+00
5.349295999999999829e+00
3.313696000000000197e+00
