-5.612298000000000009e+00
-5.864597999999999978e+00
-4.930898000000000003e+00
-3.659597999999999907e+00
-3.256197999999999926e+00
-4.320897999999999683e+00
-2.735997999999999930e+00
-1.425297999999999954e+00
-1.003697999999999979e+00
-1.934698000000000029e+00
4.554019999999999735e-01
-4.093397999999999648e+00
-7.166197999999999624e+00
1.499702000000000091e+00
1.986701999999999968e+00
3.350702000000000069e+00
3.409202000000000066e+00
2.034501999999999811e+00
3.844301999999999886e+00
2.948202000000000211e+00
1.598301999999999889e+00
1.156601999999999908e+00
1.068802000000000030e+00
1.463302000000000103e+00
2.803802000000000127e+00
3.737902000000000058e+00
4.491702000000000083e+00
4.466902000000000150e+00
-7.199980000000000269e-01
5.916019999999999612e-01
6.145019999999999927e-01
-3.238897999999999833e+00
-4.908097999999999850e+00
-7.395497999999999905e+00
-7.898698000000000441e+00
4.907802000000000220e+00
3.307101999999999986e+00
8.790019999999999500e-01
8.260199999999999487e-02
-6.980000000000000527e-04
7.147019999999999484e-01
3.126202000000000147e+00
4.793002000000000429e+00
5.438002000000000002e+00
5.395101999999999620e+00
