-5.638757000000000019e+00
-5.580057000000000045e+00
-4.559656999999999627e+00
-3.520757000000000136e+00
-3.469756999999999980e+00
-4.598456999999999795e+00
-2.508256999999999959e+00
-1.411756999999999929e+00
-1.241357000000000044e+00
-2.309257000000000115e+00
-8.225699999999999679e-02
1.883430000000000104e-01
1.578143000000000074e+00
1.766542999999999974e+00
3.047943000000000069e+00
4.152343000000000117e+00
3.985843000000000025e+00
2.701743000000000006e+00
-4.692156999999999911e+00
-6.639956999999999887e+00
5.152343000000000117e+00
5.041843000000000075e+00
3.085142999999999969e+00
4.373043000000000013e+00
-6.275570000000000315e-01
-2.266757000000000133e+00
6.302429999999999977e-01
-5.505569999999999631e-01
1.211430000000000007e-01
9.038429999999999520e-01
5.164242999999999917e+00
2.538543000000000216e+00
-4.331157000000000146e+00
-5.560157000000000238e+00
-6.632257000000000069e+00
-7.430056999999999690e+00
6.053943000000000296e+00
4.483943000000000012e+00
4.591442999999999941e+00
4.229643000000000264e+00
4.869242999999999988e+00
4.991443000000000296e+00
