-4.650292000000000314e+00
-4.737293000000000198e+00
-3.707491999999999788e+00
-2.513291999999999859e+00
-2.265991999999999784e+00
-3.438991999999999827e+00
-1.549792999999999976e+00
-2.856929999999999747e-01
1.051070000000000060e-01
-8.985929999999999751e-01
1.564507000000000092e+00
1.769806999999999908e+00
2.689207999999999821e+00
2.577507999999999910e+00
3.492408000000000179e+00
4.561707000000000178e+00
4.694707000000000185e+00
3.771507999999999861e+00
-3.454791999999999863e+00
-5.962193000000000076e+00
5.988306999999999825e+00
5.697906999999999833e+00
-5.450920000000000210e-01
3.228006999999999849e+00
1.121906999999999988e+00
4.347070000000000101e-01
2.165106999999999893e+00
1.920706999999999942e+00
1.748107000000000077e+00
3.937107999999999830e+00
-2.984792000000000112e+00
-3.157093000000000149e+00
-6.063193000000000055e+00
-6.765193000000000012e+00
-8.957920000000000327e-01
-9.726930000000000298e-01
5.301069999999999949e-01
2.544069999999999943e-01
7.792069999999999830e-01
1.816206999999999905e+00
