-7.844731000000000343e+00
-7.211630999999999680e+00
-5.895230999999999888e+00
-5.163130999999999915e+00
-5.703031000000000184e+00
-7.090430999999999706e+00
-3.839831000000000216e+00
-3.066831000000000085e+00
-3.587530999999999803e+00
-4.925931000000000282e+00
-2.683530999999999889e+00
-2.179431000000000118e+00
-8.931310000000000082e-01
-5.616309999999999913e-01
7.355690000000000284e-01
1.744069000000000091e+00
1.445068999999999937e+00
1.465690000000000048e-01
-7.779430999999999763e+00
-7.962430999999999592e+00
3.102368999999999932e+00
3.234169000000000072e+00
4.163869000000000042e+00
5.560569000000000095e+00
6.423468999999999873e+00
7.612669000000000352e+00
5.742969000000000435e+00
6.095368999999999815e+00
7.336369000000000362e+00
7.728768999999999778e+00
7.820968999999999838e+00
8.023168999999999329e+00
-3.135431000000000079e+00
-1.450309999999999933e-01
-1.729830999999999896e+00
-1.999330999999999969e+00
-1.855631000000000030e+00
-3.243031000000000219e+00
9.611690000000000511e-01
2.202669000000000210e+00
-7.377531000000000283e+00
-8.790730999999999185e+00
-7.516530999999999629e+00
-8.965431000000000594e+00
4.019868999999999915e+00
5.574068999999999718e+00
6.396368999999999971e+00
6.318668999999999869e+00
5.322168999999999706e+00
7.137969000000000008e+00
8.196569000000000216e+00
8.286868999999999374e+00
-2.668630999999999975e+00
-3.548931000000000058e+00
-3.968430999999999820e+00
