-4.780899999999999928e+00
-4.319899999999999629e+00
-3.029599999999999849e+00
-2.141799999999999926e+00
-2.490800000000000125e+00
-3.869499999999999940e+00
-7.890000000000000346e-01
1.666999999999999871e-01
-2.571999999999999842e-01
-1.573600000000000110e+00
7.533999999999999586e-01
1.293800000000000061e+00
2.665000000000000036e+00
3.294999999999999929e+00
4.668199999999999683e+00
5.440599999999999881e+00
4.859099999999999753e+00
3.487800000000000011e+00
-4.394999999999999574e+00
-5.223399999999999821e+00
7.128700000000000259e+00
2.830499999999999794e+00
2.412799999999999834e+00
4.319999999999999951e-01
-4.620000000000000218e-01
1.222199999999999953e+00
1.549199999999999910e+00
2.661999999999999922e-01
5.130700000000000038e+00
5.466899999999999871e+00
-3.814200000000000035e+00
-5.397999999999999687e+00
-4.904499999999999638e+00
-6.208700000000000330e+00
8.345000000000000195e-01
3.205000000000000071e-01
-5.656999999999999806e-01
