-2.663295000000000190e+00
-2.663695000000000146e+00
-1.572394999999999987e+00
-3.926950000000000163e-01
-2.932949999999999724e-01
-1.482394999999999907e+00
8.034050000000000358e-01
2.149105000000000043e+00
2.171205000000000052e+00
1.024105000000000043e+00
2.322404999999999831e+00
1.216604999999999936e+00
7.230499999999999428e-02
-9.472949999999999982e-01
-8.304949999999999832e-01
3.159049999999999914e-01
1.334905000000000008e+00
-1.536494999999999944e+00
-3.855294999999999916e+00
5.350049999999999528e-01
-2.128894999999999982e+00
7.029050000000000020e-01
7.804050000000000153e-01
2.936805000000000110e+00
2.395904999999999951e+00
3.097004999999999786e+00
1.315104999999999968e+00
9.119049999999999656e-01
3.259205000000000130e+00
2.485205000000000108e+00
-3.859499999999999736e-02
-1.829795000000000060e+00
2.225604999999999833e+00
-7.764950000000000463e-01
-2.458794999999999842e+00
-3.884294999999999831e+00
-4.700795000000000279e+00
