-2.069630000000000081e+00
-2.033030000000000115e+00
-9.154299999999999660e-01
2.527699999999999947e-01
3.350699999999999790e-01
-8.971299999999999830e-01
1.435070000000000068e+00
2.688569999999999904e+00
2.760470000000000201e+00
1.603069999999999995e+00
-9.907299999999999995e-01
-3.218529999999999891e+00
3.955769999999999786e+00
1.385969999999999924e+00
3.597469999999999946e+00
1.690870000000000095e+00
-3.330299999999999927e-01
-1.938530000000000086e+00
-3.224930000000000074e+00
-4.084130000000000038e+00
