-3.405673999999999868e+00
-3.792174000000000156e+00
-3.042174000000000156e+00
-1.820974000000000093e+00
-1.294473999999999902e+00
-2.169274000000000147e+00
-1.009573999999999971e+00
2.600259999999999794e-01
6.993260000000000032e-01
-5.087400000000000255e-02
-1.824273999999999951e+00
-5.034273999999999916e+00
2.316825999999999830e+00
1.985425999999999913e+00
1.215726000000000084e+00
9.523260000000000058e-01
1.457826000000000066e+00
2.232425999999999799e+00
2.513025999999999982e+00
3.277525999999999939e+00
3.936226000000000003e+00
-1.367274000000000100e+00
8.772259999999999502e-01
-8.361739999999999728e-01
-2.479773999999999923e+00
-5.359073999999999671e+00
-5.630174000000000234e+00
8.157259999999999511e-01
3.545260000000000078e-01
1.252226000000000061e+00
2.601825999999999972e+00
4.568526000000000309e+00
3.212025999999999826e+00
4.587425999999999782e+00
