-4.691843000000000430e+00
-4.514043000000000028e+00
-3.336843000000000004e+00
-2.262742999999999949e+00
-2.326642999999999795e+00
-3.601843000000000128e+00
-1.100543000000000049e+00
3.075699999999999962e-02
9.265700000000000325e-02
-1.129642999999999953e+00
1.290656999999999943e+00
3.096356999999999804e+00
2.951257000000000019e+00
3.113656999999999897e+00
3.418356999999999868e+00
3.559156999999999904e+00
3.396856999999999793e+00
-3.837842999999999893e+00
-5.616242999999999874e+00
1.436256999999999895e+00
2.902457000000000065e+00
9.375569999999999737e-01
-1.183942999999999968e+00
2.139457000000000164e+00
2.710256999999999916e+00
3.001157000000000075e+00
3.544957000000000136e+00
3.795056999999999903e+00
3.506956999999999880e+00
-3.170043000000000166e+00
-4.809142999999999724e+00
-5.521442999999999657e+00
-6.524842999999999726e+00
1.083156999999999925e+00
8.205569999999999808e-01
3.530756999999999923e+00
3.269356999999999847e+00
