-1.658106000000000080e+00
-1.481006000000000045e+00
-3.906060000000000088e-01
5.867940000000000378e-01
4.875940000000000274e-01
-6.675060000000000437e-01
1.781794000000000100e+00
2.943394000000000066e+00
2.559693999999999914e+00
1.600294000000000105e+00
2.307593999999999923e+00
1.112994000000000039e+00
-9.131059999999999732e-01
-2.476205999999999907e+00
-1.746060000000000112e-01
-1.278806000000000109e+00
-1.076705999999999941e+00
1.981940000000000091e-01
1.287093999999999960e+00
-2.571206000000000103e+00
-2.824806000000000150e+00
2.664940000000000087e-01
1.540793999999999997e+00
-2.163806000000000118e+00
-2.375306000000000139e+00
1.455994000000000010e+00
2.132194000000000145e+00
3.646393999999999913e+00
3.515794000000000086e+00
2.157194000000000056e+00
1.203194000000000097e+00
3.210593999999999948e+00
2.218494000000000188e+00
-1.515060000000000018e-01
-1.801606000000000041e+00
-2.367706000000000088e+00
-3.313406000000000073e+00
-2.872060000000000168e-01
2.292094000000000076e+00
-2.521806000000000214e+00
-3.904306000000000054e+00
-2.338306000000000218e+00
1.411194000000000059e+00
1.920994000000000090e+00
2.252893999999999952e+00
-2.594806000000000168e+00
-3.243106000000000044e+00
-1.514205999999999941e+00
