-4.440021999999999913e+00
-4.201521999999999757e+00
-2.998422000000000143e+00
-1.963921999999999946e+00
-2.059321999999999875e+00
-3.391322000000000170e+00
-8.048220000000000374e-01
3.234779999999999878e-01
3.805780000000000274e-01
-8.314219999999999944e-01
1.726877999999999913e+00
-3.746522000000000130e+00
-5.259821999999999775e+00
-8.395219999999999905e-01
1.746977999999999920e+00
1.705378000000000061e+00
2.045177999999999940e+00
2.333378000000000174e+00
2.459778000000000020e+00
1.380678000000000072e+00
1.394177999999999917e+00
1.727278000000000091e+00
2.055378000000000149e+00
2.389677999999999969e+00
2.396377999999999897e+00
1.221978000000000009e+00
2.519778000000000073e+00
1.979778000000000038e+00
-3.461721999999999966e+00
-3.495222000000000051e+00
-5.112222000000000044e+00
-6.189021999999999579e+00
1.575779999999999959e-01
-1.397021999999999986e+00
-1.262221999999999955e+00
1.487178000000000111e+00
3.254977999999999927e+00
3.517377999999999894e+00
2.056777999999999995e+00
1.118278000000000105e+00
1.140077999999999925e+00
1.716477999999999948e+00
2.677677999999999781e+00
1.399478000000000000e+00
3.141478000000000215e+00
