-4.977622000000000213e+00
-5.058521999999999963e+00
-4.019622000000000028e+00
-2.818121999999999794e+00
-2.592922000000000171e+00
-3.756222000000000172e+00
-1.787222000000000088e+00
-5.463219999999999743e-01
-3.102219999999999978e-01
-1.341822000000000070e+00
-3.701522000000000201e+00
-6.288222000000000200e+00
1.082378000000000062e+00
2.059178000000000175e+00
3.456577999999999928e+00
3.918578000000000117e+00
5.010678000000000409e+00
5.656177999999999706e+00
5.215778000000000247e+00
4.123777999999999722e+00
2.635779999999999790e-01
-2.954921999999999827e+00
-4.585621999999999865e+00
-6.386021999999999643e+00
-7.096421999999999564e+00
1.585177999999999976e+00
1.013778000000000068e+00
3.430178000000000171e+00
5.357277999999999984e+00
6.506478000000000428e+00
5.724377999999999744e+00
3.817378000000000160e+00
