-6.484945999999999877e+00
-7.013545999999999836e+00
-6.442446000000000339e+00
-5.261446000000000289e+00
-4.631146000000000207e+00
-5.300046000000000035e+00
-3.375745999999999913e+00
-2.132346000000000075e+00
-9.286459999999999715e-01
-9.805460000000000287e-01
-2.207645999999999997e+00
-3.393946000000000129e+00
-8.215745999999999327e+00
-4.817946000000000062e+00
4.540540000000000131e-01
-5.493946000000000218e+00
-4.642345999999999862e+00
2.775540000000000229e-01
8.008539999999999548e-01
1.968053999999999970e+00
2.280454000000000203e+00
3.988653999999999922e+00
4.508954000000000129e+00
3.609853999999999896e+00
4.591254000000000168e+00
5.801453999999999667e+00
6.042653999999999748e+00
5.069154000000000160e+00
3.861753999999999909e+00
2.751154000000000099e+00
3.279754000000000058e+00
4.428854000000000291e+00
5.174053999999999931e+00
6.817254000000000147e+00
7.877054000000000222e+00
6.572254000000000040e+00
-2.088546000000000014e+00
-2.249146000000000090e+00
-4.340746000000000215e+00
-8.660346000000000544e+00
-8.678746000000000294e+00
-3.814945999999999948e+00
-5.378846000000000238e+00
-4.981046000000000085e+00
-5.683746000000000187e+00
-6.459445999999999799e+00
-4.443546000000000440e+00
-3.685045999999999822e+00
1.505154000000000103e+00
2.262853999999999921e+00
4.398454000000000086e+00
6.972654000000000352e+00
5.247253999999999863e+00
3.108553999999999817e+00
3.590554000000000023e+00
2.116454000000000057e+00
3.953953999999999969e+00
2.447553999999999785e+00
5.714953999999999645e+00
5.894954000000000249e+00
4.418154000000000359e+00
