-6.197991000000000028e+00
-6.228890999999999956e+00
-5.189690999999999832e+00
-4.035790999999999684e+00
-3.885390999999999817e+00
-5.038490999999999609e+00
-3.008990999999999971e+00
-1.798291000000000084e+00
-1.542091000000000101e+00
-2.612690999999999875e+00
-1.728909999999999891e-01
7.655089999999999950e-01
2.122508999999999979e+00
3.076909000000000116e+00
4.325509000000000270e+00
4.638608999999999760e+00
3.686509000000000036e+00
2.434308999999999834e+00
-5.046591000000000271e+00
-7.409091000000000093e+00
4.077809000000000239e+00
3.163409000000000137e+00
5.836708999999999925e+00
6.809209000000000067e+00
-1.012191000000000063e+00
-2.467191000000000134e+00
-2.576910000000000034e-01
2.445090000000000041e-01
8.955089999999999995e-01
3.206089999999999773e-01
2.855309000000000097e+00
5.029308999999999585e+00
1.677508999999999917e+00
-4.504291000000000267e+00
-5.945790999999999826e+00
-7.472391000000000005e+00
-8.215291000000000565e+00
3.651108999999999938e+00
2.924109000000000069e+00
2.258909000000000056e+00
7.679909000000000319e+00
6.431509000000000142e+00
7.136408999999999558e+00
