-5.559489000000000125e+00
-5.958288999999999724e+00
-5.202888999999999875e+00
-3.957988999999999979e+00
-3.415089000000000041e+00
-4.301988999999999841e+00
-3.138488999999999862e+00
-1.839388999999999941e+00
-1.367088999999999999e+00
-2.144089000000000134e+00
4.871099999999999736e-02
9.743110000000000381e-01
2.066211000000000020e+00
2.761111000000000093e+00
3.861610999999999905e+00
4.285711000000000048e+00
3.615210999999999952e+00
2.512510999999999939e+00
-3.942988999999999855e+00
-7.218988999999999656e+00
1.788210999999999995e+00
2.209111000000000047e+00
4.428410999999999653e+00
5.549510999999999861e+00
1.249311000000000060e+00
-3.512688999999999950e+00
-1.215789000000000009e+00
-3.008900000000000116e-02
4.314109999999999889e-01
2.461610999999999994e+00
5.134910999999999781e+00
3.982410999999999923e+00
-2.956189000000000178e+00
-4.610089000000000325e+00
-7.550088999999999828e+00
-7.817188999999999943e+00
1.533411000000000080e+00
2.132810999999999790e+00
3.222011000000000180e+00
5.877210999999999963e+00
6.384311000000000291e+00
5.271410999999999625e+00
1.829511000000000109e+00
1.808610999999999969e+00
3.193110000000000115e-01
