-6.397911999999999821e+00
-6.892511999999999972e+00
-6.276112000000000357e+00
-5.073211999999999833e+00
-4.469712000000000351e+00
-5.194811999999999763e+00
-3.170612000000000208e+00
-1.966412000000000049e+00
-7.200119999999999854e-01
-6.900119999999999587e-01
-1.877512000000000070e+00
-3.107911999999999786e+00
-8.111212000000000089e+00
-4.754211999999999883e+00
8.015879999999999672e-01
-5.241211999999999982e+00
-4.402811999999999948e+00
4.437880000000000158e-01
9.786880000000000024e-01
2.105287999999999826e+00
2.614288000000000167e+00
4.263387999999999955e+00
5.062187999999999910e+00
3.853587999999999791e+00
5.110888000000000098e+00
6.254188000000000081e+00
6.163287999999999656e+00
4.917688000000000059e+00
3.769887999999999906e+00
2.873488000000000042e+00
3.779787999999999926e+00
5.422287999999999997e+00
5.473688000000000109e+00
7.792188000000000336e+00
-1.990912000000000015e+00
-1.856211999999999973e+00
-4.023311999999999777e+00
-8.529211999999999350e+00
-8.618911999999999907e+00
-3.756511999999999851e+00
-5.340212000000000181e+00
-4.690712000000000437e+00
-5.480412000000000283e+00
-6.180611999999999995e+00
-4.150911999999999935e+00
-3.469711999999999907e+00
1.847088000000000063e+00
2.817687999999999970e+00
5.200088000000000044e+00
7.052287999999999890e+00
4.841987999999999737e+00
2.806188000000000127e+00
3.463188000000000155e+00
2.159488000000000074e+00
4.633887999999999785e+00
3.221687999999999885e+00
5.639488000000000056e+00
6.391688000000000258e+00
4.678887999999999714e+00
