-2.896628999999999898e+00
-2.855929000000000162e+00
-1.736229000000000022e+00
-5.695289999999999520e-01
-4.894290000000000029e-01
-1.725028999999999924e+00
6.137709999999999555e-01
1.869571000000000094e+00
1.971970999999999918e+00
7.828709999999999836e-01
-1.823328999999999978e+00
-4.039429000000000158e+00
3.292571000000000137e+00
4.398070999999999842e+00
5.682709999999999706e-01
2.762471000000000121e+00
8.416709999999999470e-01
-1.168328999999999951e+00
-2.772329000000000043e+00
-4.042628999999999806e+00
-4.906528999999999918e+00
3.364470999999999989e+00
3.367471000000000103e+00
5.192171000000000092e+00
