-4.454221000000000430e+00
-4.138620999999999661e+00
-2.895920999999999967e+00
-1.901720999999999995e+00
-2.094320999999999877e+00
-3.435620999999999814e+00
-6.596210000000000129e-01
3.761789999999999856e-01
2.047789999999999888e-01
-1.050121000000000082e+00
1.435578999999999938e+00
-3.801020999999999983e+00
-5.157421000000000255e+00
1.203378999999999976e+00
1.074578999999999951e+00
1.523179000000000061e+00
2.385679000000000105e+00
1.417478999999999933e+00
2.604579000000000200e+00
1.861278999999999906e+00
8.890789999999999527e-01
6.728790000000000049e-01
4.101790000000000158e-01
1.873789999999999900e-01
6.137789999999999635e-01
1.268879000000000090e+00
2.290579000000000143e+00
3.201579000000000175e+00
1.367178999999999922e+00
1.920379000000000058e+00
2.166678999999999800e+00
-3.142821000000000087e+00
-4.788621000000000016e+00
-4.955521000000000065e+00
-6.112921000000000049e+00
3.359579000000000093e+00
2.036878999999999884e+00
2.929789999999999894e-01
-1.147210000000000035e-01
7.879000000000000586e-03
-3.350210000000000132e-01
4.388790000000000191e-01
1.601178999999999908e+00
1.575979000000000019e+00
2.937479000000000173e+00
3.769679000000000002e+00
3.942479000000000067e+00
