-4.766888999999999932e+00
-4.910588999999999871e+00
-4.040588999999999764e+00
-2.937788999999999984e+00
-2.692388999999999921e+00
-3.663088999999999817e+00
-1.506988999999999912e+00
-2.801890000000000214e-01
8.669109999999999872e-01
7.645110000000000516e-01
-4.481890000000000041e-01
-1.574689000000000005e+00
-6.018088999999999800e+00
-3.592089000000000087e+00
2.126310999999999840e+00
-2.382388999999999868e+00
-2.017589000000000077e+00
2.074511000000000216e+00
2.598611000000000004e+00
3.768610999999999933e+00
4.544011000000000244e+00
5.908411000000000080e+00
5.568910999999999945e+00
4.418410999999999866e+00
-2.055889999999999940e-01
-5.276889999999999636e-01
-2.512688999999999950e+00
-6.151289000000000229e+00
-6.697588999999999793e+00
-2.680689000000000100e+00
-4.343789000000000122e+00
-1.716889000000000109e+00
-3.411589000000000205e+00
-2.294989000000000168e+00
-9.700889999999999791e-01
-2.091188999999999965e+00
4.065711000000000297e+00
4.595610999999999891e+00
6.448411000000000115e+00
6.525811000000000028e+00
5.225811000000000206e+00
6.417010999999999576e+00
4.789310999999999652e+00
3.728711000000000109e+00
