-4.382705999999999769e+00
-4.533905999999999992e+00
-3.546705999999999914e+00
-2.321406000000000081e+00
-2.026105999999999963e+00
-3.141605999999999899e+00
-1.265006000000000075e+00
2.669399999999999898e-02
2.132940000000000114e-01
-7.744060000000000388e-01
-3.034705999999999904e+00
-5.776206000000000174e+00
1.870093999999999923e+00
7.729939999999999589e-01
8.087940000000000129e-01
1.933894000000000002e+00
3.031093999999999955e+00
3.014994000000000174e+00
4.055894000000000332e+00
5.219394000000000311e+00
1.831093999999999999e+00
2.787494000000000138e+00
2.022393999999999803e+00
-1.447006000000000014e+00
8.399940000000000184e-01
-2.138905999999999974e+00
-3.867306000000000132e+00
-5.921706000000000358e+00
-6.546105999999999980e+00
-1.188059999999999949e-01
-4.240599999999999925e-02
1.961794000000000038e+00
3.886093999999999937e+00
5.936393999999999949e+00
4.983994000000000035e+00
5.688594000000000150e+00
