-5.502953999999999901e+00
-5.709454000000000029e+00
-4.760153999999999996e+00
-3.508954000000000129e+00
-3.173853999999999953e+00
-4.251654000000000266e+00
-2.496053999999999995e+00
-1.163054000000000032e+00
-8.106539999999999857e-01
-1.822254000000000040e+00
6.256460000000000354e-01
2.707246000000000041e+00
2.040846000000000160e+00
2.456246000000000151e+00
3.475945999999999980e+00
4.119445999999999941e+00
3.747946000000000222e+00
-4.087054000000000187e+00
-6.976154000000000188e+00
1.052545999999999982e+00
2.389346000000000192e+00
3.232845999999999886e+00
1.069145999999999930e+00
-2.313540000000000041e-01
1.832146000000000052e+00
2.505345999999999851e+00
3.766246000000000205e+00
4.810646000000000200e+00
-2.742053999999999991e+00
-4.082540000000000058e-01
-1.558254000000000028e+00
1.250145999999999979e+00
6.988459999999999672e-01
4.922045999999999921e+00
4.275745999999999825e+00
-3.437753999999999976e+00
-4.940754000000000090e+00
-7.161953999999999709e+00
-7.717253999999999614e+00
-9.690539999999999710e-01
-4.225539999999999852e-01
-3.618540000000000090e-01
1.987046000000000090e+00
2.463146000000000058e+00
3.544945999999999930e+00
4.915545999999999971e+00
5.766145999999999994e+00
4.558145999999999809e+00
