-4.652288000000000423e+00
-4.736988000000000198e+00
-3.705086999999999797e+00
-2.511086999999999847e+00
-2.266188000000000091e+00
-3.441187000000000218e+00
-1.545587999999999962e+00
-2.814880000000000160e-01
1.072120000000000017e-01
-8.986880000000000424e-01
1.566912000000000083e+00
1.774412000000000100e+00
2.687812999999999786e+00
2.572312000000000154e+00
3.478813000000000155e+00
4.537811999999999735e+00
4.683811999999999642e+00
3.767713000000000090e+00
-3.459188000000000152e+00
-5.961587999999999887e+00
5.978112000000000315e+00
5.624211999999999989e+00
-5.475879999999999637e-01
1.128112999999999921e+00
4.407119999999999926e-01
2.169112000000000151e+00
1.919712000000000085e+00
1.750212000000000101e+00
3.340812999999999811e+00
3.935112000000000165e+00
-2.994988000000000206e+00
-3.156086999999999865e+00
-6.060188000000000130e+00
-6.766688000000000258e+00
-9.047880000000000367e-01
-9.701880000000000503e-01
5.274119999999999919e-01
2.603119999999999878e-01
7.859120000000000550e-01
1.823312000000000044e+00
