-2.103295000000000137e+00
-2.062994999999999912e+00
-9.432949999999999946e-01
2.230050000000000088e-01
3.029049999999999798e-01
-9.321949999999999958e-01
1.405904999999999960e+00
2.660804999999999865e+00
2.739405000000000090e+00
1.571804999999999897e+00
-1.031095000000000095e+00
-3.246494999999999909e+00
4.591605000000000381e+00
1.358505000000000074e+00
3.556204999999999838e+00
1.630705000000000071e+00
-3.773949999999999805e-01
-1.980494999999999894e+00
-3.249995000000000189e+00
-4.113595000000000113e+00
