-5.155368000000000173e+00
-5.538268000000000413e+00
-4.778967999999999883e+00
-3.544868000000000130e+00
-3.020567999999999920e+00
-3.919567999999999941e+00
-2.716168000000000138e+00
-1.428368000000000082e+00
-9.859679999999999556e-01
-1.763168000000000069e+00
-3.543368000000000073e+00
-6.784168000000000198e+00
6.397319999999999673e-01
1.665831999999999979e+00
1.610732000000000053e+00
2.414131999999999945e+00
3.294632000000000005e+00
3.373432000000000208e+00
2.556932000000000205e+00
4.109232000000000440e+00
3.994632000000000183e+00
4.213432000000000066e+00
5.478532000000000401e+00
-3.074467999999999979e+00
-7.986680000000000446e-01
-2.855567999999999884e+00
-4.251167999999999836e+00
-7.099768000000000079e+00
-7.382967999999999975e+00
9.373320000000000540e-01
2.321331999999999951e+00
2.622132000000000129e+00
4.670632000000000339e+00
2.978931999999999913e+00
4.307731999999999672e+00
6.120432000000000095e+00
5.964132000000000211e+00
5.367531999999999748e+00
