-5.703808999999999685e+00
-5.452509000000000050e+00
-4.237809000000000381e+00
-3.206109000000000098e+00
-3.317609000000000030e+00
-4.657009000000000398e+00
-2.033109000000000055e+00
-8.982090000000000352e-01
-8.498090000000000366e-01
-2.093709000000000042e+00
4.816909999999999803e-01
1.579091000000000022e+00
2.886890999999999874e+00
3.683990999999999794e+00
4.958191000000000237e+00
5.448090999999999795e+00
4.675791000000000253e+00
3.399591000000000030e+00
-5.023108999999999824e+00
-6.508909000000000056e+00
2.630390999999999924e+00
3.103890999999999956e+00
3.872891000000000084e+00
-2.139508999999999883e+00
1.259099999999999976e-02
6.426910000000000123e-01
4.486910000000000065e-01
1.479991000000000057e+00
5.594390999999999892e+00
6.438590999999999731e+00
5.081291000000000224e+00
-4.888009000000000270e+00
-4.641409000000000340e+00
-6.351608999999999838e+00
-7.446508999999999823e+00
2.041291000000000189e+00
3.312291000000000096e+00
1.965290999999999899e+00
3.273391000000000162e+00
4.792190999999999867e+00
4.087490999999999985e+00
-2.825609000000000037e+00
-2.435808999999999891e+00
-1.180509000000000031e+00
