-5.273260999999999754e+00
-5.334361000000000352e+00
-4.301460999999999757e+00
-3.129661000000000026e+00
-2.918661000000000172e+00
-4.087461000000000233e+00
-1.705661000000000094e+00
-7.616610000000000325e-01
-1.501860999999999891e+00
-9.205609999999999626e-01
-4.136360999999999954e+00
-6.563161000000000023e+00
5.285389999999999810e-01
1.235038999999999998e+00
6.434389999999999832e-01
1.419238999999999917e+00
2.795939000000000174e+00
3.421838999999999853e+00
2.633039000000000129e+00
4.783539000000000208e+00
5.445238999999999940e+00
3.543038999999999827e+00
3.621639000000000053e+00
7.916389999999999816e-01
7.488390000000000324e-01
3.048390000000000266e-01
-1.369361000000000050e+00
-1.236361000000000043e+00
-3.345161000000000051e+00
-5.042861000000000260e+00
-6.656461000000000183e+00
-7.373060999999999865e+00
9.991389999999999993e-01
-4.287610000000000032e-01
3.090939000000000103e+00
6.514539000000000080e+00
5.317839000000000205e+00
5.103038999999999881e+00
4.232139000000000095e+00
4.106838999999999906e+00
2.630039000000000016e+00
2.423389999999999989e-01
1.760390000000000010e-01
1.757438999999999973e+00
