-4.289690000000000225e+00
-4.401489999999999903e+00
-3.523289999999999811e+00
-2.448090000000000099e+00
-2.235289999999999999e+00
-3.209789999999999921e+00
-1.074289999999999967e+00
1.571099999999999997e-01
1.278410000000000046e+00
1.149010000000000087e+00
-6.739000000000000545e-02
-1.170490000000000030e+00
-5.483590000000000408e+00
-3.169189999999999952e+00
2.482009999999999827e+00
-1.874789999999999957e+00
-1.469189999999999996e+00
2.479509999999999881e+00
3.334010000000000140e+00
4.566510000000000069e+00
5.512209999999999610e+00
5.092310000000000336e+00
2.519100000000000228e-01
-1.678900000000000114e-01
-2.112389999999999990e+00
-5.593289999999999651e+00
-6.169290000000000163e+00
-3.920589999999999797e+00
-2.266189999999999927e+00
-1.120589999999999975e+00
-1.964990000000000014e+00
-2.833390000000000075e+00
-1.351690000000000058e+00
-4.939899999999999847e-01
3.123810000000000198e+00
4.990910000000000402e+00
6.104910000000000281e+00
6.192610000000000170e+00
5.941510000000000069e+00
5.426009999999999778e+00
4.328109999999999680e+00
