-4.030485999999999791e+00
-3.787986000000000075e+00
-2.673286000000000051e+00
-1.729586000000000068e+00
-1.872586000000000084e+00
-3.085986000000000118e+00
-6.193859999999999921e-01
3.981140000000000234e-01
3.798139999999999850e-01
-8.030859999999999665e-01
-3.366686000000000067e+00
-4.748485999999999763e+00
1.513014000000000081e+00
1.518413999999999930e+00
2.625513999999999903e+00
2.636114000000000068e+00
3.759414000000000033e+00
3.794513999999999943e+00
2.710014000000000145e+00
1.586613999999999969e+00
2.866114000000000051e+00
1.783814000000000011e+00
-9.144860000000000211e-01
-3.072486000000000050e+00
-4.278885999999999967e+00
-4.599485999999999741e+00
-5.606086000000000347e+00
1.543114000000000097e+00
3.480614000000000097e+00
4.624813999999999758e+00
4.678014000000000117e+00
7.416139999999999954e-01
2.069414000000000087e+00
8.802140000000000519e-01
1.599714000000000080e+00
