-2.900980000000000114e+00
-2.904780000000000140e+00
-1.816880000000000051e+00
-6.280799999999999716e-01
-5.158800000000000052e-01
-1.716579999999999995e+00
7.679200000000000470e-01
1.601620000000000044e+00
2.827719999999999789e+00
3.234220000000000095e+00
2.412319999999999798e+00
1.188819999999999988e+00
-4.096980000000000288e+00
-1.782180000000000097e+00
4.734720000000000262e+00
3.087199999999999944e-01
5.940199999999999925e-01
3.793520000000000003e+00
1.292119999999999935e+00
2.714020000000000099e+00
5.625200000000000200e-01
-4.127880000000000216e+00
-4.940979999999999706e+00
-1.005980000000000096e+00
-2.702280000000000015e+00
1.239619999999999944e+00
-3.713799999999999879e-01
-1.416800000000000004e-01
1.301220000000000043e+00
1.079420000000000046e+00
