-5.064922000000000146e+00
-4.763122000000000078e+00
-3.536821999999999910e+00
-2.547521999999999842e+00
-2.716022000000000158e+00
-4.060521999999999743e+00
-1.357822000000000084e+00
-2.608219999999999983e-01
-2.692220000000000169e-01
-1.535522000000000054e+00
1.050078000000000067e+00
2.058078000000000074e+00
3.400577999999999879e+00
4.266478000000000215e+00
5.642178000000000360e+00
6.174077999999999733e+00
5.341777999999999693e+00
3.965977999999999781e+00
-4.477421999999999791e+00
-5.776521999999999935e+00
-1.654922000000000004e+00
8.030277999999999139e+00
6.740779999999999550e-01
1.359377999999999975e+00
9.544780000000000486e-01
1.713878000000000013e+00
3.871977999999999920e+00
6.279577999999999882e+00
5.744778000000000162e+00
3.350477999999999845e+00
-4.466122000000000369e+00
-4.034521999999999942e+00
-5.579422000000000104e+00
-6.721421999999999564e+00
-2.469521999999999995e+00
-1.808122000000000007e+00
-7.778220000000000134e-01
