-4.085314999999999586e+00
-4.557814999999999728e+00
-3.888714999999999922e+00
-2.645414999999999850e+00
-2.058114999999999917e+00
-2.845615000000000006e+00
-7.159149999999999681e-01
4.307849999999999735e-01
1.718485000000000040e+00
1.854484999999999939e+00
7.264850000000000474e-01
-5.495149999999999757e-01
-5.805514999999999759e+00
-2.429314999999999891e+00
3.412385000000000002e+00
-2.272015000000000118e+00
-1.964215000000000044e+00
2.825085000000000068e+00
3.304984999999999840e+00
4.375585000000000058e+00
5.014084999999999681e+00
4.748685000000000045e+00
3.254850000000000243e-01
8.300849999999999618e-01
-1.418215000000000003e+00
-6.187314999999999898e+00
-6.339615000000000222e+00
-1.444614999999999982e+00
-3.072915000000000063e+00
-1.787314999999999987e+00
-1.914814999999999934e+00
-3.349814999999999987e+00
-2.314915000000000056e+00
-8.823149999999999604e-01
2.865784999999999805e+00
5.979885000000000339e+00
5.200084999999999624e+00
4.373084999999999667e+00
5.821485000000000021e+00
4.198184999999999611e+00
4.524185000000000123e+00
