-4.943707999999999991e+00
-4.657907999999999937e+00
-3.477507999999999821e+00
-2.514607999999999954e+00
-2.677108000000000043e+00
-3.972008000000000205e+00
-1.298607999999999985e+00
-2.142080000000000095e-01
-3.137079999999999869e-01
-1.555507999999999891e+00
7.737920000000000353e-01
2.118491999999999820e+00
1.657291999999999987e+00
1.636192000000000091e+00
2.109491999999999923e+00
2.629491999999999940e+00
2.608092000000000077e+00
-4.366608000000000267e+00
-5.632107999999999670e+00
-1.670307999999999904e+00
1.188391999999999893e+00
5.258920000000000261e-01
2.110892000000000213e+00
2.119092000000000198e+00
9.173919999999999852e-01
3.107692000000000121e+00
4.474192000000000391e+00
7.423920000000000519e-01
-1.178007999999999944e+00
7.047919999999999741e-01
1.308491999999999988e+00
2.978692000000000117e+00
-3.797207999999999917e+00
-4.365707999999999700e+00
-5.441708000000000212e+00
-6.538108000000000253e+00
1.655919999999999892e-01
-3.446080000000000254e-01
1.218391999999999920e+00
2.817791999999999852e+00
2.492491999999999930e+00
9.525919999999999943e-01
8.454920000000000213e-01
3.099199999999999872e-02
4.826392000000000237e+00
4.572091999999999601e+00
5.102791999999999994e+00
1.007392000000000065e+00
1.459691999999999990e+00
-2.432080000000000075e-01
