-4.934642000000000195e+00
-5.033441999999999972e+00
-4.001242000000000409e+00
-2.783042000000000016e+00
-2.540042000000000133e+00
-3.703841999999999857e+00
-1.679642000000000079e+00
-3.969420000000000170e-01
-2.348419999999999952e-01
-1.291641999999999957e+00
1.139057999999999904e+00
2.038457999999999881e+00
3.473558000000000145e+00
3.799357999999999791e+00
4.925258000000000358e+00
5.737858000000000125e+00
5.428058000000000050e+00
4.301957999999999949e+00
-3.639342000000000077e+00
-6.266741999999999813e+00
-1.812542000000000098e+00
4.540580000000000171e-01
1.708658000000000010e+00
1.034157999999999911e+00
3.178558000000000217e+00
5.168058000000000263e+00
6.616057999999999772e+00
6.067058000000000284e+00
4.092357999999999940e+00
-2.883941999999999783e+00
-4.519441999999999737e+00
-6.372042000000000428e+00
-7.069142000000000259e+00
