-5.502094999999999736e+00
-5.322395000000000209e+00
-4.139694999999999681e+00
-3.057894999999999808e+00
-3.125094999999999956e+00
-4.410594999999999821e+00
-1.885995000000000088e+00
-7.297949999999999715e-01
-6.989950000000000330e-01
-1.920995000000000008e+00
-4.640295000000000059e+00
-6.428594999999999615e+00
5.508049999999999891e-01
1.791805000000000092e+00
1.721205000000000096e+00
6.045049999999999590e-01
2.999004999999999921e+00
3.558205000000000062e+00
4.378804999999999836e+00
4.890405000000000335e+00
4.593304999999999971e+00
3.783405000000000129e+00
3.272505000000000219e+00
5.256705000000000183e+00
3.374705000000000066e+00
-1.943294999999999995e+00
-4.070095000000000240e+00
-5.617894999999999861e+00
-6.331595000000000084e+00
-7.341495000000000104e+00
5.161050000000000360e-01
6.167049999999999477e-01
1.865504999999999969e+00
2.675205000000000055e+00
4.883049999999999891e-01
7.868049999999999766e-01
3.753905000000000047e+00
2.891904999999999948e+00
4.628904999999999603e+00
5.522405000000000008e+00
2.645704999999999973e+00
