-4.811777000000000193e+00
-5.000777000000000250e+00
-4.113977000000000217e+00
-2.944176999999999822e+00
-2.648677000000000170e+00
-3.642977000000000132e+00
-1.392376999999999976e+00
-2.315770000000000051e-01
9.821229999999999682e-01
1.014123000000000108e+00
-1.318769999999999942e-01
-1.325776999999999983e+00
-6.176777000000000406e+00
-3.523776999999999937e+00
2.463322999999999929e+00
-2.251777000000000140e+00
-2.005177000000000209e+00
2.119822999999999791e+00
2.594422999999999924e+00
3.698822999999999972e+00
4.355922999999999767e+00
4.421122999999999692e+00
5.376323000000000185e+00
6.082423000000000357e+00
-2.627769999999999828e-01
-1.073770000000000002e-01
-2.210277000000000047e+00
-6.345777000000000001e+00
-6.871376999999999846e+00
-4.298877000000000059e+00
-2.606777000000000122e+00
-1.577577000000000007e+00
-3.280876999999999821e+00
-2.081677000000000000e+00
-9.588769999999999794e-01
-2.156376999999999988e+00
5.158922999999999703e+00
4.764723000000000042e+00
3.632722999999999924e+00
3.706822999999999979e+00
4.980023000000000089e+00
6.111322999999999617e+00
4.829622999999999777e+00
6.667523000000000089e+00
