-2.953500000000000014e+00
-2.850499999999999812e+00
-1.848400000000000043e+00
-8.750000000000000000e-01
-8.872999999999999776e-01
-1.967200000000000060e+00
1.995000000000000107e-01
1.498699999999999921e+00
1.302699999999999969e+00
2.089999999999999913e-01
1.243500000000000050e+00
1.690000000000000113e-01
5.722000000000000419e-01
2.356000000000000039e-01
6.310000000000000053e-01
1.401200000000000001e+00
1.763600000000000056e+00
1.340700000000000003e+00
-2.136000000000000121e+00
-3.832800000000000207e+00
2.091999999999999971e-01
5.749999999999999556e-01
1.685400000000000009e+00
1.641999999999999904e+00
-1.184900000000000064e+00
-1.769000000000000017e-01
3.966999999999999971e-01
2.230799999999999894e+00
1.933200000000000029e+00
2.236400000000000166e+00
7.044000000000000261e-01
-2.199000000000000121e-01
2.224000000000000199e+00
1.181400000000000006e+00
-3.367999999999999883e-01
1.747100000000000097e+00
2.390299999999999869e+00
-1.318300000000000027e+00
-2.966499999999999915e+00
-3.768499999999999961e+00
-4.600299999999999834e+00
1.448000000000000120e-01
1.602000000000000091e-01
1.662800000000000056e+00
1.596899999999999986e+00
2.553100000000000147e+00
7.480999999999999872e-01
-1.889499999999999957e+00
-1.211400000000000032e+00
-1.564799999999999969e+00
