-7.725362999999999758e+00
-7.972362999999999644e+00
-7.056763000000000119e+00
-5.809262999999999622e+00
-5.413463000000000136e+00
-6.461063000000000223e+00
-4.905962999999999852e+00
-3.620862999999999943e+00
-3.214963000000000015e+00
-4.118063000000000251e+00
-1.761562999999999990e+00
-1.533463000000000021e+00
-3.274630000000000041e-01
-2.573630000000000084e-01
9.438370000000000370e-01
2.114536999999999889e+00
2.059137000000000217e+00
8.496369999999999756e-01
-6.231762999999999941e+00
-9.248462999999999212e+00
3.369737000000000204e+00
3.320037000000000127e+00
4.555537000000000170e+00
5.873236999999999597e+00
6.948936999999999919e+00
8.143537000000000248e+00
6.460836999999999719e+00
6.245936999999999628e+00
7.307536999999999949e+00
7.577237000000000222e+00
7.951236999999999888e+00
-2.918463000000000029e+00
-1.508362999999999898e+00
-1.136562999999999990e+00
-2.362862999999999936e+00
-1.150762999999999980e+00
9.533369999999999900e-01
2.934836999999999918e+00
8.547369999999999690e-01
-5.469962999999999909e+00
-7.041163000000000061e+00
-9.472663000000000721e+00
-9.966462999999999184e+00
4.567836999999999925e+00
5.817337000000000202e+00
7.235636999999999652e+00
6.611837000000000408e+00
5.382537000000000127e+00
8.606436999999999671e+00
