-4.661170000000000258e+00
-4.728570000000000384e+00
-3.684870000000000090e+00
-2.496469999999999967e+00
-2.269670000000000076e+00
-3.455869999999999997e+00
-1.517770000000000064e+00
-2.574699999999999767e-01
1.140300000000000064e-01
-9.066699999999999759e-01
1.572629999999999972e+00
1.788030000000000008e+00
2.705229999999999801e+00
2.610630000000000006e+00
3.523029999999999884e+00
4.560929999999999929e+00
4.690129999999999910e+00
3.770230000000000192e+00
-3.492170000000000218e+00
-5.947370000000000267e+00
-5.757700000000000040e-01
5.796929999999999694e+00
1.156730000000000036e+00
4.768299999999999761e-01
2.186929999999999819e+00
1.906029999999999891e+00
1.801430000000000087e+00
3.403630000000000155e+00
5.501529999999999809e+00
3.932529999999999859e+00
-3.036169999999999813e+00
-3.191769999999999996e+00
-6.033269999999999911e+00
-6.760670000000000179e+00
-9.391699999999999493e-01
-1.005470000000000086e+00
4.965300000000000269e-01
2.963299999999999823e-01
8.062300000000000022e-01
1.863830000000000098e+00
