-3.104788000000000103e+00
-3.047287999999999997e+00
-1.918088000000000015e+00
-7.592879999999999630e-01
-6.974879999999999969e-01
-1.941087999999999925e+00
4.337119999999999864e-01
1.694711999999999996e+00
1.761511999999999967e+00
5.651119999999999477e-01
-2.056687999999999850e+00
-4.222188000000000052e+00
3.077211999999999836e+00
2.937812000000000090e+00
3.785120000000000151e-01
6.074119999999999520e-01
-1.402187999999999990e+00
-3.009888000000000119e+00
-4.212487999999999566e+00
-5.095988000000000184e+00
3.644811999999999941e+00
3.663311999999999902e+00
2.935411999999999910e+00
3.527411999999999992e+00
2.696212000000000053e+00
3.544312000000000129e+00
