-4.136547000000000196e+00
-4.598447000000000173e+00
-3.930247000000000046e+00
-2.704247000000000067e+00
-2.117747000000000046e+00
-2.917447000000000124e+00
-1.979346999999999968e+00
-6.895470000000000210e-01
-8.434700000000000530e-02
-8.067469999999999919e-01
1.317852999999999941e+00
2.326953000000000049e+00
2.715053000000000161e+00
3.259253000000000178e+00
3.659952999999999790e+00
3.534952999999999790e+00
3.013653000000000137e+00
2.614253000000000160e+00
-2.478146999999999878e+00
-5.839146999999999643e+00
2.702153000000000027e+00
-2.423846999999999863e+00
-1.650469999999999993e-01
-3.477469999999999728e-01
1.517452999999999941e+00
1.371653000000000011e+00
3.372853000000000101e+00
4.068052999999999919e+00
3.844752999999999865e+00
2.918053000000000008e+00
2.238052999999999848e+00
-1.931346999999999925e+00
-3.144446999999999992e+00
-6.218947000000000003e+00
-6.372747000000000384e+00
3.776253000000000082e+00
2.139853000000000005e+00
2.495052999999999965e+00
