-6.247804999999999609e+00
-6.165905000000000413e+00
-5.021105000000000373e+00
-3.878404999999999880e+00
-3.822505000000000042e+00
-5.087304999999999744e+00
-2.663605000000000000e+00
-1.453405000000000058e+00
-1.478404999999999969e+00
-2.648404999999999898e+00
-1.916049999999999975e-01
4.785949999999999926e-01
2.034194999999999975e+00
2.088194999999999801e+00
3.319795000000000051e+00
4.518894999999999662e+00
4.471294999999999575e+00
3.224594999999999878e+00
-5.218004999999999782e+00
-7.325104999999999755e+00
5.763695000000000235e+00
6.947795000000000165e+00
6.902194999999999858e+00
5.672195000000000320e+00
-2.649704999999999977e+00
-5.130050000000000443e-01
5.473949999999999649e-01
-3.849049999999999971e-01
1.177894999999999914e+00
3.332594999999999974e+00
3.186595000000000066e+00
-4.465905000000000236e+00
-6.157504999999999562e+00
-7.295105000000000395e+00
-8.210005000000000663e+00
5.820994999999999919e+00
7.906394999999999840e+00
7.825095000000000134e+00
5.659295000000000186e+00
