-3.077510000000000190e+00
-2.937710000000000043e+00
-1.786210000000000075e+00
-6.963099999999999845e-01
-7.076099999999999612e-01
-1.982609999999999983e+00
4.989899999999999891e-01
1.690890000000000004e+00
1.701489999999999947e+00
5.167899999999999716e-01
-2.197810000000000041e+00
-4.042309999999999626e+00
4.426899999999999724e-01
1.663089999999999957e+00
1.358289999999999997e+00
2.625789999999999846e+00
4.178899999999999837e-01
7.781900000000000484e-01
3.570390000000000175e+00
3.208689999999999820e+00
2.381089999999999929e+00
5.118899999999999562e-01
2.610390000000000210e+00
2.649789999999999868e+00
-1.593609999999999971e+00
-3.153309999999999835e+00
-3.966709999999999958e+00
-4.932010000000000005e+00
2.367090000000000138e+00
2.080290000000000195e+00
