-3.080710999999999977e+00
-2.965711000000000208e+00
-1.812211000000000016e+00
-6.939109999999999445e-01
-6.543109999999999760e-01
-1.957411000000000012e+00
6.355889999999999596e-01
1.856689000000000034e+00
3.113389000000000184e+00
3.200788999999999884e+00
2.035489000000000104e+00
7.868889999999999496e-01
-4.092610999999999777e+00
-2.209611000000000214e+00
1.776488999999999985e+00
5.608889999999999709e-01
2.122888999999999804e+00
4.604588999999999821e+00
4.167888999999999733e+00
-7.811099999999999988e-02
-4.029111000000000331e+00
-4.985210999999999615e+00
-2.146611000000000047e+00
-1.693011000000000044e+00
2.656388999999999889e+00
1.734488999999999947e+00
4.633889999999999953e-01
6.826889999999999903e-01
