-2.725200000000000067e+00
-2.448199999999999932e+00
-1.437100000000000044e+00
-6.464999999999999636e-01
-8.551999999999999602e-01
-1.921799999999999953e+00
4.456999999999999851e-01
1.606100000000000083e+00
1.161200000000000010e+00
2.160000000000000114e-02
9.757000000000000117e-01
2.160000000000000114e-02
4.053999999999999826e-01
-1.398999999999999966e-01
2.711000000000000076e-01
1.256199999999999983e+00
1.818699999999999983e+00
1.383599999999999941e+00
-2.273699999999999832e+00
-3.251100000000000101e+00
-3.573000000000000065e-01
2.050000000000000086e-02
1.976699999999999902e+00
1.427599999999999980e+00
2.253899999999999793e+00
-8.018999999999999462e-01
-1.409799999999999942e+00
1.379999999999999977e-02
8.219999999999999529e-01
2.342600000000000016e+00
2.124099999999999877e+00
2.020399999999999974e+00
4.884999999999999898e-01
-5.991999999999999549e-01
1.975600000000000023e+00
6.936999999999999833e-01
-8.862999999999999767e-01
1.616400000000000059e+00
2.598399999999999821e+00
-1.540699999999999958e+00
-3.074100000000000055e+00
-3.064700000000000202e+00
-4.026500000000000412e+00
-1.894000000000000128e-01
1.084200000000000053e+00
1.461699999999999999e+00
3.866999999999999882e-01
1.862900000000000000e+00
2.255500000000000060e+00
3.297400000000000109e+00
-5.505999999999999783e-01
-6.256000000000000449e-01
-1.871899999999999897e+00
-2.016099999999999781e+00
-1.681200000000000028e+00
-1.695500000000000007e+00
