-5.603273999999999866e+00
-5.774773999999999852e+00
-4.862274000000000207e+00
-3.692273999999999834e+00
-3.383274000000000115e+00
-4.426674000000000220e+00
-2.711073999999999984e+00
-1.481673999999999936e+00
-1.247473999999999972e+00
-2.185074000000000183e+00
7.942599999999999660e-02
1.358025999999999955e+00
2.715825999999999851e+00
2.930626000000000175e+00
3.954025999999999819e+00
4.775625999999999927e+00
4.592126000000000374e+00
3.554926000000000030e+00
-4.271373999999999782e+00
-6.956374000000000279e+00
5.438725999999999949e+00
5.282925999999999789e+00
4.279025999999999996e+00
3.428526000000000185e+00
-2.899274000000000129e+00
-7.254739999999999522e-01
-4.447399999999999964e-02
4.014260000000000050e-01
2.298325999999999869e+00
4.112125999999999948e+00
5.570826000000000278e+00
-3.646873999999999949e+00
-5.076774000000000342e+00
-7.113374000000000308e+00
-7.667874000000000301e+00
6.236025999999999847e+00
5.948325999999999780e+00
4.153926000000000229e+00
2.658926000000000123e+00
