-4.079316000000000386e+00
-4.016216000000000008e+00
-2.910416000000000114e+00
-1.812815999999999983e+00
-1.732715999999999923e+00
-2.953316000000000052e+00
-5.734160000000000368e-01
3.033839999999999870e-01
-3.423160000000000092e-01
2.800839999999999996e-01
2.470883999999999858e+00
-3.101916000000000118e+00
-5.194416000000000366e+00
3.819884000000000057e+00
4.662583999999999840e+00
4.171984000000000137e+00
2.828984000000000165e+00
1.994683999999999902e+00
1.701284000000000018e+00
2.121684000000000125e+00
5.207283999999999580e+00
6.309683999999999848e+00
1.340883999999999965e+00
1.155840000000000062e-01
-2.530160000000000187e-01
-2.338515999999999817e+00
-4.035715999999999859e+00
-5.200516000000000361e+00
-6.055016000000000176e+00
4.226884000000000086e+00
9.581840000000000357e-01
2.085684000000000093e+00
