-3.926963999999999899e+00
-4.022064000000000306e+00
-3.009263999999999939e+00
-1.820564000000000071e+00
-1.574964000000000031e+00
-2.723463999999999885e+00
-4.186639999999999806e-01
5.803359999999999630e-01
-1.503639999999999977e-01
4.461359999999999770e-01
-2.727564000000000100e+00
-5.265664000000000122e+00
2.501835999999999949e+00
2.197036000000000211e+00
2.596035999999999788e+00
3.305536000000000030e+00
3.619435999999999876e+00
3.221935999999999911e+00
2.064836000000000116e+00
1.537336000000000036e+00
1.557360000000000133e-01
1.077359999999999984e-01
-1.899963999999999986e+00
-3.613064000000000053e+00
-5.384064000000000405e+00
-6.059663999999999717e+00
1.646436000000000011e+00
2.352736000000000161e+00
3.615835999999999828e+00
4.176035999999999859e+00
3.482136000000000120e+00
2.612735999999999947e+00
2.376435999999999993e+00
