-4.485718999999999568e+00
-5.006918999999999897e+00
-4.346818999999999988e+00
-3.071419000000000121e+00
-2.404018999999999906e+00
-3.200518999999999892e+00
-2.348218999999999834e+00
-1.022019000000000011e+00
-4.229189999999999894e-01
-1.103718999999999895e+00
1.026280999999999999e+00
1.932781000000000082e+00
2.933081000000000049e+00
3.457880999999999982e+00
4.467380999999999602e+00
4.984581000000000373e+00
4.488280999999999743e+00
3.480380999999999947e+00
-2.710218999999999934e+00
-6.297818999999999612e+00
1.814680999999999989e+00
5.117281000000000191e+00
-2.821918999999999844e+00
-4.770190000000000263e-01
9.913809999999999567e-01
1.406581000000000081e+00
3.110981000000000218e+00
4.850081000000000309e+00
5.767980999999999803e+00
3.109580999999999928e+00
-1.708418999999999910e+00
-3.316418999999999784e+00
-6.720718999999999888e+00
-6.827418999999999905e+00
1.258580999999999950e+00
2.800081000000000042e+00
1.294381000000000004e+00
