-5.128567000000000320e+00
-5.353367000000000431e+00
-4.660066999999999737e+00
-3.683666999999999803e+00
-3.353566999999999965e+00
-4.126166999999999696e+00
-2.854667000000000066e+00
-2.001767000000000074e+00
-2.265667000000000098e+00
-1.561166999999999971e+00
-3.932167000000000190e+00
-6.389567000000000441e+00
-5.950670000000000126e-01
8.730329999999999480e-01
1.851533000000000095e+00
2.015632999999999786e+00
1.172833000000000014e+00
1.919329999999999925e-01
5.933299999999999685e-02
2.787233000000000072e+00
3.544233000000000189e+00
3.079232999999999887e+00
4.592832999999999721e+00
5.177133000000000429e+00
4.732332999999999679e+00
3.687333000000000194e+00
2.958133000000000123e+00
2.139133000000000173e+00
-1.276067000000000062e+00
-1.050167000000000073e+00
-2.317766999999999911e+00
-3.135667000000000204e+00
-4.514166999999999597e+00
-6.610166999999999682e+00
-6.951767000000000252e+00
-4.204669999999999797e-01
7.360330000000000483e-01
1.299933000000000005e+00
-6.917670000000000208e-01
4.948933000000000249e+00
5.992333000000000354e+00
5.199733000000000160e+00
3.347833000000000059e+00
4.024532999999999916e+00
2.674532999999999827e+00
2.285733000000000015e+00
1.070932999999999913e+00
2.431033000000000222e+00
