-4.641225000000000378e+00
-4.654824999999999768e+00
-3.592225000000000001e+00
-2.442924999999999791e+00
-2.281524999999999803e+00
-3.477625000000000188e+00
-9.852250000000000174e-01
-9.262499999999999900e-02
-8.759249999999999536e-01
-3.556250000000000244e-01
-3.573725000000000041e+00
-5.864024999999999821e+00
1.086875000000000036e+00
1.765374999999999917e+00
1.169874999999999998e+00
1.981375000000000108e+00
3.372774999999999856e+00
3.980574999999999974e+00
3.177274999999999849e+00
5.347475000000000200e+00
6.016474999999999795e+00
-2.015250000000000097e-01
-8.173249999999999682e-01
9.768750000000000488e-01
-8.107250000000000290e-01
-7.175249999999999684e-01
-2.800124999999999975e+00
-4.495124999999999815e+00
-5.922625000000000028e+00
-6.694725000000000037e+00
1.612575000000000092e+00
1.564575000000000049e+00
3.979874999999999829e+00
3.632975000000000065e+00
7.092875000000000263e+00
5.799274999999999736e+00
5.762075000000000280e+00
-1.900525000000000020e+00
-5.352249999999999508e-01
-5.862249999999999961e-01
