-5.994246000000000407e+00
-5.937045999999999601e+00
-4.841645999999999894e+00
-3.727745999999999782e+00
-3.650046000000000124e+00
-4.861945999999999657e+00
-2.637545999999999946e+00
-1.483046000000000086e+00
-1.394946000000000019e+00
-2.487045999999999868e+00
-7.444599999999999829e-02
6.787539999999999685e-01
1.955753999999999992e+00
2.510353999999999974e+00
3.799354000000000120e+00
4.569653999999999883e+00
4.054354000000000013e+00
2.761553999999999842e+00
-4.948445999999999678e+00
-7.076646000000000214e+00
4.177853999999999957e+00
5.491854000000000013e+00
2.220254000000000172e+00
3.022254000000000218e+00
-6.169459999999999944e-01
4.882540000000000213e-01
-2.870460000000000234e-01
1.483540000000000136e-01
1.919653999999999971e+00
5.576853999999999978e+00
4.700453999999999688e+00
-4.311245999999999690e+00
-5.866045999999999871e+00
-7.070745999999999754e+00
-7.925245999999999569e+00
5.638753999999999600e+00
6.251153999999999655e+00
5.601854000000000333e+00
2.432653999999999872e+00
3.269054000000000126e+00
3.923054000000000041e+00
