-2.640699999999999825e+00
-2.590300000000000047e+00
-1.465600000000000014e+00
-3.032000000000000250e-01
-2.348000000000000087e-01
-1.474399999999999933e+00
8.860999999999999988e-01
2.144200000000000106e+00
2.207199999999999829e+00
1.029400000000000093e+00
-1.581700000000000106e+00
-3.768699999999999939e+00
3.398899999999999810e+00
8.316999999999999948e-01
3.167300000000000004e+00
1.098100000000000076e+00
-9.293000000000000149e-01
-2.532500000000000195e+00
-3.764800000000000146e+00
-4.639400000000000190e+00
3.686300000000000132e+00
3.254399999999999959e+00
4.221799999999999997e+00
