-5.764307999999999765e+00
-5.971408000000000271e+00
-5.086007999999999640e+00
-3.897107999999999794e+00
-3.580508000000000024e+00
-4.577008000000000187e+00
-2.300908000000000175e+00
-1.172708000000000084e+00
6.539200000000000568e-02
1.490920000000000023e-01
-9.636080000000000201e-01
-2.178907999999999845e+00
-7.165207999999999799e+00
-4.439508000000000010e+00
1.621992000000000100e+00
-3.192607999999999890e+00
-2.959407999999999817e+00
1.176291999999999893e+00
1.479092000000000073e+00
2.522991999999999901e+00
2.896091999999999889e+00
3.392992000000000008e+00
4.751692000000000249e+00
4.878391999999999840e+00
6.133592000000000155e+00
7.276591999999999949e+00
7.165391999999999761e+00
5.910391999999999868e+00
-1.251808000000000032e+00
-8.957079999999999487e-01
-3.036207999999999796e+00
-7.349207999999999963e+00
-7.860407999999999618e+00
-5.218308000000000391e+00
-3.521408000000000094e+00
-2.517307999999999879e+00
-4.220907999999999660e+00
-3.015407999999999866e+00
-1.913008000000000042e+00
-3.123908000000000129e+00
3.737092000000000080e+00
3.175391999999999992e+00
2.049091999999999913e+00
2.924491999999999869e+00
3.497792000000000012e+00
3.993091999999999864e+00
6.218492000000000353e+00
8.255292000000000741e+00
8.058092000000000255e+00
5.843992000000000075e+00
