-5.122708000000000261e+00
-5.713008000000000308e+00
-5.092308000000000057e+00
-3.794007999999999825e+00
-3.051108000000000153e+00
-3.805708000000000091e+00
-3.193407999999999802e+00
-1.864508000000000054e+00
-1.114508000000000054e+00
-1.710307999999999939e+00
3.631920000000000148e-01
1.236591999999999913e+00
2.353892000000000095e+00
2.961491999999999791e+00
4.090492000000000239e+00
4.651591999999999949e+00
4.071291999999999689e+00
2.942991999999999830e+00
-3.233007999999999882e+00
-7.042507999999999768e+00
5.846491999999999578e+00
6.403491999999999962e+00
6.276691999999999716e+00
9.935920000000000307e-01
-1.419408000000000003e+00
4.238919999999999910e-01
7.108919999999999684e-01
2.588691999999999993e+00
4.524192000000000213e+00
4.477591999999999572e+00
2.520491999999999955e+00
-2.240708000000000144e+00
-3.821908000000000083e+00
-7.523907999999999596e+00
-7.543707999999999636e+00
7.064691999999999972e+00
5.252919999999999812e-01
1.925491999999999981e+00
3.336919999999999886e-01
