-4.243970000000000020e+00
-4.439969999999999750e+00
-3.490169999999999995e+00
-2.290970000000000173e+00
-1.975770000000000026e+00
-3.036669999999999980e+00
-1.162870000000000070e+00
-1.151699999999999946e-01
-6.009700000000000042e-01
2.911299999999999999e-01
-2.902369999999999894e+00
-5.690269999999999939e+00
1.616330000000000044e+00
1.233829999999999982e+00
1.356829999999999981e+00
2.409429999999999961e+00
3.731630000000000003e+00
4.001730000000000231e+00
2.942130000000000134e+00
4.839830000000000076e+00
6.005230000000000068e+00
4.567129999999999690e+00
-5.025470000000000326e+00
-1.115769999999999929e+00
-5.905569999999999986e+00
-6.458269999999999733e+00
1.702730000000000077e+00
1.177229999999999999e+00
1.880230000000000068e+00
3.339300000000000046e-01
2.178230000000000111e+00
5.021130000000000315e+00
3.165529999999999955e+00
