-4.774135000000000240e+00
-4.696534999999999904e+00
-3.560334999999999805e+00
-2.422534999999999883e+00
-2.362835000000000019e+00
-3.617234999999999978e+00
-1.217635000000000023e+00
-1.303499999999999971e-02
-3.333499999999999658e-02
-1.194334999999999924e+00
1.254264999999999963e+00
1.587364999999999915e+00
2.829965000000000064e+00
2.889464999999999950e+00
4.107065000000000410e+00
5.295865000000000045e+00
5.279865000000000030e+00
4.057864999999999611e+00
-3.747735000000000039e+00
-5.851535000000000153e+00
6.800564999999999749e+00
4.124464999999999826e+00
1.434965000000000046e+00
-1.207735000000000003e+00
9.199650000000000327e-01
2.045065000000000133e+00
1.114665000000000017e+00
8.065649999999999764e-01
4.124765000000000015e+00
6.214565000000000339e+00
-2.957034999999999858e+00
-4.674735000000000085e+00
-5.826435000000000031e+00
-6.730134999999999756e+00
