-5.224471000000000309e+00
-5.124770999999999965e+00
-3.994771000000000072e+00
-2.913371000000000155e+00
-2.870871000000000173e+00
-4.113870999999999611e+00
-1.654071000000000069e+00
-8.016710000000000225e-01
-1.484671000000000074e+00
-8.890709999999999447e-01
-4.300570999999999700e+00
-6.289870999999999768e+00
4.788290000000000046e-01
1.251729000000000092e+00
7.944290000000000518e-01
1.588429000000000091e+00
2.867229000000000028e+00
3.350928999999999824e+00
2.563328999999999969e+00
3.138428999999999913e+00
2.763929000000000080e+00
3.303729000000000138e+00
4.228129000000000026e+00
4.614628999999999870e+00
4.074628999999999834e+00
2.492290000000000061e-01
-9.400709999999999900e-01
-1.509870999999999963e+00
-3.550571000000000144e+00
-5.247270999999999574e+00
-6.269370999999999583e+00
-7.167870999999999881e+00
8.216290000000000537e-01
-1.989710000000000090e-01
1.201629000000000058e+00
3.487829000000000068e+00
4.356029000000000373e+00
2.041529000000000149e+00
3.000729000000000202e+00
4.648329000000000377e+00
5.336428999999999867e+00
4.384329000000000143e+00
