-5.372929000000000066e+00
-5.354929000000000272e+00
-4.267729000000000106e+00
-3.139428999999999803e+00
-3.012229000000000045e+00
-4.215829000000000271e+00
-1.911029000000000089e+00
-9.948289999999999633e-01
-1.602429000000000103e+00
-9.708290000000000530e-01
-4.314828999999999581e+00
-6.562329000000000079e+00
8.115710000000000424e-01
1.199270999999999976e+00
2.184571000000000041e+00
2.535571000000000019e+00
1.870670999999999973e+00
8.980709999999999527e-01
5.663709999999999578e-01
3.567171000000000092e+00
4.810671000000000141e+00
5.788071000000000410e+00
5.540071000000000190e+00
4.316371000000000180e+00
3.340470999999999968e+00
3.797099999999999781e-02
-1.477228999999999903e+00
-1.104829000000000061e+00
-3.518228999999999829e+00
-5.237328999999999901e+00
-6.602828999999999837e+00
-7.409728999999999566e+00
2.678471000000000046e+00
2.117170999999999914e+00
4.030710000000000126e-01
-1.830289999999999973e-01
5.036971000000000309e+00
6.744570999999999650e+00
6.300371000000000166e+00
4.116971000000000380e+00
2.388071000000000055e+00
