-5.780052000000000412e+00
-5.785351999999999606e+00
-4.776051999999999964e+00
-3.680051999999999879e+00
-3.558851999999999904e+00
-4.681052000000000213e+00
-2.682052000000000103e+00
-1.530651999999999902e+00
-1.286251999999999951e+00
-2.341451999999999867e+00
-8.745200000000000196e-02
2.480479999999999907e-01
1.608548000000000089e+00
1.719848000000000043e+00
2.978148000000000017e+00
4.129247999999999585e+00
4.022847999999999757e+00
2.777048000000000183e+00
-4.710651999999999617e+00
-6.903552000000000355e+00
5.411247999999999614e+00
5.587547999999999959e+00
2.596747999999999834e+00
3.760047999999999835e+00
5.396480000000000166e-01
6.113480000000000025e-01
-7.655520000000000103e-01
-2.244352000000000125e+00
6.461479999999999446e-01
-5.089519999999999600e-01
2.401480000000000004e-01
3.059848000000000123e+00
4.941347999999999629e+00
-4.275051999999999630e+00
-5.580551999999999957e+00
-6.944251999999999647e+00
-7.685652000000000150e+00
6.659848000000000212e+00
5.241848000000000063e+00
5.090148000000000117e+00
3.431848000000000010e+00
4.412148000000000181e+00
4.296847999999999779e+00
-4.090520000000000267e-01
1.017748000000000097e+00
1.188647999999999927e+00
