-6.492869999999999919e+00
-6.390469999999999651e+00
-5.238769999999999705e+00
-4.103570000000000384e+00
-4.088269999999999627e+00
-5.353170000000000428e+00
-2.888570000000000082e+00
-1.663869999999999960e+00
-1.630470000000000086e+00
-2.847970000000000113e+00
-3.148699999999999832e-01
1.345300000000000107e-01
1.400630000000000042e+00
1.467130000000000045e+00
2.695930000000000160e+00
3.887230000000000185e+00
3.847129999999999939e+00
2.609830000000000094e+00
-5.515869999999999607e+00
-7.541669999999999874e+00
5.022829999999999906e+00
5.570129999999999804e+00
5.090830000000000410e+00
5.517929999999999779e+00
2.701430000000000220e+00
2.788930000000000131e+00
2.593830000000000080e+00
-2.884869999999999823e+00
-7.376700000000000479e-01
-2.837270000000000181e+00
4.101299999999999946e-01
-4.414699999999999736e-01
-5.971699999999999786e-01
5.502299999999999969e-01
-4.888270000000000337e+00
-6.480669999999999931e+00
-7.498269999999999769e+00
-8.431570000000000675e+00
6.410929999999999573e+00
4.835530000000000328e+00
5.950429999999999886e+00
6.480529999999999902e+00
4.809330000000000105e+00
5.662130000000000329e+00
2.765130000000000088e+00
3.729729999999999990e+00
1.935230000000000006e+00
