-5.802430000000000199e+00
-5.659930000000000128e+00
-4.590930000000000177e+00
-3.620530000000000026e+00
-3.629729999999999901e+00
-4.806429999999999758e+00
-2.442930000000000046e+00
-1.692930000000000046e+00
-2.356129999999999836e+00
-1.842230000000000034e+00
3.883699999999999930e-01
-5.038929999999999687e+00
-6.709030000000000271e+00
1.763470000000000093e+00
2.561469999999999914e+00
2.007169999999999899e+00
6.438700000000000534e-01
-1.441300000000000081e-01
-3.792300000000000115e-01
2.891869999999999941e+00
3.905969999999999942e+00
2.527670000000000083e+00
3.318369999999999820e+00
2.989069999999999894e+00
3.517669999999999852e+00
2.000869999999999926e+00
3.040869999999999962e+00
4.127369999999999983e+00
3.914470000000000116e+00
4.646670000000000300e+00
2.806869999999999976e+00
2.553699999999999859e-01
-7.176299999999999901e-01
-2.283129999999999882e+00
-2.248330000000000162e+00
-4.394330000000000069e+00
-5.935229999999999784e+00
-6.653629999999999711e+00
-7.538730000000000153e+00
2.253969999999999807e+00
3.620870000000000033e+00
1.615699999999999914e-01
-1.191330000000000000e+00
1.742669999999999941e+00
4.371870000000000367e+00
1.884169999999999900e+00
2.065269999999999939e+00
2.965069999999999872e+00
5.112770000000000259e+00
4.167469999999999786e+00
2.767570000000000086e+00
9.489699999999999802e-01
7.963700000000000223e-01
-4.882299999999999973e-01
