-2.307430000000000092e+00
-2.239829999999999988e+00
-1.108530000000000015e+00
3.726999999999999758e-02
1.100700000000000012e-01
-1.157529999999999948e+00
1.204169999999999963e+00
2.459270000000000067e+00
2.559270000000000156e+00
1.403669999999999973e+00
-1.334929999999999950e+00
-3.401130000000000209e+00
1.578670000000000018e+00
2.881069999999999798e+00
1.171070000000000055e+00
9.082700000000000218e-01
1.142370000000000108e+00
3.354169999999999874e+00
3.548970000000000180e+00
-2.306229999999999780e+00
-8.456299999999999928e-01
-3.380230000000000068e+00
-4.276830000000000354e+00
