-8.300394999999999968e+00
-7.872094999999999843e+00
-6.603695000000000093e+00
-5.703294999999999781e+00
-6.009394999999999598e+00
-7.390394999999999825e+00
-4.394694999999999574e+00
-3.348594999999999988e+00
-3.582394999999999996e+00
-4.928695000000000270e+00
-2.394794999999999785e+00
-1.237595000000000001e+00
1.200500000000000005e-02
1.033905000000000074e+00
2.329804999999999904e+00
2.639505000000000212e+00
1.633305000000000007e+00
3.386049999999999893e-01
-7.945095000000000240e+00
-8.785095000000000098e+00
4.027605000000000324e+00
4.720704999999999707e+00
4.470604999999999940e+00
5.797005000000000408e+00
8.165305000000000035e+00
8.273505000000000109e+00
9.222804999999999254e+00
5.959105000000000096e+00
6.979804999999999815e+00
6.800004999999999633e+00
8.170405000000000584e+00
-5.233794999999999753e+00
6.910904999999999632e+00
-4.162994999999999557e+00
-2.337695000000000078e+00
-2.163194999999999979e+00
-2.639095000000000191e+00
-1.430495000000000072e+00
8.292049999999999699e-01
3.091905000000000125e+00
1.820805000000000007e+00
-4.097950000000000204e-01
-8.001894999999999314e+00
-7.544294999999999973e+00
-8.483494999999999564e+00
-9.756795000000000329e+00
3.873905000000000154e+00
5.783005000000000173e+00
9.988004999999999356e+00
5.014605000000000423e+00
6.214405000000000179e+00
8.760704999999999742e+00
-6.083395000000000330e+00
-5.426095000000000113e+00
-4.426095000000000113e+00
7.162505000000000344e+00
6.571405000000000385e+00
