-5.297918000000000127e+00
-5.119818000000000424e+00
-3.936017999999999795e+00
-2.859217999999999815e+00
-2.905018000000000100e+00
-4.195318000000000325e+00
-1.679518000000000066e+00
-5.380179999999999962e-01
-5.823180000000000023e-01
-1.775117999999999974e+00
-4.421018000000000114e+00
-6.223118000000000372e+00
6.270820000000000283e-01
7.367820000000000480e-01
1.219781999999999922e+00
7.249820000000000153e-01
1.755981999999999932e+00
2.372182000000000013e+00
1.395682000000000089e+00
8.726819999999999578e-01
2.434820000000000040e-01
1.998382000000000103e+00
3.246081999999999912e+00
3.039681999999999995e+00
1.801282000000000050e+00
5.581819999999999560e-01
-3.683418000000000081e+00
-5.377618000000000009e+00
-6.125717999999999996e+00
-7.135918000000000205e+00
1.411782000000000092e+00
3.340819999999999901e-01
1.610182000000000002e+00
8.651820000000000066e-01
2.080782000000000131e+00
-1.280179999999999929e-01
9.482819999999999583e-01
2.516382000000000119e+00
2.681681999999999899e+00
3.277482000000000006e+00
5.524820000000000286e-01
1.887582000000000093e+00
1.323819999999999997e-01
1.695581999999999923e+00
-7.141799999999999538e-02
-6.607180000000000275e-01
2.169481999999999911e+00
1.842781999999999920e+00
3.519481999999999999e+00
4.091382000000000296e+00
3.923182000000000169e+00
2.938682000000000016e+00
1.965681999999999929e+00
1.643281999999999909e+00
3.421819999999999862e-01
-3.070180000000000131e-01
