-5.932751999999999803e+00
-5.774852000000000096e+00
-4.660651999999999795e+00
-3.627451999999999899e+00
-3.675752000000000130e+00
-4.895952000000000304e+00
-2.520751999999999882e+00
-1.427551999999999932e+00
-1.351652000000000076e+00
-2.516852000000000089e+00
-1.912520000000000053e-01
-2.365199999999999941e-02
1.387548000000000004e+00
1.693548000000000053e+00
3.002447999999999784e+00
4.032648000000000010e+00
3.729248000000000118e+00
2.421748000000000012e+00
-5.097051999999999694e+00
-6.828952000000000133e+00
4.709448000000000079e+00
5.259847999999999857e+00
5.341648000000000174e+00
5.666147999999999740e+00
-5.638520000000000199e-01
-2.553452000000000055e+00
6.089480000000000448e-01
-7.349520000000000497e-01
-2.148519999999999874e-01
9.082480000000000553e-01
3.176248000000000182e+00
2.210247999999999990e+00
-4.695952000000000126e+00
-6.025351999999999819e+00
-6.745452000000000226e+00
-7.688252000000000308e+00
6.057547999999999710e+00
4.503948000000000285e+00
5.697047999999999668e+00
6.736848000000000170e+00
5.476347999999999772e+00
5.127547999999999995e+00
