-2.085109999999999797e+00
-2.262710000000000221e+00
-1.681510000000000060e+00
-7.687100000000000044e-01
-3.788099999999999801e-01
-1.162309999999999954e+00
8.038899999999999935e-01
-9.736099999999999755e-01
-3.117210000000000036e+00
1.935990000000000100e+00
3.125789999999999846e+00
3.195489999999999942e+00
2.072789999999999910e+00
8.868899999999999562e-01
-1.508909999999999973e+00
4.451899999999999746e-01
4.629789999999999850e+00
4.471689999999999721e+00
-3.485099999999999865e-01
-1.543309999999999960e+00
-3.301509999999999945e+00
-3.595410000000000217e+00
1.886090000000000044e+00
2.105789999999999829e+00
2.059000000000000066e-02
-8.479100000000000525e-01
-2.334709999999999841e+00
-1.938309999999999977e+00
1.146290000000000031e+00
1.290900000000000103e-01
9.931900000000000173e-01
