-5.231518999999999586e+00
-5.405119000000000007e+00
-4.453719000000000428e+00
-3.243418999999999830e+00
-2.921918999999999933e+00
-4.006819000000000131e+00
-1.910919000000000034e+00
-8.511189999999999589e-01
-1.503619000000000039e+00
-8.358189999999999786e-01
-3.924018999999999924e+00
-6.666519000000000084e+00
5.656809999999999894e-01
1.507881000000000027e+00
2.861581000000000152e+00
3.259180999999999884e+00
2.333181000000000171e+00
9.843809999999999505e-01
3.861080999999999985e+00
3.486680999999999919e+00
2.847081000000000195e+00
1.928080999999999934e+00
4.598480999999999597e+00
4.924481000000000108e+00
2.206809999999999883e-01
-1.320419000000000009e+00
-8.920190000000000063e-01
-3.062018999999999824e+00
-4.765519000000000283e+00
-6.843619000000000341e+00
-7.415218999999999561e+00
1.153281000000000001e+00
2.337809999999999888e-01
4.396880999999999595e+00
3.040980999999999934e+00
2.815681000000000100e+00
2.498880999999999908e+00
1.195581000000000005e+00
1.437580999999999998e+00
5.989181000000000310e+00
4.753180999999999656e+00
4.359880999999999673e+00
