-6.137082999999999622e+00
-6.149982999999999755e+00
-5.173383000000000287e+00
-4.115582999999999991e+00
-3.961482999999999866e+00
-5.063482999999999734e+00
-3.194882999999999917e+00
-2.068982999999999794e+00
-1.787282999999999955e+00
-2.744782999999999973e+00
-4.809829999999999939e-01
-5.147083000000000297e+00
-7.236782999999999966e+00
-2.497383000000000131e+00
4.684169999999999723e-01
1.739816999999999947e+00
2.237216999999999789e+00
3.544516999999999918e+00
4.386816999999999744e+00
3.916816999999999993e+00
2.589316999999999869e+00
2.152716999999999992e+00
2.953216999999999981e+00
2.188616999999999813e+00
8.753170000000000117e-01
8.824170000000000069e-01
5.671217000000000397e+00
6.566517000000000159e+00
4.089116999999999891e+00
3.216117000000000115e+00
-1.367483000000000004e+00
-7.048300000000000398e-02
-6.679829999999999934e-01
-4.460882999999999932e+00
-5.178482999999999947e+00
-7.278482999999999592e+00
-7.999482999999999677e+00
-1.533682999999999907e+00
-3.257683000000000106e+00
-2.492083000000000048e+00
2.670170000000000043e-01
1.589917000000000025e+00
4.587917000000000023e+00
4.002616999999999869e+00
2.546816999999999886e+00
1.641700000000000104e-02
8.481700000000000350e-02
7.573616999999999599e+00
6.573516999999999832e+00
6.312516999999999712e+00
3.791017000000000081e+00
2.859817000000000053e+00
2.381717000000000084e+00
