-6.282790000000000319e+00
-6.302590000000000359e+00
-5.222789999999999822e+00
-4.047390000000000043e+00
-3.871290000000000120e+00
-5.090290000000000425e+00
-3.028890000000000082e+00
-1.773889999999999967e+00
-1.449889999999999901e+00
-2.518990000000000062e+00
4.309999999999999595e-03
2.644099999999999784e-01
1.489509999999999890e+00
1.589310000000000000e+00
2.799110000000000209e+00
3.947709999999999830e+00
3.874410000000000132e+00
2.644909999999999872e+00
-5.175690000000000346e+00
-7.508289999999999687e+00
-2.248489999999999878e+00
5.042910000000000004e+00
5.002110000000000056e+00
5.135010000000000296e+00
5.853909999999999947e+00
2.850109999999999921e+00
2.589409999999999989e+00
-1.001889999999999947e+00
6.408099999999999907e-01
2.570100000000000162e-01
-5.191900000000000404e-01
7.141100000000000225e-01
2.575309999999999988e+00
-4.729890000000000150e+00
-4.894389999999999574e+00
-7.558089999999999975e+00
-8.347989999999999355e+00
-1.191389999999999949e+00
-2.570790000000000131e+00
-2.756590000000000096e+00
6.007509999999999906e+00
4.733810000000000073e+00
4.322510000000000296e+00
6.798110000000000319e+00
5.298709999999999809e+00
6.086909999999999599e+00
2.629710000000000214e+00
3.350010000000000154e+00
1.589809999999999945e+00
