-4.784267999999999965e+00
-4.701368000000000436e+00
-3.608967999999999954e+00
-2.526768000000000125e+00
-2.476668000000000092e+00
-3.675968000000000124e+00
-1.440368000000000093e+00
-3.181680000000000064e-01
-2.571680000000000077e-01
-1.343868000000000062e+00
1.019231999999999916e+00
3.221832000000000029e+00
3.336031999999999886e+00
2.900431999999999899e+00
2.357232000000000216e+00
2.255631999999999859e+00
2.691031999999999869e+00
-3.812267999999999990e+00
-5.810468000000000188e+00
1.934231999999999951e+00
3.215031999999999890e+00
3.954931999999999892e+00
3.705531999999999826e+00
5.434320000000000261e-01
7.948319999999999830e-01
1.440231999999999957e+00
3.769331999999999905e+00
2.989031999999999911e+00
2.018931999999999949e+00
1.838832000000000022e+00
2.609231999999999996e+00
-2.979267999999999805e+00
-4.696468000000000309e+00
-5.784468000000000387e+00
-6.656168000000000085e+00
4.802731999999999779e+00
3.474931999999999910e+00
