-3.633944000000000063e+00
-3.740143999999999913e+00
-2.713044000000000011e+00
-1.494944000000000051e+00
-1.244844000000000062e+00
-2.398944000000000187e+00
-3.970440000000000080e-01
8.843560000000000310e-01
1.039855999999999892e+00
1.155999999999999910e-03
-2.339544000000000068e+00
-4.976543999999999635e+00
2.655855999999999995e+00
2.430255999999999972e+00
2.286455999999999822e+00
2.131355999999999806e+00
2.125356000000000023e+00
2.276855999999999991e+00
2.431855999999999796e+00
1.968355999999999995e+00
1.976455999999999991e+00
-5.331439999999999513e-01
1.730356000000000005e+00
-1.470344000000000095e+00
-3.200044000000000111e+00
-5.089444000000000301e+00
-5.776244000000000156e+00
2.296555999999999820e+00
2.018355999999999817e+00
2.280555999999999806e+00
2.549955999999999889e+00
1.847655999999999965e+00
2.935455999999999843e+00
1.141156000000000059e+00
