-6.007280999999999871e+00
-6.586081000000000074e+00
-5.974781000000000120e+00
-4.679781000000000191e+00
-3.981481000000000048e+00
-4.716381000000000157e+00
-2.581180999999999948e+00
-1.525281000000000109e+00
-1.844810000000000061e-01
9.531900000000000095e-02
-9.423810000000000242e-01
-2.270580999999999960e+00
-7.887481000000000186e+00
-4.182580999999999882e+00
1.722118999999999955e+00
-4.917981000000000158e+00
-4.007181000000000104e+00
8.317189999999999861e-01
1.236518999999999924e+00
2.256219000000000197e+00
2.778319000000000205e+00
2.743719000000000019e+00
3.665618999999999961e+00
4.072118999999999822e+00
4.300718999999999959e+00
5.141319000000000194e+00
6.530618999999999730e+00
7.102019000000000304e+00
6.284919000000000366e+00
4.896518999999999622e+00
2.189519000000000215e+00
-1.741481000000000057e+00
-7.265810000000000324e-01
-3.066180999999999823e+00
-8.348380999999999830e+00
-8.378581000000000500e+00
-3.200880999999999865e+00
-4.798281000000000240e+00
-4.354781000000000013e+00
-5.332981000000000193e+00
-5.751280999999999644e+00
-3.595381000000000160e+00
-3.175281000000000020e+00
2.417918999999999929e+00
3.245718999999999799e+00
1.871418999999999944e+00
3.149719000000000158e+00
4.563619000000000092e+00
4.646118999999999666e+00
4.731619000000000241e+00
7.168518999999999863e+00
8.184419000000000111e+00
6.728119000000000405e+00
4.273418999999999635e+00
2.548519000000000201e+00
1.096219000000000054e+00
2.442318999999999907e+00
