-7.576566999999999830e+00
-7.036767000000000216e+00
-5.781067000000000178e+00
-5.014066999999999830e+00
-5.454966999999999899e+00
-6.782466999999999580e+00
-3.755466999999999889e+00
-2.947166999999999870e+00
-3.366766999999999843e+00
-4.640067000000000164e+00
-2.427366999999999830e+00
-2.135667000000000204e+00
-8.311669999999999892e-01
-5.355670000000000153e-01
7.703330000000000455e-01
1.847833000000000059e+00
1.603132999999999919e+00
2.883330000000000060e-01
-7.392767000000000088e+00
-7.824167000000000094e+00
3.224333000000000116e+00
3.470133000000000134e+00
4.164233000000000295e+00
5.574432999999999971e+00
6.446233000000000324e+00
7.665932999999999886e+00
5.727632999999999974e+00
5.740433000000000341e+00
7.039532999999999596e+00
7.098633000000000415e+00
7.537733000000000239e+00
6.575433000000000305e+00
-3.259666999999999870e+00
-1.520467000000000013e+00
1.088329999999999992e-01
-1.936466999999999938e+00
-1.525967000000000073e+00
-2.882766999999999857e+00
9.282329999999999748e-01
2.409432999999999936e+00
-6.804267000000000287e+00
-8.348967000000000027e+00
-7.448866999999999905e+00
-8.782166999999999391e+00
3.919433000000000167e+00
5.876933000000000185e+00
6.389833000000000318e+00
4.900933000000000206e+00
5.697433000000000192e+00
7.919332999999999956e+00
7.134032999999999625e+00
6.651832999999999885e+00
-3.026867000000000196e+00
-3.525666999999999884e+00
-4.146366999999999692e+00
