-6.122607000000000355e+00
-6.042506999999999628e+00
-4.930306999999999995e+00
-3.823007000000000044e+00
-3.769106999999999985e+00
-4.996306999999999832e+00
-2.715307000000000137e+00
-1.567706999999999962e+00
-1.503506999999999927e+00
-2.613106999999999847e+00
-1.927069999999999894e-01
5.523930000000000229e-01
1.822793000000000108e+00
2.421092999999999940e+00
3.716492999999999824e+00
4.437192999999999721e+00
3.872292999999999985e+00
2.575792999999999999e+00
-5.106506999999999685e+00
-7.175707000000000058e+00
4.154893000000000391e+00
5.474793000000000021e+00
4.687592999999999677e+00
4.162692999999999977e+00
-6.870070000000000343e-01
3.895930000000000226e-01
-4.058069999999999733e-01
1.709300000000000055e-02
1.867593000000000059e+00
5.445693000000000339e+00
2.137992999999999810e+00
-4.465806999999999860e+00
-6.033107000000000220e+00
-7.152506999999999948e+00
-8.037107000000000667e+00
5.671393000000000129e+00
6.219192999999999749e+00
5.558792999999999651e+00
4.930292999999999815e+00
3.945993000000000084e+00
3.278093000000000146e+00
