-7.422899000000000136e+00
-7.931098999999999677e+00
-7.391299000000000063e+00
-6.250299000000000049e+00
-5.634098999999999968e+00
-6.281598999999999933e+00
-4.392399000000000164e+00
-3.143899000000000221e+00
-1.943699000000000066e+00
-2.002899000000000207e+00
-3.235498999999999903e+00
-4.420599000000000167e+00
-9.079798999999999509e+00
-5.825898999999999717e+00
-5.690990000000000215e-01
-6.493598999999999677e+00
-5.658898999999999901e+00
-7.369989999999999597e-01
-2.843990000000000129e-01
8.014010000000000300e-01
1.126400999999999986e+00
3.155600999999999878e+00
4.224300999999999640e+00
2.588001000000000218e+00
3.374801000000000162e+00
4.714000999999999664e+00
5.275201000000000029e+00
4.505500999999999756e+00
3.162201000000000040e+00
1.460501000000000049e+00
2.425000999999999962e+00
4.562801000000000329e+00
4.943000999999999756e+00
5.145201000000000136e+00
4.492701000000000278e+00
5.549601000000000006e+00
4.942900999999999989e+00
6.586200999999999972e+00
7.451800999999999675e+00
-3.093398999999999788e+00
-3.282198999999999867e+00
-5.370398999999999923e+00
-9.473898999999999404e+00
-9.496999000000000635e+00
-4.825498999999999761e+00
-6.364698999999999884e+00
-6.004998999999999754e+00
-6.606199000000000154e+00
-7.494799000000000433e+00
-5.529398999999999731e+00
-4.669399000000000299e+00
5.315010000000000012e-01
8.287010000000000209e-01
2.913501000000000118e+00
2.525501000000000218e+00
1.985001000000000015e+00
6.892009999999999525e-01
3.123501000000000083e+00
1.872001000000000026e+00
5.826300999999999952e+00
5.271200999999999581e+00
4.287100999999999829e+00
5.172301000000000037e+00
4.288101000000000163e+00
3.578501000000000154e+00
5.724600999999999829e+00
4.188701000000000008e+00
4.519300999999999569e+00
8.470200999999999425e+00
7.439001000000000197e+00
7.189500999999999920e+00
