-4.182136999999999993e+00
-4.204537000000000191e+00
-3.142037000000000191e+00
-1.989236999999999922e+00
-1.825836999999999932e+00
-3.006336999999999815e+00
-7.584370000000000278e-01
2.011630000000000085e-01
-4.141369999999999774e-01
2.077630000000000032e-01
2.358262999999999998e+00
-3.061837000000000142e+00
-5.423536999999999608e+00
3.316162999999999972e+00
3.628263000000000016e+00
2.993663000000000185e+00
2.032163000000000164e+00
1.729163000000000006e+00
2.000862999999999836e+00
3.296063000000000187e+00
2.659063000000000176e+00
1.713462999999999958e+00
1.401863000000000081e+00
-5.909370000000000456e-01
1.241562999999999972e+00
-2.939370000000000038e-01
4.636300000000000143e-02
-2.245537000000000116e+00
-3.965136999999999912e+00
-5.488037000000000276e+00
-6.251837000000000089e+00
3.829063000000000105e+00
4.375862999999999836e+00
1.000563000000000091e+00
4.034362999999999921e+00
2.902862999999999971e+00
1.216363000000000083e+00
6.585630000000000095e-01
