-4.770151000000000252e+00
-4.588650999999999591e+00
-3.411350999999999800e+00
-2.368951000000000029e+00
-2.415751000000000204e+00
-3.703250999999999848e+00
-1.058451000000000031e+00
-2.522510000000000030e-01
-1.053250999999999937e+00
-5.768510000000000026e-01
1.290648999999999935e+00
-3.978251000000000204e+00
-5.708250999999999742e+00
2.445049000000000028e+00
3.164549000000000056e+00
2.733349000000000029e+00
1.598948999999999954e+00
8.769489999999999785e-01
6.739490000000000203e-01
-2.391510000000000025e-01
-6.114509999999999668e-01
4.252849000000000323e+00
5.015849000000000224e+00
-1.800451000000000024e+00
6.150148999999999866e+00
-7.442509999999999959e-01
8.251490000000000213e-01
-4.736509999999999887e-01
-1.349450999999999956e+00
-3.269350999999999896e+00
-4.947751000000000232e+00
-5.618250999999999884e+00
-6.618851000000000262e+00
2.794048999999999783e+00
3.250049000000000188e+00
1.304648999999999948e+00
1.046848999999999918e+00
-9.034510000000000041e-01
2.138490000000000113e-01
5.436949000000000254e+00
4.389148999999999745e+00
-2.132251000000000118e+00
-1.542650999999999994e+00
-2.635250999999999788e+00
6.771949000000000218e+00
5.756948999999999650e+00
6.779748999999999803e+00
