-4.672303000000000317e+00
-4.770303000000000182e+00
-3.727002999999999844e+00
-2.500503000000000142e+00
-2.257403000000000048e+00
-3.429501999999999828e+00
-1.382803000000000004e+00
-9.190299999999999858e-02
8.859699999999999520e-02
-9.999029999999999863e-01
-3.372402999999999818e+00
-6.014102000000000281e+00
1.356397000000000075e+00
1.610197000000000100e+00
1.268297000000000008e+00
1.537496999999999892e+00
2.152896999999999839e+00
2.498296999999999990e+00
2.225296999999999858e+00
3.108897999999999939e+00
3.446096999999999966e+00
3.172197999999999851e+00
2.567197000000000173e+00
2.563096999999999959e+00
-1.503603000000000023e+00
7.450970000000000093e-01
-2.544202999999999992e+00
-4.250302999999999720e+00
-6.119803000000000104e+00
-6.825902000000000136e+00
7.960970000000000546e-01
1.271196999999999910e+00
2.357098000000000138e+00
3.325397999999999854e+00
3.916996999999999840e+00
3.424697000000000102e+00
2.353597000000000161e+00
3.488297000000000203e+00
2.589596999999999927e+00
2.598897000000000013e+00
