-6.786157000000000217e+00
-7.387957000000000107e+00
-6.883856999999999893e+00
-5.691056999999999810e+00
-4.979256999999999600e+00
-5.589057000000000386e+00
-3.698256999999999906e+00
-2.491556999999999800e+00
-1.261757000000000017e+00
-1.247457000000000038e+00
-2.439957000000000154e+00
-3.653957000000000122e+00
-8.599156999999999940e+00
-5.035457000000000072e+00
2.282430000000000014e-01
-6.082357000000000014e+00
-5.163256999999999763e+00
-9.815699999999999426e-02
3.850430000000000241e-01
1.485042999999999891e+00
1.887143000000000015e+00
3.731342999999999854e+00
4.612743000000000038e+00
3.248343000000000202e+00
4.326742999999999562e+00
5.583343000000000167e+00
5.781043000000000376e+00
4.716942999999999664e+00
3.457742999999999789e+00
2.223043000000000102e+00
3.163043000000000049e+00
4.949442999999999593e+00
5.122442999999999635e+00
6.956443000000000154e+00
7.990142999999999773e+00
-2.497456999999999816e+00
-2.432957000000000036e+00
-4.570256999999999792e+00
-9.074156999999999584e+00
-9.013056999999999874e+00
-4.025356999999999630e+00
-5.555157000000000345e+00
-5.635856999999999672e+00
-6.242856999999999879e+00
-7.057656999999999847e+00
-4.985857000000000205e+00
-4.205357000000000234e+00
1.153542999999999985e+00
1.866343000000000085e+00
4.196843000000000323e+00
6.385342999999999769e+00
4.857842999999999911e+00
2.640543000000000085e+00
2.781042999999999932e+00
1.493143000000000109e+00
3.965243000000000073e+00
2.608943000000000012e+00
5.754242999999999775e+00
5.717342999999999620e+00
4.280942999999999721e+00
8.823942999999999870e+00
7.651742999999999739e+00
8.359343000000000856e+00
