-5.435577000000000325e+00
-5.540077000000000140e+00
-4.514477000000000295e+00
-3.306277000000000132e+00
-3.040477000000000096e+00
-4.210077000000000069e+00
-2.348577000000000137e+00
-1.070877000000000079e+00
-6.603769999999999918e-01
-1.660077000000000025e+00
8.118229999999999613e-01
1.039123000000000019e+00
2.060122999999999927e+00
1.762823000000000029e+00
2.702023000000000064e+00
3.977022999999999975e+00
4.303022999999999598e+00
3.360022999999999982e+00
-4.208276999999999823e+00
-6.779976999999999698e+00
-1.289676999999999962e+00
3.627323000000000075e+00
4.936022999999999605e+00
2.345823000000000214e+00
3.105322999999999833e+00
1.049822999999999951e+00
2.494622999999999813e+00
8.738230000000000164e-01
-3.558769999999999989e-01
1.393923000000000023e+00
1.153323000000000098e+00
7.650230000000000086e-01
4.733922999999999881e+00
5.312422999999999895e+00
-3.762776999999999816e+00
-3.872276999999999969e+00
-6.895876999999999590e+00
-7.580276999999999710e+00
-1.669276999999999900e+00
-1.677877000000000063e+00
-2.124769999999999992e-01
4.966422999999999810e+00
5.152422999999999753e+00
5.691423000000000343e+00
8.048229999999999551e-01
-4.667700000000000321e-02
1.715723000000000109e+00
