-6.244866000000000028e+00
-6.630866000000000149e+00
-5.960965999999999987e+00
-4.811365999999999588e+00
-4.318465999999999916e+00
-5.095965999999999774e+00
-3.076265999999999945e+00
-1.824565999999999910e+00
-6.218660000000000299e-01
-6.811660000000000492e-01
-1.923365999999999909e+00
-3.109166000000000096e+00
-7.783465999999999774e+00
-4.772166000000000352e+00
7.045339999999999936e-01
-4.600565999999999711e+00
-4.130066000000000237e+00
5.518340000000000467e-01
1.717834000000000083e+00
1.857733999999999996e+00
2.851933999999999969e+00
3.777134000000000214e+00
4.852433999999999692e+00
5.047034000000000020e+00
4.102934000000000303e+00
3.024433999999999845e+00
5.753434000000000381e+00
5.476134000000000057e+00
6.151734000000000258e+00
7.249734000000000123e+00
4.179134000000000349e+00
4.432234000000000229e+00
-1.795565999999999995e+00
-1.978466000000000058e+00
-4.059665999999999997e+00
-8.094366000000000838e+00
-8.311565999999999121e+00
-5.397266000000000119e+00
-3.793066000000000049e+00
-4.117066000000000336e+00
-4.360865999999999687e+00
-5.684365999999999808e+00
-4.358766000000000140e+00
-3.040766000000000080e+00
4.623340000000000227e-01
3.661233999999999877e+00
2.332533999999999885e+00
6.183233999999999675e+00
5.619233999999999618e+00
4.461833999999999634e+00
8.092033999999999949e+00
7.558334000000000330e+00
7.004234000000000293e+00
3.972834000000000199e+00
3.991233999999999948e+00
5.507634000000000363e+00
