-6.336000000000000298e+00
-6.825899999999999856e+00
-6.229199999999999626e+00
-5.044999999999999929e+00
-4.433900000000000396e+00
-5.150400000000000311e+00
-3.134300000000000086e+00
-1.930199999999999916e+00
-6.784000000000000030e-01
-6.430000000000000160e-01
-1.829099999999999948e+00
-3.063899999999999846e+00
-8.010300000000000864e+00
-4.716800000000000104e+00
8.538000000000000034e-01
-5.225699999999999790e+00
-4.411599999999999966e+00
4.828999999999999959e-01
1.057199999999999918e+00
2.216899999999999871e+00
2.656899999999999817e+00
4.281699999999999839e+00
4.714500000000000135e+00
3.931500000000000217e+00
5.054999999999999716e+00
6.189799999999999969e+00
6.219999999999999751e+00
5.116399999999999615e+00
3.979699999999999793e+00
3.011000000000000121e+00
3.677500000000000213e+00
4.659399999999999764e+00
5.288899999999999935e+00
5.111699999999999910e+00
-1.958499999999999908e+00
-1.804899999999999949e+00
-3.976100000000000190e+00
-8.405900000000000816e+00
-8.490199999999999747e+00
-3.721000000000000085e+00
-5.308200000000000252e+00
-4.699900000000000411e+00
-5.394499999999999851e+00
-6.201500000000000234e+00
-4.264999999999999680e+00
-3.430600000000000094e+00
1.878500000000000059e+00
2.750300000000000189e+00
7.055500000000000327e+00
7.102599999999999802e+00
5.134400000000000297e+00
3.118199999999999861e+00
3.765000000000000124e+00
2.344399999999999817e+00
4.451299999999999812e+00
2.929300000000000015e+00
5.472500000000000142e+00
6.233999999999999986e+00
4.579200000000000159e+00
