-4.592378000000000071e+00
-4.308577999999999797e+00
-3.193178000000000072e+00
-2.292877999999999972e+00
-2.479578000000000060e+00
-3.691777999999999782e+00
-1.182177999999999951e+00
-2.006779999999999953e-01
-2.574779999999999847e-01
-1.452377999999999947e+00
-4.015778000000000070e+00
-5.224978000000000122e+00
8.327219999999999622e-01
9.604219999999999979e-01
2.256222000000000172e+00
2.065122000000000124e+00
3.163321999999999967e+00
3.058921999999999919e+00
1.857521999999999895e+00
7.697220000000000173e-01
4.041722000000000037e+00
5.286222000000000421e+00
-1.597677999999999932e+00
-3.765578000000000092e+00
-4.922477999999999909e+00
-5.044177999999999606e+00
-6.082078000000000095e+00
1.087822000000000067e+00
7.153220000000000134e-01
2.618721999999999994e+00
3.019721999999999795e+00
4.091721999999999859e+00
1.753222000000000058e+00
-1.419779999999999931e-01
5.952422000000000324e+00
5.755522000000000027e+00
5.159422000000000175e+00
