-4.642871999999999666e+00
-5.070672000000000068e+00
-4.536272000000000304e+00
-3.379471999999999809e+00
-2.857571999999999779e+00
-3.582371999999999890e+00
-1.714771999999999963e+00
-3.162571999999999939e+00
-6.139572000000000251e+00
-4.342719999999999914e-01
7.043279999999999541e-01
5.852279999999999704e-01
-6.924719999999999764e-01
-1.828472000000000097e+00
-3.854972000000000065e+00
-2.319071999999999800e+00
3.782427999999999901e+00
5.067528000000000254e+00
6.196927999999999770e+00
6.053227999999999831e+00
4.780327999999999911e+00
3.649728000000000083e+00
1.812127999999999961e+00
2.005227999999999788e+00
2.358528000000000180e+00
2.560328000000000159e+00
-2.332672000000000079e+00
-3.670571999999999946e+00
-6.517871999999999666e+00
-6.589171999999999585e+00
-3.138719999999999843e-01
1.685027999999999970e+00
-8.146719999999999517e-01
-2.810871999999999815e+00
-3.028772000000000020e+00
-4.591371999999999787e+00
-4.335271999999999792e+00
-1.466072000000000042e+00
-2.740171999999999830e+00
-1.941071999999999909e+00
5.196828000000000003e+00
7.190728000000000009e+00
6.934027999999999636e+00
4.666928000000000409e+00
2.662628000000000217e+00
1.728528000000000064e+00
2.707927999999999891e+00
1.105228000000000099e+00
2.815528000000000031e+00
3.254827999999999832e+00
1.545727999999999991e+00
1.662328000000000028e+00
2.655628000000000100e+00
