-4.990262999999999671e+00
-5.052563000000000137e+00
-4.007162000000000113e+00
-2.818163000000000196e+00
-2.612963000000000147e+00
-3.782363000000000142e+00
-1.780062000000000033e+00
-5.507619999999999738e-01
-3.342620000000000036e-01
-1.373961999999999906e+00
1.048637999999999959e+00
2.008738000000000135e+00
3.434438000000000102e+00
3.813438000000000105e+00
4.928437999999999874e+00
5.678137999999999685e+00
5.312737000000000265e+00
4.199437999999999782e+00
-3.748263000000000122e+00
-6.269463000000000008e+00
6.246236999999999817e+00
2.664380000000000082e-01
1.571437999999999890e+00
9.646379999999999955e-01
3.241537000000000113e+00
5.211337000000000330e+00
6.544837000000000238e+00
3.943738000000000188e+00
-3.019563000000000219e+00
-4.637163000000000146e+00
-6.355662999999999840e+00
-7.081563000000000052e+00
