-6.187719999999999665e+00
-6.008420000000000094e+00
-4.826819999999999666e+00
-3.748320000000000096e+00
-3.829819999999999780e+00
-5.102420000000000400e+00
-2.536420000000000119e+00
-1.340519999999999934e+00
-1.319919999999999982e+00
-2.590619999999999923e+00
-2.732000000000000053e-02
3.082799999999999985e-01
1.560680000000000067e+00
1.468280000000000030e+00
2.626780000000000115e+00
3.882080000000000197e+00
3.995379999999999932e+00
2.828380000000000116e+00
-5.327820000000000000e+00
-7.108819999999999695e+00
2.512779999999999792e+00
2.473980000000000068e+00
5.270380000000000287e+00
5.412980000000000125e+00
5.014179999999999637e+00
5.352280000000000371e+00
-2.541119999999999823e+00
-1.327620000000000022e+00
-4.606199999999999739e-01
-1.364819999999999922e+00
-2.655219999999999914e+00
-2.546419999999999906e+00
8.078800000000000425e-01
-9.601999999999999424e-02
-5.185199999999999809e-01
4.562800000000000189e-01
4.955800000000000205e-01
2.872380000000000155e+00
-4.760119999999999685e+00
-6.301420000000000243e+00
-7.005020000000000024e+00
-8.019519999999999982e+00
2.424780000000000157e+00
3.379879999999999995e+00
1.581879999999999953e+00
6.482879999999999754e+00
4.946880000000000166e+00
5.012679999999999580e+00
6.261779999999999902e+00
4.561379999999999768e+00
5.560679999999999623e+00
