-6.861305999999999905e+00
-7.454206000000000110e+00
-6.956106000000000122e+00
-5.768906000000000311e+00
-5.065605999999999831e+00
-5.674806000000000239e+00
-3.775506000000000029e+00
-2.572906000000000137e+00
-1.327906000000000031e+00
-1.297006000000000103e+00
-2.484506000000000103e+00
-3.714106000000000130e+00
-8.646205999999999392e+00
-5.126006000000000284e+00
1.958940000000000126e-01
-6.148806000000000438e+00
-5.224706000000000294e+00
-1.661060000000000036e-01
3.039939999999999864e-01
1.386293999999999915e+00
1.854594000000000076e+00
3.588794000000000040e+00
4.483793999999999613e+00
3.260494000000000003e+00
4.407493999999999801e+00
5.677993999999999986e+00
5.786594000000000015e+00
4.663794000000000217e+00
3.413593999999999795e+00
2.035893999999999870e+00
3.029494000000000131e+00
4.823293999999999748e+00
4.994894000000000389e+00
4.374994000000000050e+00
5.533894000000000091e+00
6.762693999999999761e+00
6.832994000000000234e+00
-2.596305999999999781e+00
-2.462705999999999840e+00
-4.627106000000000385e+00
-9.122605999999999327e+00
-9.046405999999999281e+00
-4.116506000000000220e+00
-5.645205999999999946e+00
-5.685605999999999938e+00
-6.350806000000000395e+00
-7.106306000000000012e+00
-5.026705999999999896e+00
-4.273606000000000016e+00
1.182593999999999923e+00
1.758094000000000046e+00
6.758093999999999824e+00
4.765693999999999875e+00
2.542994000000000199e+00
2.523994000000000071e+00
1.254793999999999965e+00
3.837693999999999939e+00
2.519093999999999944e+00
5.732394000000000212e+00
5.480693999999999733e+00
4.169293999999999834e+00
3.441793999999999798e+00
5.469693999999999612e+00
7.667294000000000054e+00
7.808893999999999558e+00
