-5.278007999999999811e+00
-5.371208000000000204e+00
-4.345407999999999937e+00
-3.140407999999999866e+00
-2.905708000000000180e+00
-4.062007999999999619e+00
-2.043108000000000146e+00
-7.686079999999999579e-01
-6.400080000000000213e-01
-1.674207999999999918e+00
-3.999007999999999896e+00
-6.591408000000000378e+00
2.244991999999999877e+00
2.697092000000000045e+00
3.743291999999999842e+00
4.342191999999999830e+00
3.888091999999999882e+00
2.844392000000000031e+00
5.368392000000000053e+00
5.860792000000000002e+00
9.278920000000000501e-01
1.122392000000000056e+00
9.335919999999999774e-01
-2.178907999999999845e+00
6.519199999999999995e-02
-3.282808000000000170e+00
-4.876208000000000098e+00
-6.692707999999999657e+00
-7.389607999999999954e+00
2.244692000000000132e+00
4.065692000000000306e+00
4.350792000000000215e+00
2.511991999999999781e+00
6.666891999999999818e+00
5.079892000000000074e+00
6.281092000000000120e+00
