-5.537804000000000393e+00
-5.683404000000000345e+00
-4.704404000000000252e+00
-3.500804000000000027e+00
-3.190103999999999829e+00
-4.315704000000000207e+00
-2.594504000000000143e+00
-1.325504000000000016e+00
-8.713039999999999674e-01
-1.813304000000000027e+00
5.883960000000000301e-01
7.801960000000000006e-01
1.811595999999999984e+00
1.751895999999999898e+00
2.766595999999999833e+00
3.888196000000000208e+00
3.993495999999999935e+00
2.956796000000000202e+00
-4.269904000000000366e+00
-6.915703999999999851e+00
-1.383204000000000100e+00
3.029600000000000001e-02
5.152195999999999998e+00
5.423496000000000095e+00
2.543795999999999946e+00
3.456296000000000035e+00
-6.562040000000000095e-01
1.136795999999999918e+00
1.014096000000000108e+00
8.832959999999999701e-01
4.705295999999999701e+00
3.051496000000000208e+00
-3.745004000000000222e+00
-3.995503999999999944e+00
-7.053804000000000407e+00
-7.679304000000000130e+00
-1.686004000000000058e+00
-1.805004000000000053e+00
-2.987040000000000251e-01
-7.960040000000000449e-01
-3.860040000000000138e-01
6.737959999999999505e-01
6.431496000000000102e+00
5.407796000000000269e+00
4.724196000000000062e+00
3.100395999999999930e+00
4.456495999999999569e+00
3.478795999999999999e+00
