-5.838503000000000220e+00
-5.860402999999999807e+00
-4.825302999999999898e+00
-3.690503000000000089e+00
-3.550502999999999965e+00
-4.684002999999999695e+00
-2.675603000000000176e+00
-1.488803000000000099e+00
-1.249403000000000041e+00
-2.307602999999999849e+00
9.079700000000000271e-02
1.197996999999999979e+00
2.622497000000000078e+00
2.731996999999999787e+00
3.795996999999999844e+00
4.763097000000000136e+00
4.685697000000000223e+00
3.608597000000000055e+00
-4.713302999999999798e+00
-7.026202999999999754e+00
5.677496999999999794e+00
5.629096999999999795e+00
4.587596999999999703e+00
3.592496999999999829e+00
-7.097029999999999728e-01
-2.175803000000000154e+00
-3.580300000000000149e-02
5.498969999999999692e-01
1.985197000000000100e+00
3.872596999999999845e+00
5.588197000000000081e+00
-3.892802999999999791e+00
-5.597402999999999906e+00
-7.080203000000000024e+00
-7.831502999999999659e+00
6.505797000000000274e+00
6.406596999999999653e+00
4.545097000000000165e+00
2.796597000000000222e+00
