-3.544408999999999921e+00
-4.179909000000000319e+00
-3.596208999999999989e+00
-2.257909000000000166e+00
-1.466909000000000018e+00
-2.195108999999999977e+00
-1.374808999999999948e+00
1.226909999999999945e-01
-4.760899999999999854e-02
-1.659909000000000079e+00
-5.539808999999999983e+00
1.080190999999999901e+00
1.945891000000000037e+00
1.237390999999999908e+00
1.453891000000000044e+00
5.139909999999999757e-01
1.098691000000000084e+00
5.521909999999999874e-01
1.464790999999999954e+00
2.109990999999999950e+00
1.377790999999999988e+00
-6.744090000000000362e-01
-2.296508999999999912e+00
-6.060808999999999891e+00
-6.017008999999999830e+00
7.041910000000000114e-01
1.745991000000000071e+00
2.651991000000000209e+00
2.580591000000000079e+00
1.696910000000000085e-01
1.666990999999999890e+00
1.261590999999999907e+00
2.504591000000000012e+00
2.169909999999999894e-01
-4.158089999999999842e-01
8.081909999999999927e-01
2.193791000000000047e+00
-4.464090000000000003e-01
4.126909999999999745e-01
9.289910000000000112e-01
2.288291000000000075e+00
3.075991000000000142e+00
2.366090999999999944e+00
2.073191000000000006e+00
1.166190999999999978e+00
