-5.592951000000000228e+00
-5.663751000000000424e+00
-4.621851000000000376e+00
-3.427850999999999981e+00
-3.213950999999999780e+00
-4.380150999999999684e+00
-2.393151000000000028e+00
-1.159251000000000031e+00
-9.352510000000000545e-01
-1.971051000000000109e+00
4.509489999999999887e-01
1.382449000000000039e+00
2.804648999999999948e+00
3.194249000000000116e+00
4.308949000000000140e+00
5.063248999999999889e+00
4.674548999999999843e+00
3.559648999999999841e+00
-4.335751000000000133e+00
-6.885450999999999766e+00
6.237748999999999988e+00
-3.458510000000000195e-01
9.880489999999999551e-01
3.720490000000000186e-01
2.631349000000000160e+00
4.583948999999999607e+00
5.240848999999999869e+00
3.303049000000000124e+00
-3.597151000000000209e+00
-5.220850999999999686e+00
-6.978450999999999738e+00
-7.695350999999999608e+00
5.906248999999999860e+00
6.735449000000000019e+00
6.980648999999999660e+00
