-6.610109999999999708e+00
-6.842609999999999637e+00
-5.964109999999999800e+00
-4.754209999999999603e+00
-4.410009999999999764e+00
-5.402809999999999668e+00
-3.105609999999999982e+00
-1.995610000000000106e+00
-7.363100000000000200e-01
-6.041100000000000358e-01
-1.698609999999999953e+00
-2.939909999999999801e+00
-8.056409999999999627e+00
-5.238509999999999778e+00
9.083900000000000308e-01
-4.005110000000000170e+00
-3.824710000000000054e+00
3.474900000000000211e-01
7.858899999999999775e-01
1.841990000000000016e+00
2.413089999999999957e+00
2.485390000000000210e+00
3.692989999999999995e+00
4.915890000000000093e+00
6.099890000000000256e+00
6.074390000000000178e+00
4.865389999999999660e+00
3.680390000000000050e+00
3.425790000000000113e+00
3.975190000000000001e+00
4.834190000000000431e+00
5.151690000000000325e+00
5.345089999999999897e+00
-2.102609999999999868e+00
-1.596510000000000096e+00
-3.782410000000000050e+00
-8.258910000000000196e+00
-8.745609999999999218e+00
-6.016709999999999781e+00
-4.317210000000000214e+00
-3.339510000000000201e+00
-3.776510000000000034e+00
-5.034410000000000274e+00
-4.036609999999999587e+00
-2.779609999999999914e+00
1.675990000000000091e+00
2.567390000000000061e+00
3.036589999999999900e+00
1.710790000000000033e+00
4.955589999999999939e+00
7.044290000000000163e+00
6.998490000000000322e+00
4.844990000000000130e+00
2.742490000000000094e+00
2.882589999999999986e+00
4.244690000000000296e+00
6.009590000000000209e+00
5.909790000000000099e+00
4.508989999999999831e+00
