-7.868521999999999572e+00
-7.388522000000000034e+00
-6.123222000000000165e+00
-5.280321999999999960e+00
-5.654721999999999582e+00
-7.005522000000000027e+00
-4.010822000000000109e+00
-3.126722000000000001e+00
-3.481921999999999962e+00
-4.765221999999999625e+00
-2.460322000000000120e+00
-2.110421999999999798e+00
-8.169220000000000370e-01
-6.224220000000000308e-01
6.585779999999999967e-01
1.783878000000000075e+00
1.621577999999999964e+00
3.365779999999999883e-01
-7.530222000000000193e+00
-8.251322000000000045e+00
3.130478000000000094e+00
3.302178000000000058e+00
4.130177999999999905e+00
5.520578000000000429e+00
6.460577999999999932e+00
7.683577999999999797e+00
5.802278000000000269e+00
5.669378000000000029e+00
6.926277999999999935e+00
6.969978000000000229e+00
7.396977999999999831e+00
6.444977999999999874e+00
-3.192822000000000049e+00
1.004779999999999979e-01
1.225578000000000056e+00
-2.108722000000000207e+00
-1.585922000000000054e+00
-2.863021999999999956e+00
-1.469122000000000039e+00
7.663780000000000037e-01
2.504577999999999971e+00
-7.093922000000000061e+00
-8.527722000000000691e+00
-7.922221999999999653e+00
-9.218721999999999639e+00
3.943778000000000006e+00
5.768177999999999805e+00
6.503178000000000125e+00
4.797778000000000098e+00
5.675277999999999601e+00
7.838878000000000235e+00
6.964477999999999724e+00
6.509578000000000308e+00
-2.865121999999999947e+00
-3.552621999999999947e+00
-4.040221999999999980e+00
8.488780000000000214e-01
1.875278000000000000e+00
1.776977999999999946e+00
