-4.643906999999999563e+00
-4.569607000000000419e+00
-3.448306999999999789e+00
-2.342706999999999873e+00
-2.279606999999999939e+00
-3.514606999999999815e+00
-1.068106999999999918e+00
-1.779070000000000096e-01
-8.878070000000000128e-01
-3.334070000000000089e-01
1.773492999999999986e+00
-3.669706999999999830e+00
-5.746907000000000210e+00
3.122892999999999919e+00
3.889492999999999867e+00
3.317292999999999825e+00
1.964893000000000001e+00
1.211692999999999909e+00
1.080592999999999915e+00
1.474693000000000032e+00
1.116930000000000006e-01
3.982692999999999817e+00
5.349192999999999643e+00
-8.289069999999999494e-01
8.850930000000000186e-01
-5.188070000000000181e-01
-9.075069999999999526e-01
-2.898706999999999923e+00
-4.607507000000000019e+00
-5.739207000000000392e+00
-6.617506999999999806e+00
3.602492999999999945e+00
4.929793000000000092e+00
1.693929999999999880e-01
1.536893000000000065e+00
-1.041070000000000051e-01
-6.080699999999999994e-02
-5.611070000000000224e-01
5.717493000000000158e+00
5.448592999999999797e+00
5.958393000000000050e+00
