-5.595349999999999824e+00
-5.566150000000000375e+00
-4.532650000000000290e+00
-3.456850000000000200e+00
-3.340450000000000141e+00
-4.504349999999999632e+00
-2.477749999999999897e+00
-1.324750000000000094e+00
-1.071949999999999958e+00
-2.094650000000000123e+00
2.755500000000000171e-01
1.129650000000000043e+00
2.432150000000000034e+00
3.078650000000000109e+00
4.397549999999999848e+00
5.086249999999999716e+00
4.475550000000000139e+00
3.160250000000000004e+00
-4.636650000000000382e+00
-6.668249999999999567e+00
-1.885450000000000070e+00
2.525949999999999918e+00
3.251850000000000129e+00
5.032549999999999635e+00
-5.750499999999999501e-01
7.384500000000000508e-01
1.263499999999999901e-01
7.258499999999999952e-01
2.537650000000000183e+00
6.106049999999999756e+00
5.062450000000000117e+00
-4.613550000000000040e+00
-4.012950000000000017e+00
-6.678749999999999964e+00
-7.471350000000000158e+00
-2.598250000000000171e+00
-1.986450000000000049e+00
-8.917500000000000426e-01
2.597449999999999815e+00
3.515449999999999964e+00
4.136949999999999683e+00
4.814949999999999619e+00
4.657350000000000101e+00
6.118450000000000166e+00
