-4.501848999999999990e+00
-5.022848999999999897e+00
-4.360848999999999975e+00
-3.084548999999999985e+00
-2.417848999999999915e+00
-3.215848999999999958e+00
-2.359449000000000130e+00
-1.033049000000000106e+00
-4.351490000000000080e-01
-1.116848999999999981e+00
1.013050999999999924e+00
1.926150999999999947e+00
2.932951000000000086e+00
3.455750999999999795e+00
4.473751000000000033e+00
4.995351000000000319e+00
4.507551000000000307e+00
3.490550999999999959e+00
-2.726649000000000100e+00
-6.315248999999999668e+00
6.243750999999999607e+00
1.813450999999999924e+00
-2.832049000000000039e+00
-4.870490000000000097e-01
9.779510000000000147e-01
1.388150999999999913e+00
3.101951000000000125e+00
4.850651000000000046e+00
4.903151000000000259e+00
3.126850999999999825e+00
-1.725548999999999999e+00
-3.334649000000000196e+00
-6.738849000000000089e+00
-6.846349000000000018e+00
1.267350999999999894e+00
2.800450999999999802e+00
1.285851000000000077e+00
