-4.986047000000000118e+00
-4.913547000000000331e+00
-3.796546999999999894e+00
-2.678847000000000200e+00
-2.600846999999999909e+00
-3.852647000000000155e+00
-1.616646999999999945e+00
-4.138470000000000204e-01
-1.875469999999999915e-01
-1.301247000000000043e+00
1.222153000000000045e+00
2.078552999999999873e+00
3.571553000000000200e+00
4.437752999999999837e+00
5.607253000000000043e+00
5.921253000000000100e+00
5.066152999999999906e+00
3.896752999999999911e+00
-4.035446999999999562e+00
-6.059147000000000283e+00
5.457453000000000110e+00
-1.138546999999999976e+00
4.009530000000000038e-01
1.219553000000000109e+00
1.788753000000000037e+00
4.220252999999999588e+00
6.275653000000000148e+00
6.833953000000000166e+00
3.241052999999999962e+00
-3.571846999999999994e+00
-3.846747000000000138e+00
-6.038846999999999632e+00
-6.925646999999999665e+00
-1.449947000000000097e+00
-1.716747000000000023e+00
-1.083469999999999989e-01
