-3.369810000000000194e+00
-3.540509999999999824e+00
-2.681410000000000071e+00
-1.572210000000000107e+00
-1.264010000000000078e+00
-2.243209999999999926e+00
-5.460099999999999953e-01
4.240900000000000225e-01
3.479000000000000148e-02
1.866589999999999971e+00
-2.163009999999999877e+00
-4.698109999999999786e+00
1.560789999999999900e+00
2.527590000000000003e+00
3.811389999999999834e+00
4.130390000000000228e+00
3.165090000000000181e+00
8.289900000000000047e-01
-5.218099999999999961e-01
1.317890000000000006e+00
-1.386609999999999898e+00
-2.934509999999999952e+00
-4.869209999999999816e+00
-5.374810000000000088e+00
5.642899999999999583e-01
2.276889999999999858e+00
4.563790000000000013e+00
5.132690000000000197e+00
3.431989999999999874e+00
2.126899999999999902e-01
1.315290000000000070e+00
