-6.575579000000000285e+00
-6.383179000000000158e+00
-5.186778999999999584e+00
-4.107378999999999891e+00
-4.162179000000000073e+00
-5.487579000000000207e+00
-2.877679000000000098e+00
-1.677578999999999931e+00
-1.678079000000000098e+00
-2.920478999999999825e+00
-3.466790000000000149e-01
6.912100000000000188e-02
1.353320999999999996e+00
1.470221000000000000e+00
2.722220999999999780e+00
3.884720999999999869e+00
3.795920999999999879e+00
2.534921000000000202e+00
-5.786379000000000161e+00
-7.475978999999999708e+00
-2.915278999999999954e+00
4.943120999999999654e+00
5.540421000000000262e+00
5.109721000000000402e+00
5.497520999999999880e+00
2.779021000000000186e+00
2.910521000000000136e+00
2.442820999999999909e+00
-2.840078999999999798e+00
-7.398789999999999534e-01
3.898209999999999731e-01
-4.080790000000000251e-01
-6.587790000000000035e-01
5.756210000000000493e-01
-5.478879000000000055e+00
-5.394378999999999813e+00
-7.358178999999999803e+00
-8.398578999999999795e+00
6.352720999999999840e+00
4.822021000000000335e+00
5.969720999999999833e+00
6.474020999999999582e+00
4.788320999999999827e+00
5.599320999999999771e+00
2.938220999999999972e+00
3.843121000000000009e+00
2.051121000000000194e+00
