-3.983614999999999906e+00
-3.705515000000000114e+00
-2.575015000000000054e+00
-1.652814999999999923e+00
-1.831614999999999993e+00
-3.060014999999999930e+00
-5.278150000000000341e-01
4.757850000000000135e-01
4.283850000000000158e-01
-7.814149999999999707e-01
-3.379814999999999792e+00
-4.644915000000000127e+00
1.541185000000000027e+00
1.655785000000000062e+00
2.950285000000000046e+00
2.779485000000000205e+00
3.894085000000000019e+00
3.800485000000000113e+00
2.600985000000000102e+00
1.494185000000000096e+00
-9.217149999999999510e-01
-3.098514999999999908e+00
-4.300015000000000143e+00
-4.469014999999999738e+00
-5.513815000000000133e+00
1.761085000000000012e+00
1.448685000000000000e+00
3.274385000000000101e+00
3.734385000000000066e+00
4.844985000000000319e+00
4.664385000000000225e+00
2.519284999999999997e+00
5.777849999999999930e-01
