-5.943686999999999721e+00
-6.186086999999999669e+00
-5.320586999999999733e+00
-4.115687000000000317e+00
-3.760086999999999957e+00
-4.737786999999999971e+00
-2.453587000000000184e+00
-1.332986999999999922e+00
-7.048699999999999410e-02
5.401299999999999851e-02
-1.050486999999999949e+00
-2.294586999999999932e+00
-7.396486999999999590e+00
-4.558887000000000356e+00
1.570313000000000070e+00
-3.716486999999999874e+00
-3.152587000000000028e+00
1.026013000000000064e+00
1.414012999999999964e+00
2.477713000000000054e+00
3.011813000000000073e+00
3.196112999999999982e+00
4.189212999999999631e+00
4.816912999999999556e+00
3.834613000000000049e+00
4.288912999999999975e+00
5.735212999999999894e+00
5.064813000000000009e+00
-1.434187000000000101e+00
-9.536869999999999514e-01
-3.144686999999999788e+00
-7.602687000000000417e+00
-8.073387000000000313e+00
-3.631886999999999865e+00
-5.327786999999999829e+00
-2.963786999999999949e+00
-4.596387000000000000e+00
-4.005386999999999809e+00
-2.261587000000000014e+00
-2.840787000000000173e+00
2.164312999999999931e+00
3.606212999999999891e+00
3.719513000000000069e+00
2.469513000000000069e+00
3.675713000000000008e+00
4.959213000000000093e+00
4.701012999999999664e+00
3.223513000000000073e+00
6.189413000000000054e+00
5.211813000000000251e+00
6.525612999999999886e+00
5.381912999999999947e+00
5.954613000000000156e+00
4.464712999999999710e+00
