-3.273627999999999982e+00
-3.119927999999999813e+00
-1.945227999999999957e+00
-8.514279999999999626e-01
-8.597280000000000477e-01
-2.164928000000000186e+00
2.750719999999999832e-01
1.460471999999999992e+00
1.594772000000000078e+00
4.186719999999999886e-01
2.975671999999999873e+00
2.980872000000000188e+00
1.927572000000000063e+00
5.287720000000000198e-01
-2.430527999999999800e+00
-4.240027999999999686e+00
2.335571999999999981e+00
3.394471999999999934e+00
3.625872000000000206e+00
3.972071999999999825e+00
2.774572000000000038e+00
2.138072000000000195e+00
1.965672000000000086e+00
2.104719999999999924e-01
-1.306279999999999941e-01
-2.046028000000000180e+00
-2.209528000000000159e+00
-4.157828000000000301e+00
-5.149227999999999916e+00
