1.409993000000000052e+00
9.369299999999999851e-02
-7.805069999999999508e-01
-3.075069999999999748e-01
1.053792999999999980e+00
1.882193000000000005e+00
-1.242307000000000050e+00
-8.783069999999999489e-01
4.597930000000000073e-01
1.421793000000000085e+00
8.466930000000000289e-01
-5.980699999999999905e-02
-1.466207000000000038e+00
-2.175406999999999869e+00
-1.474307000000000034e+00
-7.520699999999999608e-02
6.367930000000000534e-01
3.270992999999999817e+00
-3.931069999999999842e-01
3.101592999999999822e+00
-3.536607000000000056e+00
-4.301707000000000392e+00
2.005492999999999970e+00
2.743393000000000193e+00
-6.200699999999999962e-02
7.293929999999999580e-01
-2.302607000000000070e+00
-1.675006999999999913e+00
1.849193000000000087e+00
-2.041606999999999950e+00
-1.978806999999999983e+00
4.258930000000000216e-01
3.675593000000000110e+00
3.618492999999999959e+00
-1.390006999999999993e+00
2.461929999999999952e-01
-5.359806999999999988e+00
-4.122106999999999744e+00
-4.099107000000000056e+00
3.807392999999999805e+00
2.543693000000000204e+00
2.536992999999999832e+00
-7.206069999999999975e-01
-6.804069999999999840e-01
1.353093000000000101e+00
1.410892999999999953e+00
