-1.153432999999999931e+00
-2.419132999999999978e+00
-3.016233000000000164e+00
-2.312533000000000172e+00
-9.677329999999999544e-01
-4.371329999999999938e-01
-3.002232999999999929e+00
-2.394133000000000067e+00
-1.070432999999999968e+00
-3.275330000000000186e-01
-5.450329999999999897e-01
-6.126329999999999831e-01
2.568670000000000120e-01
-1.932329999999999881e-01
4.955669999999999797e-01
1.636166999999999927e+00
2.101466999999999974e+00
1.394767000000000090e+00
8.746669999999999723e-01
-3.151232999999999951e+00
3.304666999999999799e+00
1.115566999999999975e+00
-3.035032999999999870e+00
4.743669999999999831e-01
-1.149232999999999949e+00
-1.089933000000000041e+00
1.371670000000000111e-01
2.157467000000000024e+00
1.741867000000000054e+00
1.116867000000000054e+00
1.577366999999999964e+00
-4.119633000000000322e+00
-2.721532999999999980e+00
2.997666999999999859e+00
3.836466999999999850e+00
4.011167000000000371e+00
1.250566999999999984e+00
1.766067000000000053e+00
1.471267000000000102e+00
