-5.895299999999999846e-02
-1.275752999999999915e+00
-1.892752999999999908e+00
-1.174852999999999925e+00
8.924700000000000688e-02
6.514469999999999983e-01
-1.814653000000000072e+00
-4.202529999999999877e-01
5.328469999999999596e-01
1.847147000000000094e+00
1.893547000000000091e+00
-1.936153000000000013e+00
-3.740530000000000244e-01
-1.146352999999999955e+00
-1.090953000000000062e+00
-2.632530000000000148e-01
5.108470000000000510e-01
4.571470000000000256e-01
2.671647000000000105e+00
1.950347000000000053e+00
1.951146999999999965e+00
2.524246999999999908e+00
2.207247000000000181e+00
-2.858052999999999955e+00
-1.497652999999999901e+00
-1.793952999999999909e+00
-1.693953000000000042e+00
-2.207530000000000048e-01
1.157947000000000060e+00
1.067547000000000024e+00
