-1.021325999999999956e+00
-2.392126000000000197e+00
-3.159526000000000057e+00
-2.489126000000000172e+00
-1.134725999999999901e+00
-2.976260000000000017e-01
-3.094025999999999943e+00
-2.139126000000000083e+00
-8.905260000000000398e-01
9.227739999999999831e-01
-2.927026000000000128e+00
1.961873999999999896e+00
-2.518625999999999809e+00
2.888673999999999964e+00
4.019374000000000002e+00
4.254973999999999812e+00
3.345574000000000048e+00
2.212574000000000041e+00
4.371740000000000070e-01
8.278739999999999988e-01
3.619374000000000091e+00
5.134973999999999705e+00
-4.935260000000000202e-01
-4.091625999999999763e+00
-3.928726000000000163e+00
-2.378925999999999874e+00
-2.413126000000000104e+00
-1.878125999999999962e+00
-3.555226000000000219e+00
2.745073999999999792e+00
5.134173999999999793e+00
1.515873999999999944e+00
1.220474000000000059e+00
3.734739999999999727e-01
1.887739999999999974e-01
