-2.114714999999999900e+00
-3.134615000000000151e+00
-3.942915000000000170e+00
-3.686214999999999797e+00
-2.657614999999999839e+00
-1.881515000000000049e+00
-2.436115000000000030e+00
-1.249814999999999898e+00
-1.156214999999999993e+00
-4.601500000000000035e-02
9.696850000000000191e-01
8.487850000000000117e-01
-2.318149999999999933e-01
-8.163150000000000128e-01
-3.368015000000000203e+00
1.757484999999999964e+00
1.324785000000000101e+00
2.081585000000000019e+00
-1.201499999999999964e-02
6.100849999999999884e-01
2.083884999999999987e+00
3.343684999999999796e+00
4.159984999999999822e+00
3.370185000000000208e+00
6.487849999999999451e-01
-4.643149999999999777e-01
-4.347150000000000181e-01
7.037849999999999939e-01
1.811784999999999979e+00
1.784184999999999910e+00
-4.358514999999999695e+00
-3.327815000000000190e+00
-2.338915000000000077e+00
-1.938614999999999977e+00
-2.837149999999999950e-01
-1.085714999999999986e+00
-7.011499999999999677e-02
-4.135114999999999874e+00
-2.777114999999999778e+00
2.120985000000000120e+00
1.154984999999999928e+00
4.214849999999999985e-01
1.629585000000000061e+00
3.938500000000000334e-02
1.176285000000000025e+00
3.634685000000000166e+00
5.213585000000000136e+00
3.642885000000000151e+00
-1.362815000000000110e+00
-1.301814999999999944e+00
7.260849999999999804e-01
2.698784999999999989e+00
2.655784999999999840e+00
