-8.965929999999999733e-01
-2.210392999999999830e+00
-2.850192999999999977e+00
-2.141693000000000069e+00
-7.493929999999999758e-01
-1.748929999999999929e-01
-2.876593000000000178e+00
-2.267793000000000170e+00
-9.016929999999999668e-01
-1.108930000000000055e-01
-3.740930000000000089e-01
-1.480930000000000024e-01
2.686069999999999847e-01
3.366069999999999895e-01
7.237069999999999892e-01
1.055207000000000006e+00
9.986070000000000224e-01
6.097069999999999990e-01
1.188307000000000002e+00
-2.949193000000000175e+00
1.381607000000000030e+00
5.510070000000000245e-01
8.501069999999999460e-01
1.446906999999999943e+00
1.480407000000000028e+00
-2.944293000000000049e+00
-1.109093000000000107e+00
5.411070000000000046e-01
-3.110930000000000084e-01
7.720699999999999785e-02
7.511069999999999691e-01
1.268107000000000095e+00
1.749306999999999945e+00
1.595407000000000020e+00
-3.953193000000000179e+00
-2.487792999999999921e+00
1.909107000000000109e+00
1.690906999999999938e+00
1.721506999999999898e+00
7.338069999999999871e-01
1.887107000000000090e+00
1.473069999999999935e-01
1.793406999999999973e+00
2.214707000000000203e+00
4.861070000000000113e-01
