5.028139999999999832e-01
-7.043859999999999566e-01
-1.227486000000000077e+00
-4.904859999999999776e-01
7.894139999999999491e-01
1.230714000000000086e+00
-1.028985999999999956e+00
-3.197860000000000147e-01
9.643140000000000045e-01
1.525414000000000048e+00
2.546613999999999933e+00
2.506413999999999920e+00
-1.451886000000000010e+00
-2.443086000000000091e+00
2.225114000000000036e+00
2.886913999999999980e+00
3.884914000000000200e+00
4.226814000000000071e+00
3.557913999999999799e+00
-3.385386000000000006e+00
-4.752886000000000166e+00
-5.185185999999999851e+00
-4.261586000000000318e+00
-2.893686000000000202e+00
-6.870085999999999693e+00
4.697714000000000389e+00
1.823414000000000090e+00
-9.580859999999999932e-01
3.248914000000000080e+00
2.624413999999999803e+00
-2.361385999999999985e+00
-1.067185999999999968e+00
1.452213999999999894e+00
2.615314000000000139e+00
5.008414000000000144e+00
3.832314000000000220e+00
-3.059385999999999939e+00
-5.470086000000000226e+00
-4.594686000000000270e+00
-2.181486000000000036e+00
1.226113999999999926e+00
2.581913999999999820e+00
-8.197860000000000147e-01
-4.310860000000000247e-01
