4.894000000000000017e-01
-8.425000000000000266e-01
-1.564400000000000013e+00
-9.075999999999999623e-01
4.872000000000000219e-01
1.146500000000000075e+00
-1.642600000000000060e+00
-1.029099999999999904e+00
3.548999999999999932e-01
1.102500000000000036e+00
2.522699999999999942e+00
-1.513500000000000068e+00
2.440500000000000114e+00
-2.730900000000000105e+00
-1.635499999999999954e+00
8.537000000000000144e-01
3.086100000000000065e+00
2.903000000000000025e+00
-2.522699999999999942e+00
-9.977000000000000313e-01
