-7.351299999999999502e-02
-1.191913000000000000e+00
-1.753112999999999921e+00
-1.166512999999999911e+00
1.618700000000000000e-02
5.232869999999999466e-01
-1.807012999999999980e+00
-1.308313000000000059e+00
-1.464129999999999876e-01
5.382869999999999600e-01
3.442870000000000097e-01
-4.299129999999999896e-01
-1.082130000000000036e-01
-6.214129999999999932e-01
-2.991130000000000178e-01
5.502869999999999706e-01
1.078486999999999973e+00
7.532870000000000399e-01
1.683986999999999901e+00
-1.801913000000000098e+00
2.141786999999999885e+00
9.086870000000000225e-01
1.807487000000000066e+00
-1.442912999999999890e+00
-2.266112999999999822e+00
-1.913013000000000075e+00
3.209870000000000223e-01
1.393086999999999964e+00
-1.266612999999999989e+00
-7.171130000000000004e-01
1.182887000000000022e+00
1.641686999999999896e+00
2.535886999999999780e+00
-2.655012999999999845e+00
-1.394012999999999947e+00
1.689786999999999928e+00
2.652286999999999839e+00
2.078987000000000140e+00
-1.479513000000000078e+00
