-3.357430000000000136e-01
-1.606043000000000109e+00
-2.244743000000000155e+00
-1.579943000000000097e+00
-2.376429999999999931e-01
3.398570000000000202e-01
-2.307043000000000177e+00
-1.744142999999999999e+00
-4.299430000000000196e-01
3.532569999999999877e-01
1.322570000000000134e-01
-8.035430000000000073e-01
-1.016429999999999972e-01
4.694570000000000132e-01
1.139256999999999964e+00
1.253257000000000065e+00
7.033570000000000100e-01
1.675700000000000106e-02
1.660056999999999894e+00
-2.297143000000000157e+00
8.353570000000000162e-01
3.022569999999999979e-01
-3.695430000000000104e-01
-5.102430000000000021e-01
1.798656999999999950e+00
-2.432142999999999944e+00
1.000356999999999941e+00
4.952570000000000028e-01
-1.701343000000000050e+00
-1.174242999999999926e+00
3.940569999999999906e-01
1.574556999999999984e+00
1.782556999999999947e+00
2.350656999999999996e+00
1.892657000000000034e+00
-3.266942999999999930e+00
-1.834343000000000057e+00
1.360856999999999983e+00
4.136569999999999969e-01
-7.872430000000000261e-01
-1.042842999999999964e+00
2.455457000000000001e+00
1.955257000000000023e+00
2.127356999999999942e+00
