-1.435039999999999927e-01
-1.432204000000000033e+00
-2.106803999999999899e+00
-1.433303999999999911e+00
-8.220399999999999929e-02
5.141959999999999864e-01
6.596959999999999491e-01
6.498960000000000292e-01
1.351895999999999987e+00
2.073296000000000028e+00
2.099495999999999807e+00
1.397296000000000094e+00
-2.106603999999999921e+00
1.857496000000000036e+00
2.937695999999999863e+00
-2.244904000000000011e+00
-2.052404000000000117e+00
-1.910703999999999958e+00
9.339600000000000679e-02
1.329496000000000011e+00
2.663196000000000119e+00
1.432495999999999992e+00
-3.084004000000000190e+00
-1.625704000000000038e+00
2.294195999999999902e+00
2.191396000000000122e+00
-3.307103999999999822e+00
-2.015703999999999940e+00
