-2.164502000000000148e+00
-3.496302000000000021e+00
-4.024201999999999835e+00
-3.145001999999999853e+00
-1.803701999999999916e+00
-1.234102000000000032e+00
-3.479601999999999862e+00
-2.359402000000000221e+00
-1.285101999999999967e+00
-5.300200000000000050e-02
-4.252302000000000248e+00
1.302197999999999967e+00
-2.426102000000000203e+00
2.390798000000000201e+00
3.343297999999999881e+00
3.216298000000000101e+00
2.150997999999999966e+00
1.210798000000000041e+00
1.377980000000000038e-01
3.633979999999999988e-01
2.136298000000000030e+00
1.087898000000000032e+00
4.340498000000000189e+00
5.345197999999999894e+00
-3.645019999999999927e-01
-1.827801999999999927e+00
-4.408902000000000321e+00
-5.239901999999999838e+00
-3.887901999999999969e+00
-1.537902000000000102e+00
-3.304501999999999828e+00
-2.480302000000000007e+00
2.539197999999999844e+00
3.931897999999999893e+00
3.712980000000000169e-01
7.887979999999999992e-01
4.526979999999999893e-01
1.234498000000000095e+00
1.097980000000000067e-01
1.131297999999999915e+00
6.062998000000000332e+00
4.914498000000000033e+00
5.887197999999999709e+00
-7.433020000000000183e-01
2.858979999999999855e-01
-1.217201999999999895e+00
