-1.756599999999999939e+00
-2.714100000000000179e+00
-2.894099999999999895e+00
-2.062699999999999978e+00
-1.016199999999999992e+00
-9.328999999999999515e-01
-2.264899999999999913e+00
-1.431400000000000006e+00
-4.007000000000000006e-01
-1.759999999999999898e-01
5.031999999999999806e-01
1.538799999999999946e+00
1.393299999999999983e+00
2.192400000000000126e+00
2.065999999999999837e+00
1.127699999999999925e+00
3.240000000000000102e-01
4.612999999999999878e-01
8.169999999999999485e-02
-3.565199999999999925e+00
2.640600000000000058e+00
-1.627799999999999914e+00
-1.033000000000000029e-01
1.002799999999999914e+00
2.941199999999999815e+00
2.707100000000000062e+00
1.025199999999999889e+00
-4.111000000000000210e-01
-1.847999999999999921e-01
4.430000000000000049e-01
6.110000000000000153e-02
-4.311700000000000088e+00
-3.463699999999999779e+00
2.492300000000000182e+00
3.604200000000000070e+00
2.711300000000000043e+00
