5.014929999999999666e-01
-7.790070000000000050e-01
-1.501806999999999892e+00
-8.404070000000000151e-01
6.525929999999999787e-01
1.230793000000000026e+00
-1.567506999999999984e+00
-8.031070000000000153e-01
6.212929999999999842e-01
1.480493000000000059e+00
2.529492999999999991e+00
-1.404906999999999906e+00
8.438930000000000042e-01
-7.974069999999999769e-01
-2.635707000000000022e+00
-9.919069999999999832e-01
-8.633070000000000466e-01
6.376929999999999543e-01
8.701929999999999943e-01
3.209293000000000173e+00
2.653792999999999846e+00
-2.344307000000000141e+00
-9.251070000000000126e-01
7.234930000000000527e-01
1.564692999999999889e+00
-6.263069999999999471e-01
-1.438406999999999991e+00
