-1.733784999999999910e+00
-3.020185000000000120e+00
-3.492684999999999818e+00
-2.633185000000000109e+00
-1.246185000000000098e+00
-8.595850000000000435e-01
-3.207584999999999908e+00
-2.436284999999999812e+00
-1.054184999999999928e+00
-4.279850000000000043e-01
-3.314849999999999741e-01
4.595150000000000068e-01
-3.911585000000000090e+00
1.075415000000000010e+00
1.078149999999999942e-01
-1.082684999999999897e+00
-5.524850000000000039e-01
4.963150000000000062e-01
8.762149999999999661e-01
1.097415000000000029e+00
2.091314999999999813e+00
2.486114999999999853e+00
1.878514999999999935e+00
3.478215000000000057e+00
3.908014999999999795e+00
-2.990285000000000082e+00
-9.731849999999999667e-01
5.231149999999999967e-01
1.041914999999999925e+00
9.278149999999999453e-01
-4.899384999999999657e+00
-3.578784999999999883e+00
1.578514999999999890e+00
1.473815000000000097e+00
1.366014999999999979e+00
7.242150000000000531e-01
-1.512785000000000046e+00
-1.885285000000000100e+00
-9.498499999999999999e-02
-1.341884999999999994e+00
8.104149999999999965e-01
2.571915000000000173e+00
2.173315000000000108e+00
4.686214999999999797e+00
3.086615000000000109e+00
4.347714999999999996e+00
