-2.210935000000000095e+00
-3.392634999999999845e+00
-4.554935000000000400e+00
-4.443134999999999835e+00
-3.287735000000000074e+00
-2.126434999999999853e+00
-5.476135000000000197e+00
-5.005734999999999602e+00
-3.643534999999999968e+00
-2.719535000000000036e+00
-8.211349999999999483e-01
-9.020350000000000312e-01
-3.406534999999999869e+00
-3.065350000000000019e-01
9.203649999999999887e-01
1.676665000000000072e+00
1.194665000000000088e+00
-3.133500000000000174e-02
-2.031835000000000058e+00
2.990264999999999951e+00
3.794865000000000155e+00
3.241365000000000052e+00
4.515164999999999651e+00
4.376565000000000261e+00
4.010464999999999947e+00
4.026864999999999917e+00
3.663765000000000160e+00
5.556165000000000020e+00
5.340564999999999785e+00
6.819964999999999833e+00
-2.770834999999999937e+00
-6.434834999999999638e+00
-5.681935000000000180e+00
-1.978534999999999933e+00
-3.276635000000000186e+00
-8.169349999999999667e-01
-1.222349999999999964e-01
-4.273234999999999673e+00
-2.550034999999999830e+00
-8.543349999999999556e-01
1.260564999999999936e+00
1.763365000000000071e+00
-3.439349999999999907e-01
2.559864999999999835e+00
4.879165000000000418e+00
5.324665000000000425e+00
3.612964999999999982e+00
3.452964999999999840e+00
7.406464999999999854e+00
-2.342435000000000045e+00
-2.754335000000000200e+00
-3.827335000000000154e+00
