-1.242002000000000050e+00
-2.515502000000000127e+00
-3.190001999999999782e+00
-2.549002000000000212e+00
-1.210801999999999934e+00
-6.049020000000000508e-01
-3.252301999999999804e+00
-2.620801999999999854e+00
-1.298102000000000089e+00
-5.754019999999999690e-01
-6.484020000000000339e-01
7.089980000000000171e-01
-3.172401999999999944e+00
3.987979999999999858e-01
-2.100199999999999984e-02
7.710979999999999501e-01
2.253098000000000045e+00
1.732798000000000060e+00
3.577297999999999867e+00
4.414398000000000266e+00
3.927998000000000101e+00
2.604098000000000024e+00
-1.220501999999999976e+00
-1.615801999999999961e+00
-8.157020000000000381e-01
3.811979999999999813e-01
-3.228002000000000038e+00
-1.406601999999999908e+00
-2.518020000000000258e-01
1.339798000000000044e+00
1.106098000000000026e+00
-4.140602000000000338e+00
-2.688801999999999914e+00
1.704298000000000091e+00
1.646997999999999962e+00
3.953597999999999946e+00
5.444697999999999816e+00
4.575198000000000320e+00
2.250497999999999887e+00
-1.865002000000000049e+00
-2.549501999999999935e+00
-1.121801999999999966e+00
1.013797999999999977e+00
