-1.281846000000000041e+00
-2.421546000000000198e+00
-3.145246000000000208e+00
-2.691046000000000049e+00
-1.510745999999999922e+00
-8.451459999999999528e-01
-1.005846000000000018e+00
-1.408946000000000032e+00
-9.134459999999999802e-01
-6.046000000000000159e-03
3.767539999999999778e-01
-1.056460000000000038e-01
-2.878445999999999838e+00
3.618540000000000090e-01
5.622540000000000315e-01
-4.786646000000000178e+00
-3.525345999999999869e+00
3.863539999999999752e-01
1.241054000000000102e+00
7.615539999999999532e-01
1.550753999999999966e+00
2.826353999999999811e+00
3.329054000000000180e+00
2.536653999999999964e+00
-1.416145999999999905e+00
-2.455646000000000218e+00
-7.973459999999999992e-01
3.684854000000000074e+00
4.760454000000000185e+00
3.238154000000000199e+00
3.969653999999999794e+00
2.073053999999999952e+00
-2.109145999999999965e+00
1.079754000000000103e+00
2.379539999999999988e-01
-3.739545999999999815e+00
-2.356446000000000041e+00
5.260540000000000216e-01
7.588540000000000285e-01
1.198053999999999952e+00
-5.327346000000000359e+00
-5.460645999999999667e+00
-4.545746000000000286e+00
-2.908545999999999854e+00
-3.824046000000000056e+00
6.783540000000000125e-01
-6.605459999999999665e-01
-2.314460000000000128e-01
1.169553999999999983e+00
4.330954000000000192e+00
2.935853999999999964e+00
3.275754000000000055e+00
4.782653999999999961e+00
4.387553999999999732e+00
2.335653999999999897e+00
1.737953999999999999e+00
1.264753999999999934e+00
