-8.851830000000000531e-01
-1.512583000000000011e+00
-1.323083000000000009e+00
-3.466830000000000189e-01
1.906170000000000087e-01
-9.288299999999999335e-02
9.832170000000000076e-01
4.983170000000000099e-01
-2.399382999999999821e+00
4.096170000000000089e-01
1.179716999999999905e+00
2.549316999999999833e+00
3.139117000000000157e+00
2.362516999999999978e+00
7.800169999999999604e-01
-1.088883000000000045e+00
4.781170000000000142e-01
1.204317000000000082e+00
2.280169999999999975e-01
-5.850830000000000197e-01
-1.494383000000000017e+00
-1.626382999999999912e+00
-8.332829999999999959e-01
9.171700000000000685e-02
-2.328282999999999880e+00
1.146916999999999964e+00
3.176169999999999827e-01
-2.909082999999999863e+00
-2.577882999999999925e+00
-6.583830000000000515e-01
3.193217000000000194e+00
4.211116999999999777e+00
2.847217000000000109e+00
1.475017000000000023e+00
1.356416999999999984e+00
3.756169999999999787e-01
-4.211829999999999741e-01
-1.555782999999999916e+00
-1.889583000000000013e+00
1.991916999999999938e+00
1.660317000000000043e+00
-5.015830000000000011e-01
-2.352482999999999880e+00
-9.438830000000000275e-01
6.987170000000000325e-01
-2.894382999999999928e+00
-2.148382999999999932e+00
