1.021384999999999987e+00
-1.445150000000000046e-01
-8.628149999999999986e-01
-2.901150000000000118e-01
8.933849999999999847e-01
1.571884999999999977e+00
-7.513149999999999551e-01
1.509850000000000081e-01
1.158584999999999976e+00
2.762185000000000112e+00
-6.398150000000000226e-01
-2.731499999999999900e-02
-1.306214999999999904e+00
-1.492215000000000069e+00
-4.167150000000000021e-01
8.627850000000000241e-01
1.057884999999999964e+00
-5.055150000000000476e-01
-1.497514999999999930e+00
2.318985000000000074e+00
3.173985000000000056e+00
-2.764015000000000111e+00
-2.943715000000000082e+00
-1.598114999999999952e+00
3.200184999999999835e+00
3.207685000000000120e+00
-1.510115000000000096e+00
-1.319150000000000045e-01
-2.169315000000000104e+00
1.704784999999999995e+00
-1.175114999999999910e+00
-2.454715000000000202e+00
-1.608815000000000106e+00
4.077984999999999971e+00
2.700485000000000024e+00
3.470584999999999809e+00
-3.975614999999999899e+00
-2.277315000000000200e+00
-2.790915000000000035e+00
