1.561884999999999968e+00
2.691850000000000076e-01
-5.871150000000000535e-01
-1.046149999999999997e-01
1.219684999999999908e+00
2.030784999999999840e+00
-1.112514999999999921e+00
-4.765150000000000219e-01
7.032850000000000490e-01
1.757184999999999997e+00
2.905849999999999822e-01
-2.267149999999999999e-01
-8.036149999999999682e-01
-1.257014999999999993e+00
-1.882114999999999982e+00
-2.072614999999999874e+00
-1.646414999999999962e+00
-1.022115000000000107e+00
3.369285000000000085e+00
-2.104149999999999909e-01
-2.840914999999999857e+00
-1.717815000000000092e+00
-1.798815000000000053e+00
-1.237815000000000110e+00
-1.095150000000000012e-01
1.187584999999999891e+00
2.400685000000000180e+00
2.396984999999999921e+00
-4.619150000000000200e-01
1.163284999999999902e+00
5.728500000000000258e-02
-1.126614999999999922e+00
-2.216114999999999835e+00
-1.794715000000000060e+00
-7.054150000000000142e-01
3.907884999999999831e+00
3.869885000000000019e+00
-1.185415000000000108e+00
4.113850000000000007e-01
