3.018350000000000199e-01
-1.029965000000000019e+00
-1.747365000000000057e+00
-1.084465000000000012e+00
3.110350000000000059e-01
9.624350000000000405e-01
-1.806664999999999965e+00
-1.179964999999999931e+00
2.127350000000000074e-01
9.520349999999999646e-01
2.342534999999999812e+00
-1.706965000000000066e+00
9.178349999999999564e-01
1.735035000000000105e+00
1.719934999999999992e+00
7.613499999999999435e-02
-2.895265000000000200e+00
-1.795865000000000045e+00
2.040535000000000210e+00
2.886334999999999873e+00
2.699734999999999996e+00
-2.716264999999999930e+00
-1.195365000000000011e+00
