3.735189999999999899e-01
-6.471810000000000063e-01
-9.463810000000000278e-01
-1.728810000000000069e-01
9.302190000000000181e-01
1.152619000000000060e+00
-4.944810000000000039e-01
2.650190000000000046e-01
1.374219000000000079e+00
1.710118999999999945e+00
2.181219000000000019e+00
-1.439281000000000033e+00
2.266618999999999939e+00
1.671418999999999988e+00
2.621519000000000155e+00
2.013319000000000081e+00
2.963719000000000214e+00
2.363919000000000104e+00
-1.947810000000000097e-01
-1.497781000000000029e+00
-1.902781000000000056e+00
-3.190081000000000166e+00
-3.590681000000000012e+00
-4.859380999999999950e+00
3.009018999999999888e+00
2.315218999999999916e+00
-2.226081000000000198e+00
-1.238880999999999899e+00
3.229219000000000062e+00
2.502219000000000193e+00
7.165190000000000170e-01
1.457519000000000009e+00
3.569818999999999853e+00
2.847119000000000177e+00
1.066618999999999984e+00
1.782718999999999943e+00
3.911118999999999790e+00
3.193019000000000052e+00
3.060519000000000212e+00
1.431019000000000041e+00
2.151318999999999981e+00
5.736189999999999900e-01
-3.519809999999999883e-01
-2.301680999999999866e+00
-1.384181000000000106e+00
-1.095981000000000094e+00
-2.042281000000000013e+00
-3.999680999999999820e+00
-3.049281000000000130e+00
-2.780781000000000169e+00
-3.749181000000000097e+00
-5.129881000000000135e+00
-5.696780999999999651e+00
-4.721681000000000239e+00
