-8.477930000000000188e-01
-2.170892999999999962e+00
-2.880993000000000137e+00
-2.230592999999999826e+00
-8.470929999999999849e-01
-1.936930000000000041e-01
-2.972493000000000052e+00
-2.355592999999999826e+00
-9.860929999999999973e-01
-2.255929999999999880e-01
-3.311930000000000152e-01
-7.838929999999999509e-01
-1.245929999999999954e-01
-9.256929999999999881e-01
-3.389929999999999888e-01
1.052807000000000048e+00
1.872907000000000100e+00
1.275007000000000001e+00
1.181507000000000085e+00
-2.844393000000000171e+00
-1.150193000000000021e+00
-1.479492999999999947e+00
3.223707000000000100e+00
4.080307000000000350e+00
1.614907000000000092e+00
1.832607000000000097e+00
-3.036192999999999920e+00
8.556070000000000064e-01
5.802070000000000283e-01
-1.695993000000000084e+00
-2.010092999999999908e+00
1.886806999999999901e+00
1.672107000000000010e+00
1.541606999999999950e+00
-3.848593000000000153e+00
-2.335093000000000085e+00
-2.121792999999999818e+00
-5.821929999999999605e-01
-2.035292999999999797e+00
5.111506999999999579e+00
3.986507000000000023e+00
3.888406999999999947e+00
2.283307000000000198e+00
8.885070000000000467e-01
2.526206999999999869e+00
