3.418459999999999832e-01
-9.284540000000000015e-01
-1.638454000000000077e+00
-1.026054000000000022e+00
2.996460000000000234e-01
9.384460000000000024e-01
9.731459999999999555e-01
8.162460000000000271e-01
1.434345999999999899e+00
2.247145999999999866e+00
2.418645999999999852e+00
1.783446000000000087e+00
-1.544154000000000027e+00
2.266745999999999928e+00
3.061046000000000156e+00
-3.247954000000000008e+00
-1.851153999999999966e+00
1.264645999999999937e+00
1.314460000000000073e-01
-1.199540000000000051e-01
-1.409453999999999985e+00
8.911459999999999937e-01
1.800545999999999980e+00
-1.456353999999999926e+00
1.988459999999999950e-01
3.046445999999999987e+00
1.929845999999999950e+00
-2.505154000000000103e+00
-1.035053999999999919e+00
2.636445999999999845e+00
2.633545999999999943e+00
-3.770054000000000016e+00
-3.203953999999999969e+00
-3.846853999999999996e+00
-1.952954000000000079e+00
-1.318853999999999971e+00
-2.174853999999999843e+00
-1.635853999999999919e+00
3.761459999999999804e-01
1.483845999999999998e+00
2.570645999999999987e+00
2.299246000000000123e+00
1.239546000000000037e+00
-2.450654000000000110e+00
-7.287540000000000129e-01
-1.238053999999999988e+00
