-1.071255000000000068e+00
-2.299255000000000049e+00
-2.795055000000000067e+00
-2.025854999999999961e+00
-7.135550000000000503e-01
-2.874550000000000161e-01
-2.613055000000000128e+00
-1.926355000000000040e+00
-6.245549999999999713e-01
2.844999999999999873e-03
3.144999999999999792e-03
-8.475499999999999701e-02
3.418450000000000100e-01
9.434449999999999781e-01
1.373744999999999994e+00
1.204944999999999933e+00
5.790450000000000319e-01
1.336450000000000138e-01
9.820449999999999458e-01
-3.099755000000000038e+00
3.815450000000000230e-01
1.404744999999999910e+00
-2.431550000000000100e-01
-6.922549999999999537e-01
-5.083550000000000013e-01
1.605445000000000011e+00
2.281845000000000123e+00
-2.482454999999999856e+00
-5.217549999999999688e-01
1.041744999999999921e+00
-3.348550000000000137e-01
1.105744999999999978e+00
1.836545000000000094e+00
1.738944999999999963e+00
1.192045000000000021e+00
-4.043255000000000265e+00
-2.750055000000000138e+00
7.184450000000000003e-01
2.095444999999999780e+00
1.426444999999999963e+00
1.794645000000000046e+00
-3.775549999999999740e-01
-1.188655000000000017e+00
-8.906549999999999745e-01
2.553345000000000198e+00
1.625045000000000073e+00
3.207244999999999902e+00
