-1.738037000000000054e+00
-3.030437000000000047e+00
-3.516137000000000068e+00
-2.664337000000000177e+00
-1.272537000000000029e+00
-8.716369999999999951e-01
-3.251637000000000111e+00
-2.489037000000000166e+00
-1.103636999999999979e+00
-4.642370000000000108e-01
-3.905370000000000230e-01
4.548630000000000173e-01
-3.914137000000000199e+00
1.042763000000000106e+00
1.508629999999999971e-01
-9.667369999999999575e-01
-3.631369999999999876e-01
6.187629999999999519e-01
9.132630000000000470e-01
1.236663000000000068e+00
2.163162999999999947e+00
2.461562999999999946e+00
1.841463000000000072e+00
2.712663000000000046e+00
3.659162999999999943e+00
-3.052937000000000012e+00
-1.069137000000000004e+00
4.104630000000000223e-01
9.731630000000000003e-01
9.844629999999999770e-01
-4.906336999999999726e+00
-3.571337000000000206e+00
1.535663000000000000e+00
1.378962999999999939e+00
1.408163000000000054e+00
8.053630000000000511e-01
-1.354837000000000069e+00
-1.813736999999999933e+00
1.598630000000000051e-01
-1.126637000000000111e+00
1.005962999999999941e+00
3.183362999999999943e+00
2.100363000000000202e+00
3.993562999999999974e+00
3.199162999999999979e+00
4.537462999999999802e+00
