1.205012999999999890e+00
-6.698700000000000487e-02
-8.611870000000000358e-01
-2.474870000000000125e-01
1.041512999999999911e+00
1.793712999999999891e+00
-7.617869999999999919e-01
2.092130000000000101e-01
1.316713000000000022e+00
3.092512999999999845e+00
-5.952870000000000106e-01
1.513000000000000022e-03
-1.213586999999999971e+00
-1.381286999999999932e+00
-3.587870000000000226e-01
8.403129999999999766e-01
1.026513000000000009e+00
-4.081870000000000220e-01
-1.615386999999999906e+00
2.197613000000000039e+00
3.296212999999999838e+00
-2.180987000000000009e+00
-3.394387000000000043e+00
-1.697087000000000012e+00
3.562212999999999852e+00
3.588112999999999886e+00
-1.544386999999999954e+00
-3.328699999999999715e-02
-2.314586999999999950e+00
1.628713000000000077e+00
-1.488086999999999938e+00
-2.460786999999999836e+00
-1.808087000000000000e+00
4.135712999999999973e+00
3.606812999999999825e+00
3.054912999999999990e+00
-4.021486999999999590e+00
-3.203486999999999973e+00
-3.940687000000000051e+00
