-2.356571999999999889e+00
-3.732272000000000034e+00
-4.367371999999999588e+00
-3.552471999999999852e+00
-2.176772000000000151e+00
-1.489071999999999951e+00
-4.000971999999999973e+00
-2.921072000000000113e+00
-1.754771999999999998e+00
-2.660719999999999752e-01
-4.412872000000000128e+00
1.153828000000000076e+00
-3.110272000000000148e+00
2.312127999999999961e+00
3.423928000000000083e+00
3.418827999999999978e+00
2.292028000000000176e+00
1.179327999999999932e+00
-3.387720000000000176e-01
-1.537200000000000025e-02
2.288527999999999896e+00
3.501628000000000185e+00
4.567727999999999788e+00
4.592228000000000421e+00
-1.935472000000000081e+00
-4.976772000000000418e+00
-5.426771999999999707e+00
-3.963972000000000051e+00
-2.325072000000000028e+00
-3.070672000000000068e+00
-4.074671999999999628e+00
4.320928000000000324e+00
2.233528000000000180e+00
3.066280000000000117e-01
-2.070720000000000061e-01
3.523279999999999745e-01
-7.615720000000000267e-01
3.312127999999999961e+00
4.295927999999999969e+00
3.805028000000000077e+00
5.558728000000000335e+00
4.511828000000000394e+00
3.809527999999999803e+00
