2.435649000000000175e+00
1.161448999999999954e+00
1.755490000000000106e-01
4.980490000000000195e-01
1.790948999999999902e+00
2.744149000000000171e+00
-6.498509999999999565e-01
-2.069509999999999961e-01
9.633490000000000109e-01
2.149548999999999932e+00
5.632489999999999997e-01
2.289490000000000136e-01
-3.189509999999999845e-01
-5.907510000000000261e-01
-1.166550999999999894e+00
-1.539150999999999936e+00
-1.273751000000000078e+00
-6.751509999999999456e-01
4.071549000000000085e+00
8.436489999999999823e-01
-1.428250999999999937e+00
-2.907509999999999817e-01
-1.635950999999999933e+00
-1.382951000000000041e+00
-2.103750999999999927e+00
-3.528951000000000171e+00
-1.212450999999999945e+00
-1.336651000000000034e+00
-1.059450999999999921e+00
1.089490000000000042e-01
1.308948999999999918e+00
2.725048999999999833e+00
2.814149000000000012e+00
-2.901509999999999923e-01
1.392849000000000004e+00
6.280489999999999684e-01
-3.493510000000000226e-01
-4.720509999999999984e-01
4.487949000000000410e+00
4.684048999999999907e+00
-1.135509999999999992e-01
1.566448999999999980e+00
-5.459509999999999641e-01
-4.565099999999999714e-02
5.755489999999999773e-01
-1.727651000000000048e+00
-1.947950999999999988e+00
-3.108509999999999884e-01
-3.942550999999999917e+00
-3.835151000000000199e+00
-3.936951000000000089e+00
