4.891199999999999992e-01
-8.430800000000000516e-01
-1.568480000000000096e+00
-9.141799999999999926e-01
4.826199999999999934e-01
1.142519999999999980e+00
-1.646579999999999933e+00
-1.027279999999999971e+00
3.579200000000000159e-01
1.117220000000000102e+00
2.522819999999999840e+00
-1.511779999999999902e+00
1.132719999999999949e+00
-2.734579999999999789e+00
-1.637580000000000036e+00
2.202220000000000066e+00
3.065119999999999845e+00
2.886519999999999975e+00
-2.521079999999999988e+00
-9.941799999999999526e-01
