-1.329023000000000065e+00
-2.403722999999999832e+00
-2.836923000000000084e+00
-2.157122999999999902e+00
-1.001322999999999963e+00
-6.392229999999999857e-01
-2.669623000000000079e+00
-2.068823000000000079e+00
-9.316229999999999789e-01
-3.590229999999999810e-01
-3.190230000000000010e-01
4.621770000000000045e-01
-3.107622999999999802e+00
9.196769999999999667e-01
-1.190822999999999965e+00
-5.536229999999999762e-01
-4.190229999999999788e-01
3.769770000000000065e-01
9.012769999999999948e-01
7.013770000000000282e-01
3.307700000000000223e-02
1.638876999999999917e+00
1.230477000000000043e+00
2.216676999999999786e+00
3.271176999999999779e+00
2.893377000000000088e+00
-1.391229999999999967e-01
6.873770000000000158e-01
1.152077000000000018e+00
-1.050723000000000074e+00
-2.559922999999999949e+00
6.349770000000000136e-01
-1.212229999999999974e-01
1.363177000000000083e+00
4.245769999999999822e-01
-3.932622999999999980e+00
-2.800822999999999841e+00
1.689677000000000096e+00
7.368770000000000042e-01
1.352376999999999940e+00
-2.062323000000000128e+00
2.554770000000000096e-01
2.175977000000000050e+00
4.209876999999999647e+00
3.427877000000000063e+00
-9.472230000000000372e-01
-3.759230000000000071e-01
7.887769999999999504e-01
1.653677000000000064e+00
7.849770000000000358e-01
-1.029230000000000006e-01
2.153677000000000064e+00
1.146077000000000012e+00
4.664769999999999750e-01
-3.507230000000000070e-01
-1.978922999999999988e+00
-1.340122999999999953e+00
