-2.117875999999999870e+00
-2.443376000000000214e+00
-1.614875999999999978e+00
-2.993759999999999755e-01
-4.597600000000000298e-02
1.160824000000000078e+00
8.826239999999999641e-01
8.312400000000000344e-02
-8.724760000000000293e-01
-9.972760000000000513e-01
-1.251376000000000044e+00
-2.029675999999999814e+00
5.476239999999999997e-01
4.152399999999999841e-02
-2.734576000000000118e+00
2.064239999999999964e-01
-5.257599999999999774e-02
3.912399999999999906e-02
3.991239999999999788e-01
7.140239999999999920e-01
5.863239999999999563e-01
1.084024000000000099e+00
2.204623999999999917e+00
4.691239999999999855e-01
-7.884759999999999547e-01
-1.998759999999999981e-01
-6.342759999999999510e-01
-1.727975999999999956e+00
1.869523999999999964e+00
1.936423999999999923e+00
1.570324000000000053e+00
1.852724000000000038e+00
3.357240000000000224e-01
-1.581075999999999926e+00
-3.057759999999999923e-01
7.815239999999999965e-01
2.757823999999999831e+00
1.859223999999999988e+00
2.889423999999999992e+00
-6.859760000000000302e-01
-1.056076000000000015e+00
-1.583075999999999928e+00
-8.104759999999999742e-01
-1.579075999999999924e+00
1.394239999999999924e-01
-1.144476000000000049e+00
-2.679775999999999936e+00
2.380424000000000095e+00
2.444723999999999897e+00
