3.648680000000000256e-01
-9.277320000000000011e-01
-1.492232000000000003e+00
-7.105320000000000524e-01
6.604680000000000550e-01
1.141267999999999949e+00
-1.297631999999999897e+00
-5.440319999999999601e-01
8.244679999999999787e-01
1.438768000000000047e+00
2.475967999999999947e+00
-1.724731999999999932e+00
3.182068000000000119e+00
-3.442432000000000158e+00
4.530867999999999896e+00
5.302068000000000225e+00
4.731667999999999985e+00
3.389267999999999947e+00
2.615867999999999860e+00
-2.974131999999999998e+00
-3.702631999999999923e+00
-4.911932000000000187e+00
-5.396931999999999618e+00
-4.669331999999999816e+00
1.710968000000000044e+00
2.340568000000000204e+00
-1.252332000000000001e+00
-2.718032000000000004e+00
3.157967999999999886e+00
2.774967999999999879e+00
-2.710732000000000141e+00
-1.324832000000000010e+00
4.990067999999999948e+00
6.349768000000000079e+00
5.333768000000000065e+00
2.942768000000000050e+00
1.567067999999999905e+00
-2.038832000000000200e+00
-3.324132000000000087e+00
-5.477331999999999645e+00
-6.344432000000000293e+00
-5.068932000000000215e+00
1.155968000000000107e+00
2.502267999999999937e+00
1.567067999999999905e+00
2.961167999999999800e+00
-1.206231999999999971e+00
-7.055320000000000480e-01
-3.290131999999999834e+00
-2.756231999999999793e+00
