-2.009700000000000042e+00
-3.303399999999999892e+00
-4.139899999999999913e+00
-3.649399999999999977e+00
-2.307900000000000063e+00
-1.527600000000000069e+00
-4.511999999999999567e+00
-4.036999999999999922e+00
-2.711199999999999832e+00
-1.827299999999999924e+00
-2.262100000000000222e+00
-9.411000000000000476e-01
-1.957000000000000128e-01
1.159299999999999997e+00
1.898400000000000087e+00
1.298499999999999988e+00
-3.910000000000000281e-02
-7.731000000000000094e-01
-1.847000000000000031e-01
-3.804300000000000015e+00
2.127099999999999991e+00
3.349400000000000155e+00
1.459999999999999964e+00
2.125500000000000167e+00
1.110899999999999999e+00
1.360600000000000032e+00
-1.607999999999999985e-01
2.752699999999999925e+00
3.819900000000000073e+00
4.502299999999999969e+00
5.665199999999999569e+00
3.686900000000000066e+00
-8.397999999999999909e-01
2.049700000000000077e+00
-4.773600000000000065e+00
-3.006600000000000161e+00
-2.230900000000000105e+00
2.940900000000000070e+00
-5.298000000000000487e-01
-1.806799999999999962e+00
3.116999999999999771e-01
3.444999999999999729e-01
-4.783400000000000318e+00
-3.195699999999999985e+00
4.504000000000000226e-01
2.887000000000000011e+00
-7.085000000000000187e-01
1.970499999999999918e+00
3.213999999999999968e+00
4.587299999999999933e+00
3.405699999999999950e+00
4.226899999999999658e+00
2.016000000000000014e-01
-1.252499999999999947e+00
-1.393000000000000016e+00
