-6.500160000000000382e-01
-1.958615999999999913e+00
-2.723116000000000092e+00
-2.124216000000000104e+00
-7.642160000000000064e-01
-7.291599999999999471e-02
-2.874816000000000038e+00
-2.284415999999999780e+00
-9.206159999999999899e-01
-1.713159999999999961e-01
1.284383999999999970e+00
-2.555816000000000088e+00
-3.591159999999999908e-01
8.738839999999999941e-01
1.726283999999999930e+00
2.941984000000000155e+00
3.317784000000000066e+00
2.486083999999999961e+00
1.272883999999999904e+00
4.810383999999999993e+00
-3.943315999999999821e+00
-2.901116000000000028e+00
1.836484000000000005e+00
1.741684000000000010e+00
-3.546616000000000213e+00
-2.005215999999999887e+00
-8.815159999999999663e-01
1.458784000000000081e+00
3.581783999999999857e+00
2.766983999999999888e+00
6.375840000000000396e-01
