-2.188922999999999952e+00
-2.661823000000000050e+00
-2.785222999999999782e+00
-2.387823000000000029e+00
-1.874622999999999928e+00
-1.790323000000000109e+00
-1.421022999999999925e+00
-2.822999999999999989e-03
2.055770000000000097e-01
1.489676999999999918e+00
2.579677000000000220e+00
2.391677000000000053e+00
1.105077000000000087e+00
-1.349922999999999984e+00
-3.045723000000000180e+00
1.800977000000000050e+00
7.043770000000000309e-01
1.276777000000000051e+00
1.721769999999999967e-01
8.357769999999999921e-01
1.860276999999999958e+00
7.479770000000000030e-01
7.813769999999999882e-01
1.258377000000000079e+00
-2.502222999999999864e+00
-2.105122999999999855e+00
-1.532823000000000047e+00
-6.626229999999999620e-01
3.590476999999999919e+00
3.275676999999999950e+00
-2.001323000000000185e+00
-4.318230000000000124e-01
-3.396822999999999926e+00
-2.960223000000000049e+00
1.102770000000000000e-01
7.677699999999999803e-02
1.914376999999999995e+00
1.943577000000000110e+00
-4.415229999999999988e-01
-5.062229999999999785e-01
1.424676999999999971e+00
2.686176999999999815e+00
2.212577000000000016e+00
1.604576999999999920e+00
