-1.249902000000000069e+00
-2.347201999999999789e+00
-2.911102000000000078e+00
-2.349301999999999779e+00
-1.188701999999999925e+00
-6.784019999999999495e-01
-2.990101999999999816e+00
-2.514801999999999982e+00
-1.385502000000000011e+00
-6.878020000000000245e-01
-9.789020000000000499e-01
1.417980000000000074e-01
7.609979999999999523e-01
1.840098000000000011e+00
2.515998000000000179e+00
2.130997999999999948e+00
1.025298000000000043e+00
3.663980000000000015e-01
4.609980000000000189e-01
-2.931401999999999841e+00
5.649980000000000002e-01
2.853797999999999835e+00
3.260298000000000140e+00
5.641979999999999773e-01
-4.163020000000000054e-01
-3.096801999999999833e+00
-1.826502000000000070e+00
-7.366019999999999790e-01
4.970979999999999843e-01
2.174798000000000009e+00
3.353997999999999813e+00
-4.702020000000000088e-01
3.897979999999999778e-01
1.323798000000000030e+00
-3.768702000000000218e+00
-2.522101999999999844e+00
8.456979999999999498e-01
4.247980000000000089e-01
1.416897999999999991e+00
4.191197999999999979e+00
2.513797999999999977e+00
3.458698000000000050e+00
-7.472020000000000328e-01
9.698000000000000023e-03
-1.288602000000000025e+00
