4.282929999999999793e-01
-7.459069999999999867e-01
-1.745606999999999909e+00
-1.546807000000000043e+00
-3.671070000000000166e-01
5.969929999999999959e-01
-2.557507000000000197e+00
-2.398306999999999967e+00
-1.199507000000000101e+00
-1.851069999999999938e-01
-9.898069999999999924e-01
-8.491069999999999451e-01
6.759300000000000030e-02
5.577929999999999833e-01
1.480093000000000103e+00
1.941692999999999891e+00
1.477492999999999945e+00
5.510930000000000550e-01
1.852092999999999989e+00
-9.390070000000000361e-01
1.842993000000000103e+00
2.781193000000000026e+00
-1.768207000000000084e+00
-3.497707000000000122e+00
-3.207707000000000086e+00
-8.500699999999999923e-02
-1.814807000000000059e+00
2.124929999999999874e-01
1.833393000000000050e+00
2.657093000000000149e+00
2.234929999999999972e-01
1.910193000000000030e+00
2.495792999999999928e+00
-1.819606999999999974e+00
-2.026070000000000093e-01
2.964592999999999812e+00
3.736492999999999842e+00
2.375093000000000121e+00
-1.281806999999999919e+00
-2.116306999999999938e+00
-2.668407000000000195e+00
