-1.637642999999999960e+00
-2.245543000000000067e+00
-2.032843000000000178e+00
-1.051643000000000105e+00
-5.196429999999999660e-01
-8.335430000000000339e-01
2.659569999999999990e-01
-2.574429999999999774e-01
-3.138142999999999905e+00
-3.157429999999999959e-01
4.484569999999999945e-01
1.828456999999999999e+00
2.439057000000000031e+00
1.647156999999999982e+00
7.865700000000000469e-02
-1.783042999999999934e+00
3.927557000000000187e+00
4.473957000000000406e+00
4.624257000000000062e+00
4.284756999999999927e+00
-2.032430000000000070e-01
4.536569999999999769e-01
-1.486742999999999926e+00
-2.781429999999999736e-01
4.036569999999999880e-01
-4.610429999999999806e-01
-3.633942999999999923e+00
-3.335542999999999925e+00
-1.384343000000000101e+00
2.436957000000000040e+00
2.121157000000000181e+00
7.787570000000000325e-01
6.483569999999999611e-01
-3.221430000000000127e-01
-1.109542999999999946e+00
-2.243843000000000032e+00
-2.587042999999999981e+00
