-1.557681000000000093e+00
-2.870880999999999794e+00
-3.505481000000000069e+00
-2.770181000000000004e+00
-1.387880999999999920e+00
-8.296810000000000018e-01
-3.398280999999999885e+00
-2.683081000000000049e+00
-1.300281000000000020e+00
-6.652810000000000112e-01
-6.402809999999999890e-01
1.177219000000000015e+00
1.099718999999999891e+00
1.445419000000000009e+00
1.858918999999999988e+00
1.928519000000000094e+00
1.588718999999999992e+00
5.306189999999999518e-01
-3.617481000000000169e+00
7.923189999999999955e-01
2.221518999999999799e+00
2.143819000000000141e+00
1.630219000000000085e+00
1.999919000000000002e+00
6.836189999999999767e-01
4.868190000000000017e-01
-4.476380999999999943e+00
-3.232381000000000171e+00
4.131190000000000140e-01
-1.184581000000000106e+00
1.395019000000000009e+00
2.255119000000000096e+00
1.037919000000000036e+00
8.169189999999999507e-01
-4.615080999999999989e+00
-3.168781000000000070e+00
1.089418999999999915e+00
1.352219000000000060e+00
2.452018999999999949e+00
1.116119000000000083e+00
2.831018999999999952e+00
1.956018999999999952e+00
1.295319000000000109e+00
3.027819000000000038e+00
1.047190000000000065e-01
1.433918999999999944e+00
-2.603809999999999736e-01
