1.590643999999999947e+00
2.988439999999999985e-01
-5.633559999999999679e-01
-8.835600000000000398e-02
1.234444000000000097e+00
2.052144000000000190e+00
-1.102956000000000047e+00
-4.751560000000000228e-01
7.028440000000000243e-01
1.763643999999999989e+00
2.873439999999999883e-01
-2.245560000000000056e-01
-8.135559999999999459e-01
-1.261155999999999944e+00
-1.898355999999999932e+00
-2.111556000000000211e+00
-1.687556000000000056e+00
-1.049955999999999889e+00
3.389844000000000079e+00
-1.732559999999999933e-01
-1.922855999999999899e+00
-2.903455999999999815e+00
-1.709356000000000098e+00
-1.786955999999999989e+00
-1.241155999999999926e+00
-1.084559999999999969e-01
1.181443999999999939e+00
2.404544000000000015e+00
2.404643999999999782e+00
-4.698559999999999959e-01
1.156644000000000005e+00
7.424400000000000444e-02
-1.116656000000000093e+00
-2.225756000000000068e+00
-7.333560000000000079e-01
3.924043999999999865e+00
3.895944000000000074e+00
-1.147156000000000065e+00
4.535440000000000027e-01
