-2.803421000000000163e+00
-3.834820999999999813e+00
-4.153621000000000230e+00
-3.323120999999999992e+00
-2.233420999999999879e+00
-1.976820999999999939e+00
-3.462120999999999782e+00
-2.469120999999999899e+00
-1.680120999999999976e+00
-4.948210000000000108e-01
-9.368210000000000148e-01
-4.625421000000000227e+00
-3.140209999999999946e-01
7.209790000000000365e-01
2.100579000000000196e+00
3.068179000000000212e+00
2.662678999999999796e+00
1.318878999999999913e+00
3.606790000000000274e-01
4.433079000000000214e+00
4.866878999999999955e+00
3.941378999999999966e+00
2.580878999999999923e+00
-2.451521000000000061e+00
3.921789999999999998e-01
-5.931210000000000093e-01
-2.450209999999999888e-01
-8.302209999999999868e-01
-5.415920999999999985e+00
-4.419020999999999866e+00
-1.176720999999999906e+00
3.396778999999999993e+00
1.015678999999999998e+00
-6.877210000000000267e-01
5.177978999999999665e+00
5.928179000000000087e+00
4.274179000000000173e+00
1.887779000000000096e+00
