-2.277826999999999824e+00
-3.569926999999999850e+00
-4.232827000000000339e+00
-3.485428000000000193e+00
-2.148226999999999887e+00
-1.532828000000000079e+00
-4.176226999999999911e+00
-2.720327000000000162e+00
-1.707427000000000028e+00
-3.262269999999999892e-01
-2.023270000000000068e-01
-4.257126999999999661e+00
-2.103269999999999862e-01
-2.601427000000000156e+00
9.666730000000000045e-01
2.262973000000000123e+00
3.370372999999999841e+00
3.212072000000000038e+00
1.949373000000000022e+00
8.426730000000000054e-01
1.928473000000000104e+00
6.609730000000000327e-01
2.371173000000000197e+00
3.669073000000000029e+00
3.039729999999999932e-01
5.037300000000000111e-02
5.052729999999999722e-01
1.176729999999999998e-01
-5.233026999999999873e+00
-3.778427999999999898e+00
-1.082926999999999973e+00
4.381772999999999918e+00
4.088573000000000235e+00
-1.542270000000000030e-01
8.220720000000000249e-01
-2.212700000000000083e-02
2.281729999999999869e-01
3.555673000000000084e+00
4.110972000000000293e+00
4.320872999999999742e+00
