1.318300000000000027e-01
-1.163869999999999960e+00
-1.855469999999999953e+00
-1.106470000000000065e+00
2.240300000000000069e-01
8.599299999999999722e-01
-1.495670000000000055e+00
-4.054699999999999971e-01
6.520299999999999985e-01
2.178729999999999833e+00
-1.834270000000000067e+00
-1.969700000000000062e-01
-1.344070000000000098e+00
-1.347669999999999924e+00
-2.058699999999999974e-01
9.550300000000000455e-01
9.422300000000000120e-01
-4.909700000000000175e-01
-1.675699999999999967e-01
-1.926700000000000079e-01
9.512300000000000200e-01
2.094230000000000036e+00
2.096630000000000216e+00
-2.417969999999999953e+00
2.751529999999999809e+00
2.585630000000000095e+00
-2.806169999999999831e+00
-1.352170000000000094e+00
-2.252569999999999961e+00
-2.255869999999999820e+00
1.835429999999999895e+00
-1.481470000000000065e+00
2.548300000000000010e-01
-1.077569999999999917e+00
9.486299999999999732e-01
2.986930000000000085e+00
3.001930000000000209e+00
