-9.218979999999999952e-01
-2.198497999999999841e+00
-3.067698000000000036e+00
-2.617097999999999924e+00
-1.305398000000000058e+00
-4.985979999999999857e-01
-3.486698000000000075e+00
-3.067098000000000102e+00
-1.749697999999999976e+00
-8.662980000000000125e-01
-1.272197999999999940e+00
1.141019999999999951e-01
8.728019999999999667e-01
2.196601999999999943e+00
3.069701999999999931e+00
2.620601999999999876e+00
1.312602000000000046e+00
4.349020000000000108e-01
8.507019999999999582e-01
-2.646497999999999795e+00
-8.557979999999999476e-01
-1.292297999999999947e+00
4.317001999999999562e+00
5.229102000000000139e+00
-4.520197999999999716e+00
-3.766297999999999924e+00
-1.369898000000000060e+00
-1.919097999999999971e+00
5.383019999999999472e-01
2.561202000000000201e+00
3.254701999999999984e+00
1.011201999999999934e+00
1.127601999999999993e+00
1.373002000000000056e+00
-3.609497999999999873e+00
-2.013597999999999999e+00
-2.323198000000000096e+00
-1.293598000000000026e+00
-6.875980000000000425e-01
6.167901999999999774e+00
5.442802000000000362e+00
4.853901999999999717e+00
