-3.819949999999999735e-01
-1.677394999999999969e+00
-2.307395000000000085e+00
-1.604095000000000049e+00
-2.418949999999999989e-01
3.340049999999999963e-01
-2.271595000000000031e+00
-1.605294999999999916e+00
-2.551950000000000052e-01
4.340049999999999741e-01
4.141050000000000009e-01
2.470050000000000023e-01
6.640049999999999564e-01
1.334005000000000107e+00
1.741605000000000070e+00
1.473905000000000021e+00
7.873050000000000326e-01
3.648049999999999904e-01
1.669505000000000017e+00
-2.408494999999999830e+00
5.147049999999999681e-01
-1.779949999999999866e-01
-6.099949999999999539e-01
-3.442950000000000177e-01
-2.216594999999999871e+00
1.494005000000000027e+00
-2.969499999999999917e-02
1.479004999999999903e+00
-1.709499999999999909e-02
1.568805000000000005e+00
2.269204999999999917e+00
1.801905000000000090e+00
2.352704999999999824e+00
1.971105000000000107e+00
-3.394594999999999807e+00
-1.959494999999999987e+00
8.405049999999999466e-01
-3.823949999999999849e-01
-1.157394999999999952e+00
-7.132950000000000124e-01
