-1.213311000000000028e+00
-2.516611000000000153e+00
-3.069510999999999878e+00
-2.266110999999999986e+00
-8.673110000000000541e-01
-4.039110000000000200e-01
-2.893010999999999999e+00
-2.182710999999999846e+00
-8.050110000000000321e-01
-1.170110000000000039e-01
9.360889999999999489e-01
-3.339310999999999918e+00
1.396188999999999902e+00
2.137089000000000016e+00
1.877688999999999941e+00
2.069989000000000079e+00
1.847188999999999970e+00
1.440689000000000108e+00
1.263889000000000040e+00
1.487189000000000094e+00
-3.975511000000000017e+00
-2.706011000000000166e+00
-2.878109999999999835e-01
1.353989000000000109e+00
1.527489000000000097e+00
-4.335710999999999871e+00
-2.947910999999999948e+00
1.646088999999999913e+00
1.823388999999999927e+00
3.217089000000000087e+00
1.930889000000000078e+00
2.403589000000000198e+00
1.996089000000000002e+00
1.267989000000000033e+00
9.539889999999999759e-01
1.350189000000000084e+00
