-1.087380000000000013e-01
-1.433238000000000012e+00
-2.108137000000000150e+00
-1.412736999999999910e+00
-1.003800000000000005e-02
5.898619999999999974e-01
-2.151736999999999789e+00
-1.550038000000000027e+00
-1.678379999999999872e-01
6.150619999999999976e-01
1.969961999999999991e+00
-2.147536999999999807e+00
2.396863000000000188e+00
2.609961999999999893e+00
-3.240038000000000196e+00
-2.161436999999999831e+00
2.914619999999999989e-01
2.394963000000000175e+00
2.449463000000000168e+00
-3.156137000000000192e+00
-1.664137999999999895e+00
3.674761999999999862e+00
2.088763000000000147e+00
2.230662999999999840e+00
