8.193110000000000115e-01
-5.172889999999999988e-01
-1.324788999999999994e+00
-6.512890000000000068e-01
7.066109999999999891e-01
1.467311000000000032e+00
-1.161888999999999950e+00
-1.191890000000000033e-01
1.028210999999999986e+00
2.831110999999999933e+00
-1.103188999999999975e+00
-2.712890000000000024e-01
-1.518289000000000000e+00
-1.620689000000000046e+00
-4.779889999999999972e-01
7.722109999999999808e-01
8.705110000000000348e-01
2.233410999999999813e+00
-6.760890000000000510e-01
-2.137389000000000205e+00
3.346111000000000057e+00
3.329311000000000131e+00
-2.101989000000000107e+00
-5.338889999999999469e-01
-2.437189000000000050e+00
-2.602189000000000085e+00
1.850511000000000017e+00
