9.740090000000000137e-01
-3.276910000000000101e-01
-1.105191000000000034e+00
-5.359909999999999952e-01
8.164090000000000513e-01
1.533209000000000044e+00
-1.313091000000000008e+00
-7.773910000000000542e-01
5.695090000000000430e-01
1.355709000000000053e+00
1.159208999999999934e+00
-2.261910000000000032e-01
4.661089999999999955e-01
-1.890910000000000091e-01
-1.541790999999999912e+00
-2.239691000000000098e+00
-1.585790999999999951e+00
2.891509000000000107e+00
-9.050909999999999789e-01
4.842090000000000005e-01
-2.371891000000000194e+00
-1.451491000000000087e+00
2.416509000000000018e+00
2.147609000000000101e+00
1.524408999999999903e+00
3.582089999999999996e-01
-2.052290999999999865e+00
-3.295790999999999915e+00
-2.147590999999999806e+00
3.262208999999999914e+00
3.303208999999999840e+00
-1.889191000000000065e+00
-3.455909999999999815e-01
1.234809000000000045e+00
-1.959909999999999985e-01
