-6.484760000000000524e-01
-1.962175999999999920e+00
-2.742675999999999892e+00
-2.156175999999999870e+00
-7.910760000000000014e-01
-8.717600000000000349e-02
-2.929276000000000213e+00
-2.364775999999999989e+00
-1.001776000000000000e+00
-2.117759999999999920e-01
-3.471759999999999846e-01
-5.557600000000000040e-02
4.922239999999999949e-01
6.669239999999999613e-01
1.188023999999999969e+00
1.548524000000000012e+00
1.378524000000000083e+00
8.503239999999999688e-01
1.292224000000000039e+00
-2.547175999999999885e+00
6.720239999999999547e-01
9.381239999999999579e-01
2.047823999999999867e+00
2.439623999999999793e+00
-3.998476000000000141e+00
-2.986276000000000153e+00
-1.027976000000000001e+00
5.782239999999999602e-01
-1.584760000000000058e-01
3.920239999999999836e-01
1.308224000000000053e+00
1.660824000000000078e+00
1.697824000000000000e+00
1.742823999999999929e+00
-3.540875999999999912e+00
-1.984075999999999951e+00
6.896240000000000148e-01
2.000323999999999991e+00
3.066240000000000077e-01
2.814923999999999982e+00
1.583924000000000110e+00
3.251723999999999837e+00
