-1.557336999999999971e+00
-2.801737000000000144e+00
-3.238736999999999977e+00
-2.390537000000000134e+00
-1.053037000000000001e+00
-6.931370000000000031e-01
-2.926537000000000166e+00
-2.161337000000000064e+00
-8.299370000000000358e-01
-2.546370000000000022e-01
-1.255370000000000097e-01
-1.564369999999999927e-01
3.198630000000000084e-01
2.263630000000000086e-01
6.809629999999999850e-01
1.183863000000000110e+00
1.325363000000000069e+00
8.900630000000000486e-01
5.909630000000000161e-01
-3.686637000000000164e+00
6.085629999999999651e-01
1.033563000000000009e+00
1.887062999999999935e+00
2.144362999999999797e+00
1.617663000000000073e+00
5.480629999999999669e-01
1.176862999999999992e+00
-2.676036999999999999e+00
-6.303370000000000362e-01
9.017629999999999812e-01
-5.172369999999999468e-01
-2.228370000000000073e-01
9.818630000000000413e-01
1.295463000000000031e+00
9.201629999999999532e-01
-4.640037000000000411e+00
-3.388037000000000187e+00
1.320462999999999942e+00
1.911262999999999934e+00
2.070629999999999971e-01
2.644563000000000219e+00
1.210663000000000045e+00
2.817762999999999796e+00
9.243630000000000457e-01
-2.994370000000000087e-01
2.241630000000000011e-01
1.797663000000000011e+00
1.236062999999999912e+00
1.622662999999999967e+00
