5.282050000000000356e-01
-7.262950000000000239e-01
-1.457195000000000018e+00
-8.799949999999999717e-01
4.203049999999999842e-01
1.075804999999999900e+00
-1.588594999999999979e+00
-1.019495000000000040e+00
2.796049999999999924e-01
9.896049999999999569e-01
2.400805000000000078e+00
-1.298994999999999900e+00
8.859050000000000535e-01
2.848049999999999748e-01
-8.798949999999999827e-01
-1.499195000000000055e+00
-9.609950000000000436e-01
2.157050000000000078e-01
8.219049999999999967e-01
-1.484094999999999942e+00
-2.697395000000000209e+00
7.592050000000000187e-01
1.795504999999999907e+00
2.347304999999999975e+00
-2.606195000000000039e+00
-1.609194999999999931e+00
2.718304999999999971e+00
2.809905000000000097e+00
-2.247094999999999843e+00
-7.706950000000000189e-01
-1.319795000000000051e+00
-2.399894999999999889e+00
1.706704999999999917e+00
-2.985094999999999832e+00
-3.505595000000000017e+00
-2.553795000000000037e+00
2.142405000000000115e+00
1.423005000000000075e+00
2.645404999999999784e+00
2.762704999999999966e+00
2.653505000000000003e+00
2.822904999999999998e+00
