-2.887039999999999829e+00
-3.964939999999999909e+00
-4.530940000000000190e+00
-3.911239999999999828e+00
-2.788539999999999797e+00
-2.275539999999999896e+00
-4.507240000000000357e+00
-3.279139999999999944e+00
-2.407039999999999846e+00
-1.179040000000000088e+00
-4.528240000000000265e+00
2.569600000000000217e-01
1.919599999999999917e-01
1.365259999999999918e+00
2.591159999999999908e+00
2.680359999999999854e+00
1.512960000000000083e+00
-1.470839999999999925e+00
3.932760000000000034e+00
4.049859999999999793e+00
3.731660000000000199e+00
3.912160000000000082e+00
1.306859999999999911e+00
1.706760000000000055e+00
-1.221240000000000103e+00
-9.524399999999999533e-01
-3.260940000000000172e+00
-6.434400000000000119e-01
-8.972400000000000375e-01
-5.338239999999999874e+00
-4.118839999999999613e+00
1.546259999999999968e+00
5.104759999999999742e+00
3.481160000000000032e+00
3.744260000000000144e+00
4.828359999999999985e+00
3.080459999999999976e+00
4.032759999999999678e+00
1.474760000000000071e+00
2.785060000000000091e+00
1.157059999999999977e+00
-3.278400000000000203e-01
-1.370440000000000103e+00
-7.826400000000000023e-01
-1.830540000000000056e+00
