-8.905020000000000158e-01
-2.163501999999999814e+00
-2.894801999999999875e+00
-2.327901999999999916e+00
-9.967019999999999769e-01
-3.123020000000000240e-01
-3.142602999999999813e+00
-2.676102999999999899e+00
-1.383702999999999905e+00
-5.180019999999999625e-01
-1.009602000000000110e+00
-1.390199999999999943e-02
1.024698000000000109e+00
2.200597999999999832e+00
3.260898000000000074e+00
3.171797000000000200e+00
2.017196999999999907e+00
9.620980000000000087e-01
1.020597999999999894e+00
-2.755901999999999852e+00
8.915980000000000016e-01
1.821398000000000073e+00
4.509698000000000206e+00
-2.293020000000000058e-01
-3.407601999999999798e+00
-1.896303000000000072e+00
-6.577020000000000088e-01
2.328498000000000179e+00
4.151898000000000089e+00
6.849800000000000333e-02
1.217697999999999947e+00
1.677097000000000060e+00
-3.724902999999999853e+00
-2.221601999999999855e+00
1.095498000000000083e+00
1.609097000000000000e+00
1.074597999999999942e+00
4.306980000000000253e-01
-1.262602000000000002e+00
-4.860199999999999937e-02
