-1.545716000000000090e+00
-2.205916000000000210e+00
-1.972315999999999958e+00
-9.009160000000000501e-01
-3.559160000000000101e-01
-6.878159999999999830e-01
4.101839999999999931e-01
-6.101600000000000079e-02
-3.177115999999999829e+00
-1.583160000000000123e-01
5.756839999999999735e-01
1.932884000000000047e+00
2.498984000000000094e+00
1.751983999999999986e+00
1.957840000000000136e-01
-1.523716000000000070e+00
-3.391600000000000170e-02
6.829840000000000355e-01
2.014384000000000174e+00
2.635584000000000149e+00
4.300483999999999973e+00
-8.881600000000000605e-02
6.608840000000000270e-01
-2.681160000000000210e-01
-3.715015999999999874e+00
-3.391115999999999797e+00
-1.202415999999999929e+00
3.542084000000000010e+00
2.245384000000000047e+00
9.515839999999999854e-01
7.048839999999999550e-01
-2.267160000000000009e-01
-7.822160000000000224e-01
-1.990815999999999919e+00
-2.306416000000000022e+00
-1.077515999999999918e+00
2.568083999999999811e+00
