-2.127781000000000144e+00
-2.674681000000000086e+00
-2.448281000000000152e+00
-1.524980999999999920e+00
-9.829809999999999937e-01
-1.331881000000000093e+00
-4.838100000000000039e-02
-8.185810000000000031e-01
-3.518581000000000181e+00
-4.786810000000000231e-01
4.385189999999999921e-01
1.809619000000000089e+00
2.248118999999999978e+00
1.327619000000000105e+00
-3.975810000000000177e-01
-2.331081000000000181e+00
3.586218999999999824e+00
4.078918999999999961e+00
1.068189999999999973e-01
-1.281280999999999892e+00
2.731319000000000052e+00
3.088219000000000047e+00
-2.353810000000000069e-01
-1.060780999999999974e+00
-3.967680999999999791e+00
-3.723081000000000085e+00
-1.548381000000000007e+00
1.681618999999999975e+00
2.711189999999999989e-01
2.074189999999999923e-01
-8.042810000000000237e-01
-1.700881000000000087e+00
-2.823681000000000108e+00
-3.117281000000000191e+00
5.147319000000000422e+00
3.960919000000000079e+00
3.583118999999999943e+00
-1.366581000000000046e+00
-1.755681000000000047e+00
-1.789881000000000055e+00
3.800819000000000170e+00
3.575819000000000081e+00
2.214818999999999871e+00
