-7.123549999999999605e-01
-1.276354999999999906e+00
-1.216055000000000108e+00
-5.196549999999999780e-01
1.103449999999999986e-01
-4.755500000000000005e-02
8.852449999999999486e-01
2.434449999999999947e-01
9.674449999999999994e-01
2.370944999999999858e+00
3.025644999999999918e+00
2.287644999999999929e+00
-1.958755000000000024e+00
5.277450000000000196e-01
3.345244999999999802e+00
-1.065755000000000008e+00
-4.652549999999999741e-01
2.368450000000000000e-01
3.997450000000000170e-01
-3.333550000000000124e-01
-1.455154999999999976e+00
1.466444999999999999e+00
2.553945000000000132e+00
-1.254655000000000076e+00
-2.084455000000000169e+00
-1.840554999999999941e+00
-7.939549999999999663e-01
2.514500000000000068e-02
-2.043550000000000089e-01
-1.345499999999999995e-02
1.171245000000000092e+00
3.258445000000000036e+00
2.763444999999999929e+00
-3.242055000000000131e+00
-8.456550000000000455e-01
4.112144999999999939e+00
2.819844999999999935e+00
-2.391754999999999853e+00
-2.024354999999999905e+00
5.834449999999999914e-01
3.341450000000000253e-01
-9.902549999999999963e-01
-2.124554999999999971e+00
-5.395550000000000068e-01
5.792450000000000099e-01
-1.004154999999999909e+00
-1.642854999999999954e+00
-2.347154999999999880e+00
-2.473755000000000148e+00
-6.202550000000000008e-01
8.423450000000000104e-01
4.451450000000000129e-01
-8.991550000000000376e-01
2.041449999999999931e-01
9.292449999999999877e-01
2.049345000000000194e+00
3.684544999999999959e+00
1.924244999999999983e+00
2.862944999999999851e+00
-3.997555000000000192e+00
-2.900654999999999983e+00
-3.724355000000000082e+00
