-1.526796999999999960e+00
-2.857896999999999910e+00
-3.728397000000000183e+00
-3.132197000000000120e+00
-1.777396999999999894e+00
-9.520969999999999711e-01
-3.832697000000000020e+00
-2.932697000000000109e+00
-1.644096999999999920e+00
-4.019969999999999932e-01
4.111029999999999962e-01
-3.360196999999999878e+00
1.690029999999999866e-01
1.705103000000000035e+00
2.904002999999999890e+00
4.118402999999999814e+00
4.140202999999999633e+00
2.948503000000000096e+00
1.733702999999999994e+00
-3.347297000000000189e+00
-5.954970000000000541e-01
3.845029999999999837e-01
9.160030000000000117e-01
9.232029999999999959e-01
-4.353496999999999950e+00
-2.730497000000000174e+00
2.907703000000000149e+00
5.048103000000000229e+00
5.086303000000000019e+00
2.962803000000000075e+00
8.146029999999999660e-01
