-2.314055999999999891e+00
-3.629255999999999815e+00
-4.230456000000000216e+00
-3.465656000000000070e+00
-2.061155999999999988e+00
-1.549155999999999977e+00
-4.148355999999999710e+00
-3.492055999999999827e+00
-2.097955999999999932e+00
-1.360656000000000088e+00
-1.474455999999999989e+00
-1.169256000000000073e+00
-5.969560000000000421e-01
-3.939559999999999729e-01
1.815440000000000109e-01
5.818440000000000278e-01
3.854440000000000088e-01
-1.933560000000000001e-01
-2.017559999999999909e-01
-4.410955999999999655e+00
1.174044000000000088e+00
8.978439999999999754e-01
2.039444000000000035e+00
2.656244000000000050e+00
3.174144000000000077e+00
3.734344000000000108e+00
2.971643999999999952e+00
3.820844000000000129e+00
4.125644000000000311e+00
3.375843999999999845e+00
5.371844000000000285e+00
1.423439999999999983e-01
5.178439999999999710e-01
-5.237356000000000122e+00
-4.088955999999999591e+00
-2.176455999999999946e+00
-5.866559999999999553e-01
-1.474655999999999967e+00
-6.902559999999999807e-01
3.167440000000000255e-01
6.503440000000000332e-01
-3.279560000000000253e-01
3.332439999999999847e-01
-1.195599999999999961e-02
-5.415656000000000247e+00
-3.981056000000000150e+00
2.269343999999999806e+00
1.860044000000000031e+00
3.339843999999999813e+00
4.717944000000000138e+00
3.589843999999999813e+00
5.474543999999999855e+00
5.444440000000000390e-01
6.715440000000000298e-01
1.603344000000000102e+00
2.006439999999999890e-01
5.764400000000000079e-02
