-2.918579999999999952e+00
-4.163680000000000270e+00
-4.535379999999999967e+00
-3.597179999999999822e+00
-2.245779999999999887e+00
-1.977579999999999893e+00
-4.015979999999999883e+00
-3.134079999999999977e+00
-1.778580000000000050e+00
-1.337879999999999958e+00
-9.619799999999999462e-01
1.648220000000000018e+00
1.802619999999999889e+00
2.370220000000000216e+00
2.790519999999999889e+00
2.688419999999999810e+00
2.106120000000000214e+00
-7.090800000000000436e-01
-5.117580000000000240e+00
3.736200000000000077e-01
2.559619999999999784e+00
2.127320000000000100e+00
3.382319999999999993e+00
2.379420000000000091e+00
3.180919999999999970e+00
3.096820000000000128e+00
-3.957800000000000207e-01
1.032720000000000082e+00
-5.069180000000000241e+00
-3.526079999999999881e+00
-1.248480000000000034e+00
1.477020000000000000e+00
2.001520000000000188e+00
-1.058000000000000086e-02
-3.585800000000000098e-01
-6.069580000000000197e+00
-4.858880000000000088e+00
2.343220000000000081e+00
2.681420000000000137e+00
1.046820000000000084e+00
2.886019999999999808e+00
1.682620000000000005e+00
1.833120000000000083e+00
3.537819999999999965e+00
2.053920000000000190e+00
3.674020000000000064e+00
-4.059800000000000075e-01
-1.029279999999999973e+00
1.685119999999999951e+00
1.024219999999999908e+00
