-1.201229999999999937e-01
-1.399723000000000050e+00
-1.997722999999999915e+00
-1.187422999999999895e+00
1.499769999999999992e-01
6.825769999999999893e-01
-1.790323000000000109e+00
-2.800230000000000219e-01
6.861770000000000369e-01
2.101077000000000083e+00
1.981776999999999900e+00
-2.151822999999999819e+00
-1.803230000000000111e-01
1.064577000000000107e+00
1.274677000000000060e+00
2.293769999999999976e-01
-1.014223000000000097e+00
-1.228123000000000076e+00
-2.405622999999999845e+00
-3.477323000000000164e+00
2.530777000000000054e+00
2.789677000000000184e+00
-1.562230000000000008e-01
-3.461230000000000140e-01
2.288276999999999894e+00
2.333476999999999801e+00
2.792476999999999876e+00
2.677776999999999852e+00
2.264777000000000040e+00
-3.123523000000000049e+00
-1.730123000000000077e+00
1.884676999999999936e+00
3.406770000000000076e-01
-1.795522999999999980e+00
-4.325122999999999607e+00
-3.794023000000000145e+00
-3.206423000000000023e+00
3.827477000000000018e+00
2.682376999999999789e+00
2.146577000000000179e+00
8.266769999999999952e-01
-8.859230000000000160e-01
3.728770000000000140e-01
-1.333023000000000069e+00
