-1.258059000000000038e+00
-1.961059000000000108e+00
-1.737359000000000098e+00
-6.286589999999999678e-01
-5.115900000000000308e-02
-3.728589999999999960e-01
7.041410000000000169e-01
2.983410000000000228e-01
-2.965758999999999812e+00
1.523410000000000042e-01
8.866410000000000124e-01
2.191241000000000216e+00
2.757540999999999798e+00
2.019540999999999809e+00
4.306409999999999960e-01
-1.217259000000000091e+00
3.013410000000000255e-01
-1.740589999999999915e-01
1.070141000000000009e+00
1.039410000000000056e-01
-3.534759000000000206e+00
-3.174558999999999909e+00
-8.646589999999999554e-01
2.777641000000000027e+00
3.779141000000000084e+00
2.498641000000000112e+00
1.202941000000000038e+00
9.236410000000000453e-01
-2.265899999999999859e-02
-4.524590000000000001e-01
-1.707359000000000071e+00
-1.975159000000000109e+00
