-2.546539999999999915e-01
-1.577453999999999912e+00
-2.308553999999999995e+00
-1.673953999999999942e+00
-2.854539999999999855e-01
3.729459999999999997e-01
-2.432853999999999850e+00
-1.809554000000000107e+00
-4.385539999999999994e-01
3.466460000000000097e-01
1.976459999999999884e-01
2.001459999999999906e-01
6.013460000000000472e-01
1.051145999999999914e+00
1.430846000000000062e+00
1.352845999999999993e+00
8.842459999999999765e-01
4.926459999999999728e-01
1.747846000000000011e+00
-2.225454000000000043e+00
7.975459999999999772e-01
3.212459999999999760e-01
-7.755399999999999794e-02
5.446000000000000320e-03
-2.459454000000000029e+00
-3.563540000000000041e-01
1.226045999999999969e+00
1.711459999999999926e-01
1.132646000000000042e+00
1.788046000000000024e+00
1.654746000000000050e+00
2.304645999999999972e+00
2.175145999999999802e+00
-3.229254000000000069e+00
-1.698654000000000108e+00
1.100046000000000079e+00
2.585459999999999980e-01
-4.568539999999999823e-01
-3.289540000000000242e-01
