-6.367639999999999967e-01
-1.960164000000000017e+00
-2.626364000000000143e+00
-1.929564000000000057e+00
-5.407640000000000224e-01
6.853599999999999970e-02
-2.629764000000000213e+00
-1.971063999999999927e+00
-5.962640000000000162e-01
1.284359999999999946e-01
7.363599999999999313e-02
5.692359999999999642e-01
1.048635999999999902e+00
8.401359999999999939e-01
1.207335999999999965e+00
1.794635999999999898e+00
2.019935999999999954e+00
1.653435999999999906e+00
1.436636000000000024e+00
-2.681563999999999837e+00
-2.612363999999999908e+00
1.212536000000000058e+00
-6.038639999999999564e-01
9.552359999999999740e-01
3.856359999999999788e-01
1.036035999999999957e+00
2.082336000000000187e+00
2.489435999999999982e+00
1.866535999999999973e+00
2.047836000000000212e+00
1.762536000000000103e+00
-3.685963999999999796e+00
-2.204263999999999779e+00
