-1.146557999999999966e+00
-2.460757999999999779e+00
-3.104658000000000140e+00
-2.385857999999999812e+00
-9.954579999999999540e-01
-4.327579999999999760e-01
-3.058158000000000154e+00
-2.347958000000000212e+00
-9.738580000000000014e-01
-2.755580000000000251e-01
-2.385579999999999923e-01
-2.297579999999999900e-01
2.863419999999999854e-01
2.430420000000000080e-01
7.301419999999999577e-01
1.216642000000000001e+00
1.283641999999999950e+00
8.075419999999999821e-01
9.294419999999999904e-01
-3.194758000000000209e+00
6.517420000000000435e-01
1.850942000000000087e+00
1.817442000000000002e+00
1.929041999999999923e+00
1.694342000000000015e+00
6.351419999999999844e-01
-2.929958000000000062e+00
-7.211579999999999657e-01
7.905419999999999670e-01
-4.445580000000000087e-01
-1.710579999999999878e-01
8.415420000000000122e-01
1.550642000000000076e+00
1.284642000000000062e+00
-4.194957999999999743e+00
-2.735257999999999967e+00
1.757341999999999960e+00
2.728441999999999812e+00
1.981041999999999970e+00
2.387842000000000020e+00
9.422420000000000240e-01
2.581942000000000181e+00
1.051841999999999944e+00
-1.636579999999999979e-01
2.317420000000000035e-01
