-5.020999999999999769e-02
-1.360309999999999908e+00
-2.029910000000000103e+00
-1.261710000000000109e+00
9.958999999999999797e-02
7.092899999999999761e-01
-1.958409999999999984e+00
-4.602100000000000080e-01
5.735900000000000443e-01
1.993389999999999995e+00
2.044890000000000096e+00
-2.065510000000000179e+00
-4.237099999999999755e-01
-9.649100000000000454e-01
-9.200099999999999945e-01
-3.318099999999999938e-01
2.138899999999999968e-01
1.680899999999999894e-01
-3.085100000000000064e-01
9.596900000000000430e-01
2.121490000000000098e+00
2.328889999999999905e+00
2.645989999999999842e+00
2.714989999999999792e+00
2.384290000000000020e+00
-3.057809999999999917e+00
-1.589010000000000034e+00
-1.422709999999999919e+00
-1.346309999999999896e+00
5.929900000000000171e-01
