-9.258459999999999468e-01
-2.246246000000000187e+00
-2.950346000000000135e+00
-2.296046000000000031e+00
-9.148460000000000480e-01
-2.682459999999999845e-01
-3.031445999999999863e+00
-2.409845999999999933e+00
-1.041546000000000083e+00
-2.879459999999999797e-01
-3.830459999999999976e-01
-8.008459999999999468e-01
-1.444459999999999911e-01
-9.331460000000000310e-01
-3.583459999999999979e-01
1.021454000000000084e+00
1.830354000000000037e+00
1.243154000000000092e+00
1.104354000000000058e+00
-2.922746000000000066e+00
3.178154000000000146e+00
4.022853999999999708e+00
1.675354000000000010e+00
8.825539999999999496e-01
-3.084745999999999988e+00
7.918539999999999468e-01
4.983540000000000192e-01
-1.683046000000000042e+00
-2.012545999999999946e+00
-1.022845999999999922e+00
1.857153999999999971e+00
1.587153999999999954e+00
1.459554000000000018e+00
-3.924545999999999868e+00
-2.416846000000000050e+00
5.046954000000000384e+00
4.005353999999999637e+00
3.753254000000000090e+00
1.555754000000000081e+00
1.651539999999999953e-01
3.807539999999999814e-01
