-2.310913000000000217e+00
-2.842112999999999889e+00
-3.030212999999999823e+00
-2.633413000000000004e+00
-2.075112999999999985e+00
-1.914813000000000098e+00
-2.801312999999999942e+00
-2.107813000000000159e+00
-1.789813000000000098e+00
-1.369912999999999936e+00
-3.220613000000000170e+00
-1.216013000000000011e+00
-1.944512999999999936e+00
-4.947130000000000138e-01
-3.121300000000000116e-02
1.324586999999999959e+00
2.204086999999999907e+00
1.766286999999999940e+00
4.222870000000000235e-01
-1.208212999999999981e+00
2.708987000000000034e+00
2.326086999999999794e+00
3.526086999999999971e+00
3.699686999999999948e+00
1.780386999999999942e+00
2.436287000000000091e+00
-1.006013000000000046e+00
-1.293512999999999913e+00
-3.628512999999999877e+00
-3.098212999999999884e+00
-1.202012999999999998e+00
-1.878130000000000077e-01
-1.817012999999999989e+00
-2.516013000000000055e+00
-2.413212999999999830e+00
5.298699999999999938e-02
3.211186999999999792e+00
1.565987000000000018e+00
1.985387000000000013e+00
4.762087000000000181e+00
3.135387000000000146e+00
3.412186999999999859e+00
2.615686999999999873e+00
3.404586999999999808e+00
1.812786999999999926e+00
