8.312699999999999534e-01
-4.868299999999999850e-01
-1.100030000000000063e+00
-3.538299999999999779e-01
1.028769999999999962e+00
1.585569999999999924e+00
-1.003430000000000044e+00
-3.492299999999999849e-01
1.045269999999999921e+00
1.737270000000000092e+00
2.947169999999999845e+00
-1.261730000000000018e+00
1.793169999999999931e+00
-1.053330000000000100e+00
-3.863300000000000067e-01
1.108170000000000099e+00
-2.461530000000000218e+00
-3.170430000000000081e+00
-2.489230000000000054e+00
-1.101529999999999898e+00
2.820069999999999855e+00
3.579569999999999919e+00
3.233369999999999855e+00
-2.265429999999999833e+00
-8.270300000000000429e-01
1.851869999999999905e+00
2.820370000000000044e+00
1.544270000000000032e+00
1.288170000000000037e+00
-3.030930000000000124e+00
-4.256929999999999659e+00
-3.039730000000000043e+00
-5.768299999999999539e-01
