-3.401521999999999935e+00
-4.703122999999999720e+00
-5.243723000000000134e+00
-4.427823000000000064e+00
-3.034321999999999964e+00
-2.580222000000000016e+00
-5.021622999999999948e+00
-4.279722999999999722e+00
-2.902521999999999824e+00
-2.270221999999999962e+00
-1.236622000000000110e+00
-5.539222999999999786e+00
-8.416219999999999812e-01
3.530780000000000030e-01
1.778577999999999992e+00
2.529678000000000093e+00
3.919678000000000218e+00
4.556176999999999921e+00
3.810677999999999788e+00
2.418778000000000095e+00
1.612378000000000089e+00
2.245677999999999841e+00
4.531677000000000177e+00
5.953177000000000163e+00
-6.104022999999999755e+00
-4.778922999999999810e+00
-2.323522000000000087e+00
-8.142220000000000013e-01
-6.615220000000000544e-01
-6.533322000000000074e+00
-5.159822000000000131e+00
2.029177999999999926e+00
5.635577999999999754e+00
4.358077999999999896e+00
1.463778000000000024e+00
2.761978000000000044e+00
2.925978000000000190e+00
6.282976999999999812e+00
6.424977000000000160e+00
6.265577999999999648e+00
