-1.429003000000000023e+00
-2.766303000000000178e+00
-3.525002999999999886e+00
-2.810602999999999962e+00
-1.432202999999999893e+00
-7.278029999999999777e-01
-3.345102999999999938e+00
-2.337902999999999842e+00
-1.123302999999999940e+00
2.517969999999999930e-01
1.515296999999999894e+00
6.342969999999999997e-01
-3.406102999999999881e+00
1.469197000000000086e+00
2.608496999999999844e+00
3.824796999999999780e+00
3.892097000000000140e+00
2.743297000000000097e+00
3.524970000000000048e-01
5.363997000000000348e+00
5.198896999999999657e+00
-4.334202999999999584e+00
-2.579702999999999857e+00
6.366969999999999574e-01
8.926969999999999628e-01
1.252496999999999971e+00
1.043997000000000064e+00
-4.411703000000000152e+00
-2.868602999999999792e+00
5.306969999999999743e-01
2.530896999999999952e+00
2.827697000000000127e+00
-4.723029999999999728e-01
