-1.647005000000000052e+00
-2.705804999999999794e+00
-2.968004999999999782e+00
-2.103404999999999969e+00
-9.607050000000000312e-01
-8.029049999999999798e-01
-2.333404999999999951e+00
-1.468104999999999993e+00
-3.580050000000000177e-01
-9.640500000000000458e-02
6.150949999999999473e-01
1.625594999999999901e+00
1.505695000000000006e+00
2.391294999999999948e+00
2.294294999999999973e+00
1.299195000000000100e+00
4.079949999999999966e-01
5.154950000000000365e-01
3.108949999999999769e-01
-3.577405000000000168e+00
2.697494999999999976e+00
-3.208004999999999995e+00
-1.671904999999999974e+00
6.579500000000000626e-02
1.132295000000000051e+00
3.194094999999999906e+00
3.004195000000000171e+00
1.220094999999999930e+00
-3.770049999999999790e-01
-2.125049999999999994e-01
7.179950000000000498e-01
3.477950000000000208e-01
-4.395904999999999951e+00
-3.412205000000000155e+00
2.572095000000000020e+00
3.680695000000000050e+00
2.700594999999999857e+00
