-1.501182000000000016e+00
-2.824381999999999948e+00
-3.660982000000000181e+00
-3.138781999999999961e+00
-1.763382000000000005e+00
-9.885819999999999608e-01
-4.003481999999999985e+00
-3.499082000000000026e+00
-2.144282000000000021e+00
-1.249681999999999960e+00
-1.655381999999999909e+00
-2.005820000000000103e-01
5.618180000000000396e-01
-5.108200000000000240e-02
6.921180000000000110e-01
2.075918000000000152e+00
2.735218000000000149e+00
1.989317999999999920e+00
3.928180000000000005e-01
-3.357082000000000122e+00
4.136718000000000117e+00
4.828217999999999677e+00
4.125117999999999618e+00
2.730118000000000045e+00
-4.232382000000000311e+00
-1.978582000000000063e+00
-2.112481999999999971e+00
2.393180000000000029e-01
-1.132182000000000022e+00
1.877179999999999960e-01
2.637617999999999796e+00
8.572180000000000355e-01
9.030179999999999874e-01
-4.357382000000000311e+00
-2.747981999999999925e+00
4.707417999999999658e+00
5.913718000000000252e+00
4.656918000000000113e+00
2.228617999999999988e+00
