7.726429999999999687e-01
-5.577569999999999473e-01
-1.202356999999999898e+00
-3.642569999999999975e-01
1.010842999999999936e+00
1.591842999999999897e+00
-6.866569999999999618e-01
4.833430000000000226e-01
1.531843000000000066e+00
2.944342999999999932e+00
-1.320057000000000036e+00
-1.029570000000000068e-01
6.295429999999999637e-01
7.904300000000000215e-02
-1.208657000000000092e+00
-1.947456999999999994e+00
-1.399256999999999973e+00
4.908429999999999738e-01
-1.618956999999999979e+00
3.584642999999999802e+00
3.308443000000000023e+00
-2.321756999999999849e+00
-8.771569999999999645e-01
1.636042999999999914e+00
6.557429999999999648e-01
-1.637756999999999907e+00
-2.953956999999999944e+00
-1.992356999999999934e+00
1.521342999999999890e+00
-4.915699999999999931e-02
