-7.409609999999999808e-01
-2.071060999999999819e+00
-2.777060999999999780e+00
-2.093461000000000016e+00
-7.000610000000000444e-01
-7.876099999999999768e-02
-2.787660999999999945e+00
-2.120960999999999874e+00
-7.339609999999999745e-01
-2.056099999999999942e-02
2.373899999999999968e-02
8.338999999999999191e-03
5.583390000000000297e-01
4.976389999999999980e-01
1.020639000000000074e+00
1.613639000000000046e+00
1.673839000000000077e+00
1.147038999999999920e+00
1.305439000000000016e+00
-2.755460999999999938e+00
2.085738999999999788e+00
2.704038999999999859e+00
-3.875560999999999812e+00
-2.683161000000000129e+00
-4.357610000000000094e-01
1.057938999999999963e+00
-3.055610000000000270e-01
3.703900000000000248e-02
9.579389999999999850e-01
2.121039000000000119e+00
1.215838999999999892e+00
1.853039000000000103e+00
1.701839000000000102e+00
-3.764361000000000068e+00
-2.250961000000000212e+00
3.026638999999999857e+00
1.992739000000000038e+00
3.592839000000000116e+00
