-6.060769999999999769e-01
-1.225576999999999916e+00
-1.235476999999999936e+00
-5.473770000000000024e-01
1.475229999999999875e-01
5.532299999999999718e-02
9.401230000000000420e-01
3.296229999999999993e-01
1.085523000000000016e+00
2.487423000000000162e+00
3.108023000000000202e+00
2.338423000000000140e+00
-1.887677000000000049e+00
7.001230000000000508e-01
3.508223000000000091e+00
-1.277177000000000007e+00
-5.718769999999999687e-01
3.881229999999999958e-01
5.659229999999999539e-01
-1.363769999999999982e-01
-1.428876999999999953e+00
1.955022999999999955e+00
3.234823000000000004e+00
-1.501576999999999940e+00
-2.540477000000000096e+00
-2.650876999999999928e+00
-1.694477000000000011e+00
-6.581770000000000120e-01
-5.648769999999999625e-01
2.414229999999999987e-01
1.636822999999999917e+00
4.085623000000000005e+00
3.466123000000000065e+00
-3.753976999999999897e+00
-7.555770000000000541e-01
4.191923000000000066e+00
2.843623000000000012e+00
-2.356377000000000166e+00
-1.891677000000000053e+00
7.600230000000000041e-01
5.573230000000000128e-01
-1.243977000000000110e+00
-2.329877000000000198e+00
-8.007769999999999611e-01
4.579230000000000245e-01
-1.078576999999999897e+00
-1.660476999999999981e+00
-2.190676999999999985e+00
-3.277076999999999796e+00
-1.754177000000000097e+00
7.612299999999999622e-02
2.454230000000000023e-01
-4.904769999999999963e-01
1.792229999999999934e-01
1.664123000000000019e+00
2.379223000000000088e+00
4.455822999999999645e+00
2.719222999999999946e+00
3.423922999999999828e+00
-4.059276999999999802e+00
-4.638976999999999684e+00
-3.419176999999999911e+00
