-7.102370000000000072e-01
-1.334437000000000095e+00
-1.328937000000000035e+00
-6.480369999999999742e-01
1.956300000000000053e-02
-5.683699999999999863e-02
7.371630000000000127e-01
3.336299999999999683e-02
6.964630000000000543e-01
2.101363000000000092e+00
2.817663000000000029e+00
2.138663000000000203e+00
-2.021437000000000150e+00
6.041630000000000056e-01
3.002663000000000082e+00
-1.335736999999999952e+00
-6.332370000000000498e-01
-8.763700000000000656e-02
-1.973700000000000107e-02
-7.637369999999999992e-01
-1.761737000000000108e+00
1.036763000000000101e+00
2.233563000000000187e+00
-1.361437000000000008e+00
-2.089637000000000189e+00
-1.736337000000000019e+00
-6.685370000000000479e-01
6.796299999999999564e-02
-2.749369999999999870e-01
-5.057369999999999921e-01
7.446629999999999638e-01
3.024963000000000068e+00
2.458263000000000087e+00
-2.449637000000000064e+00
-1.055136999999999992e+00
3.906463000000000019e+00
2.716362999999999861e+00
-2.521437000000000150e+00
-2.047836999999999907e+00
7.053629999999999622e-01
4.838629999999999876e-01
-1.268237000000000059e+00
-2.395837000000000216e+00
-8.777369999999999894e-01
4.096629999999999994e-01
-1.113736999999999977e+00
-1.988636999999999988e+00
-2.693937000000000026e+00
-2.937336999999999865e+00
-4.163370000000000126e-01
9.075630000000000086e-01
3.093629999999999991e-01
-1.383936999999999973e+00
-3.941370000000000151e-01
5.819630000000000081e-01
1.593863000000000030e+00
3.487963000000000147e+00
2.269162999999999819e+00
1.793463000000000029e+00
