3.930549999999999877e-01
-9.297450000000000436e-01
-1.592945000000000055e+00
-8.878449999999999953e-01
5.154549999999999965e-01
1.102254999999999985e+00
-1.624044999999999961e+00
-1.021544999999999925e+00
3.594550000000000245e-01
1.130854999999999944e+00
2.477155000000000218e+00
-1.654144999999999976e+00
3.216355000000000075e+00
-2.712445000000000217e+00
-1.632044999999999968e+00
8.199549999999999894e-01
2.922054999999999847e+00
2.959154999999999980e+00
-2.662244999999999973e+00
-1.178744999999999932e+00
