-9.368239999999999901e-01
-2.250424000000000202e+00
-2.842324000000000073e+00
-2.044524000000000008e+00
-6.501240000000000352e-01
-1.578239999999999921e-01
7.447600000000000053e-02
-6.325239999999999752e-01
1.357599999999999953e-02
1.395175999999999972e+00
2.139476000000000155e+00
1.476375999999999911e+00
-3.037123999999999935e+00
1.192476000000000091e+00
-2.121424000000000198e+00
-2.773524000000000100e+00
2.044675999999999938e+00
3.633275999999999950e+00
-5.801239999999999730e-01
2.100976000000000177e+00
-4.038724000000000203e+00
-2.614424000000000081e+00
1.731975999999999960e+00
1.652376000000000067e+00
-2.592823999999999796e+00
-2.275024000000000157e+00
-3.821823999999999888e+00
-2.765823999999999838e+00
2.614075999999999844e+00
2.711376000000000008e+00
1.300975999999999910e+00
4.062476000000000198e+00
4.110576000000000008e+00
3.881076000000000192e+00
