-8.715460000000000429e-01
-2.145045999999999786e+00
-2.848845999999999989e+00
-2.145345999999999975e+00
-8.260459999999999470e-01
-1.823460000000000081e-01
-2.633745999999999921e+00
-1.652946000000000026e+00
-5.131459999999999910e-01
7.234540000000000415e-01
1.106454000000000049e+00
-2.777245999999999881e+00
7.673539999999999806e-01
1.959154000000000062e+00
3.107153999999999971e+00
3.073653999999999886e+00
1.882053999999999894e+00
4.574353999999999587e+00
-3.574746000000000201e+00
-1.855245999999999951e+00
1.670554000000000094e+00
1.487654000000000032e+00
-3.736245999999999956e+00
-2.281045999999999907e+00
-1.222459999999999936e-01
1.980153999999999970e+00
3.966254000000000168e+00
1.867553999999999936e+00
