-3.873219999999999996e-01
-1.499722000000000000e+00
-1.985322000000000031e+00
-1.297922000000000020e+00
-1.267220000000000013e-01
2.777780000000000249e-01
6.193779999999999841e-01
2.474780000000000035e-01
8.966779999999999751e-01
1.963478000000000057e+00
2.362578000000000067e+00
1.692777999999999894e+00
-2.185322000000000209e+00
1.442777999999999894e+00
2.822077999999999864e+00
-3.023121999999999865e+00
-1.871321999999999930e+00
5.284780000000000033e-01
-6.337220000000000075e-01
-1.049422000000000077e+00
-2.389822000000000113e+00
1.466877999999999904e+00
2.628578000000000081e+00
-2.390721999999999792e+00
-2.903221999999999969e+00
-2.890022000000000091e+00
-2.367821999999999871e+00
-1.863822000000000090e+00
-1.876322000000000045e+00
-2.579219999999999846e-01
7.039779999999999927e-01
3.060777999999999999e+00
3.284578000000000220e+00
2.765077999999999925e+00
4.803078000000000181e+00
-5.772220000000000129e-01
3.191377999999999826e+00
2.010278000000000009e+00
-3.032722000000000140e+00
-1.842821999999999960e+00
1.711978000000000000e+00
1.644177999999999917e+00
-3.364721999999999991e+00
-3.875922000000000089e+00
-2.711921999999999944e+00
-1.078621999999999970e+00
-2.220422000000000118e+00
-2.878721999999999781e+00
-2.974321999999999910e+00
-3.315821999999999825e+00
-3.289921999999999791e+00
-2.357822000000000084e+00
-1.462321999999999900e+00
-1.478822000000000081e+00
-9.464219999999999855e-01
2.863780000000000214e-01
1.507779999999999954e-01
1.360478000000000076e+00
3.020977999999999941e+00
3.196778000000000119e+00
1.675278000000000045e+00
3.011378000000000110e+00
5.280278000000000027e+00
5.139478000000000435e+00
5.162078000000000166e+00
