2.432977000000000167e+00
1.189176999999999929e+00
1.074770000000000031e-01
2.941770000000000218e-01
1.545676999999999968e+00
2.604477000000000153e+00
-9.538229999999999764e-01
-6.811230000000000340e-01
4.733769999999999922e-01
1.751176999999999984e+00
9.937699999999999312e-02
-4.262300000000000116e-02
-4.670230000000000214e-01
-5.558229999999999560e-01
-9.917230000000000212e-01
-1.362822999999999896e+00
-1.301223000000000019e+00
-8.793229999999999658e-01
3.907976999999999812e+00
1.010377000000000081e+00
-1.004223000000000088e+00
-1.356022999999999978e+00
-7.833229999999999915e-01
-1.924722999999999962e+00
-1.447022999999999948e+00
-1.650822999999999929e+00
-1.595523000000000025e+00
-4.224229999999999929e-01
6.962770000000000348e-01
2.260977000000000015e+00
2.428676999999999975e+00
-8.381229999999999514e-01
8.785770000000000524e-01
3.906769999999999965e-01
-2.697229999999999905e-01
-1.700822999999999974e+00
-1.573123000000000049e+00
4.206476999999999578e+00
4.604877000000000109e+00
7.947700000000000597e-02
1.810677000000000092e+00
-1.288523000000000085e+00
-2.387322999999999862e+00
-6.542229999999999990e-01
-1.920922999999999936e+00
-1.858722999999999903e+00
-2.861822999999999784e+00
