-1.693070999999999993e+00
-2.667070999999999970e+00
-3.151171000000000166e+00
-2.635270999999999919e+00
-1.602970999999999924e+00
-1.168171000000000070e+00
-3.188571000000000044e+00
-2.748371000000000119e+00
-1.743071000000000037e+00
-1.138770999999999978e+00
-1.359771000000000063e+00
-1.090710000000000013e-01
5.278289999999999926e-01
1.746528999999999998e+00
2.438229000000000202e+00
1.898829000000000100e+00
6.946290000000000520e-01
2.132900000000000074e-02
-1.591710000000000069e-01
-3.204571000000000058e+00
2.666290000000000049e-01
-9.574709999999999610e-01
2.588728999999999836e+00
2.196128999999999998e+00
-2.217099999999999974e-02
3.616629000000000094e+00
4.715228999999999893e+00
-3.252070999999999934e+00
-2.151070999999999955e+00
-1.290370999999999935e+00
3.157289999999999819e-01
2.169429000000000052e+00
-9.167710000000000026e-01
-3.682710000000000150e-01
7.619289999999999674e-01
-3.950270999999999866e+00
-2.855871000000000048e+00
-1.146670999999999996e+00
-1.795371000000000050e+00
-8.827709999999999724e-01
2.743529000000000106e+00
2.458629000000000175e+00
1.124528999999999890e+00
2.431290000000000118e-01
-3.151709999999999789e-01
8.905290000000000150e-01
5.634629000000000332e+00
4.780329000000000050e+00
4.640329000000000370e+00
