-1.836893000000000109e+00
-3.122492999999999963e+00
-3.851592999999999822e+00
-3.239692999999999934e+00
-1.900392999999999999e+00
-1.244893000000000027e+00
-3.954193000000000069e+00
-3.349393000000000065e+00
-2.006892999999999816e+00
-1.293293000000000026e+00
8.370700000000000363e-02
-3.733493000000000173e+00
-1.430593000000000004e+00
-2.304930000000000034e-01
5.385069999999999579e-01
1.721106999999999942e+00
2.179907000000000039e+00
1.395907000000000009e+00
2.159069999999999878e-01
2.462206999999999812e+00
2.091406999999999794e+00
1.722307000000000032e+00
2.048407000000000089e+00
3.370906999999999876e+00
4.437907000000000046e+00
-5.005593000000000181e+00
-3.938193000000000055e+00
6.748070000000000457e-01
5.188070000000000181e-01
-4.707792999999999672e+00
-3.209792999999999896e+00
-1.896592999999999973e+00
2.289069999999999994e-01
-3.659930000000000128e-01
2.698007000000000044e+00
1.036907000000000023e+00
2.296406999999999865e+00
1.778907000000000016e+00
3.125807000000000002e+00
1.490307000000000048e+00
5.368907000000000096e+00
4.304507000000000083e+00
4.527807000000000137e+00
