-8.924619999999999775e-01
-2.051362000000000130e+00
-2.761261999999999883e+00
-2.267361999999999878e+00
-1.063261999999999929e+00
-4.171619999999999773e-01
-5.115619999999999612e-01
-9.118619999999999504e-01
-3.706619999999999915e-01
5.812380000000000324e-01
9.650379999999999514e-01
4.388380000000000059e-01
-2.543762000000000079e+00
8.082380000000000120e-01
1.191737999999999964e+00
-2.728461999999999943e+00
-3.106862000000000013e+00
1.026237999999999984e+00
1.927537999999999974e+00
1.470037999999999956e+00
2.308338000000000001e+00
3.613237999999999950e+00
4.083537999999999890e+00
3.247138000000000080e+00
-8.739620000000000166e-01
-1.889861999999999931e+00
-2.794619999999999882e-01
-1.646962000000000037e+00
1.703138000000000041e+00
7.870380000000000154e-01
-3.417861999999999956e+00
-2.029361999999999888e+00
1.188337999999999894e+00
1.009438000000000057e+00
1.854638000000000009e+00
-3.372662000000000049e+00
-2.843662000000000134e+00
-1.690762000000000098e+00
-3.045161999999999924e+00
-4.160762000000000072e+00
1.284837999999999925e+00
-1.176199999999999989e-02
4.550379999999999980e-01
1.942938000000000054e+00
4.266338000000000186e+00
5.104837999999999987e+00
3.630538000000000043e+00
