-2.036712000000000078e+00
-3.414412000000000003e+00
-4.136212000000000444e+00
-3.410012000000000043e+00
-2.042911999999999839e+00
-1.258111999999999897e+00
-3.959312000000000165e+00
-2.953311999999999937e+00
-1.730812000000000017e+00
-3.191200000000000286e-02
-4.001611999999999725e+00
1.176088000000000022e+00
-3.260911999999999811e+00
2.186987999999999932e+00
3.366687999999999903e+00
3.539287999999999990e+00
2.547187999999999786e+00
1.378787999999999903e+00
-3.650120000000000031e-01
5.187999999999999903e-03
2.839588000000000001e+00
1.877288000000000068e+00
4.262387999999999622e+00
5.509687999999999697e+00
-1.545412000000000008e+00
-4.951912000000000091e+00
-5.010612000000000066e+00
-3.485612000000000155e+00
-3.083212000000000064e+00
-2.627111999999999892e+00
-4.304812000000000083e+00
2.075687999999999978e+00
4.436887999999999721e+00
5.973880000000000301e-01
3.880879999999999885e-01
-3.501119999999999788e-01
-6.919119999999999715e-01
2.271288000000000196e+00
9.311880000000000157e-01
1.729988000000000081e+00
6.118687999999999683e+00
5.364387999999999934e+00
6.049188000000000009e+00
