-8.597499999999999587e-02
-1.377375000000000016e+00
-2.030975000000000197e+00
-1.328875000000000028e+00
2.722499999999999920e-02
5.961250000000000160e-01
8.102249999999999730e-01
7.700249999999999595e-01
1.510324999999999918e+00
2.332425000000000193e+00
2.388724999999999987e+00
1.631524999999999892e+00
-2.084474999999999856e+00
1.943025000000000002e+00
3.304524999999999935e+00
-2.079075000000000006e+00
-2.121774999999999967e+00
1.431124999999999980e+00
6.905250000000000554e-01
5.224999999999999610e-03
1.532250000000000001e-01
3.025525000000000020e+00
1.693224999999999980e+00
-3.055874999999999897e+00
-1.597275000000000000e+00
2.395525000000000126e+00
2.214325000000000099e+00
-2.684375000000000178e+00
-1.058075000000000099e+00
-2.474174999999999791e+00
-3.165674999999999795e+00
-1.778874999999999984e+00
