-1.627015000000000100e+00
-2.861714999999999787e+00
-3.517014999999999780e+00
-2.908914999999999917e+00
-1.608915000000000095e+00
-1.007314999999999960e+00
-3.649515000000000065e+00
-3.135914999999999786e+00
-1.866814999999999891e+00
-1.076214999999999922e+00
-1.433715000000000073e+00
-4.133149999999999880e-01
5.083849999999999758e-01
6.008499999999999952e-02
9.525850000000000151e-01
2.313584999999999781e+00
2.803084999999999827e+00
1.904085000000000027e+00
2.796850000000000169e-01
-3.495715000000000128e+00
3.079850000000000088e-01
4.180485000000000007e+00
4.687784999999999869e+00
3.824384999999999923e+00
2.452885000000000204e+00
-8.402150000000000452e-01
-3.807714999999999961e+00
-2.297614999999999963e+00
-1.064515000000000100e+00
-1.000415000000000054e+00
5.844850000000000323e-01
2.993384999999999962e+00
4.110849999999999782e-01
1.015185000000000004e+00
-4.437515000000000320e+00
-3.019614999999999938e+00
3.924849999999999728e-01
1.061085000000000056e+00
5.585849999999999982e-01
4.876084999999999781e+00
5.757484999999999964e+00
4.213784999999999670e+00
1.800585000000000102e+00
1.068500000000000005e-02
-1.352214999999999945e+00
-1.528014999999999901e+00
