2.299942000000000153e+00
1.713441999999999910e+00
1.372041999999999984e+00
1.626241999999999965e+00
2.237442000000000153e+00
2.560141999999999918e+00
1.255441999999999947e+00
1.451642000000000099e+00
2.021841999999999917e+00
2.451541999999999888e+00
2.169642000000000071e+00
3.172741999999999951e+00
1.447842000000000073e+00
3.141741999999999813e+00
1.029841999999999924e+00
6.146420000000000217e-01
-3.267579999999999929e-01
-1.308157999999999932e+00
-1.177758000000000083e+00
-1.200579999999999981e-01
-2.326058000000000181e+00
-3.223057999999999979e+00
-3.078358000000000150e+00
-2.085258000000000056e+00
-3.970957999999999988e+00
-3.342557999999999918e+00
-4.247758000000000145e+00
-4.432757999999999754e+00
1.122441999999999940e+00
3.051941999999999933e+00
2.452141999999999822e+00
4.117242000000000068e+00
2.617242000000000068e+00
1.005341999999999958e+00
1.701742000000000088e+00
3.240841999999999778e+00
2.572842000000000073e+00
4.159641999999999840e+00
1.480242000000000058e+00
8.684200000000000252e-02
2.554420000000000024e-01
-8.798580000000000290e-01
-6.011579999999999702e-01
2.149419999999999942e-01
-2.387957999999999803e+00
-2.019658000000000175e+00
-4.123058000000000334e+00
-2.624557999999999947e+00
-2.854357999999999951e+00
-4.655458000000000318e+00
-5.295857999999999954e+00
-3.563658000000000214e+00
