-1.749535999999999980e+00
-2.562936000000000103e+00
-2.949136000000000202e+00
-2.489536000000000193e+00
-1.624935999999999936e+00
-1.289336000000000038e+00
-2.909736000000000100e+00
-2.503735999999999962e+00
-1.652136000000000049e+00
-1.203935999999999895e+00
-1.233036000000000021e+00
-9.136000000000000024e-03
6.400639999999999663e-01
1.827663999999999955e+00
2.532064000000000092e+00
2.033863999999999894e+00
8.610640000000000516e-01
1.765639999999999987e-01
-4.507360000000000255e-01
-3.030736000000000097e+00
-1.091359999999999969e-01
3.679263999999999868e+00
4.811563999999999730e+00
4.736639999999999739e-01
-7.249360000000000248e-01
2.737963999999999842e+00
2.302064000000000110e+00
-3.577735999999999805e+00
-2.859636000000000067e+00
-2.035635999999999779e+00
-1.114535999999999971e+00
3.829640000000000266e-01
2.216963999999999935e+00
-7.364359999999999795e-01
-8.185360000000000413e-01
4.864640000000000075e-01
-3.650736000000000203e+00
-2.753535999999999984e+00
5.702963999999999700e+00
4.930363999999999969e+00
4.735263999999999918e+00
-8.912360000000000282e-01
-1.587336000000000080e+00
-6.262360000000000149e-01
2.885763999999999996e+00
2.484363999999999795e+00
1.243363999999999914e+00
