-3.481589999999999963e-01
-1.498358999999999996e+00
-2.358559000000000072e+00
-2.041259000000000157e+00
-8.450590000000000046e-01
-2.705899999999999972e-02
-2.980958999999999914e+00
-2.788959000000000188e+00
-1.616158999999999901e+00
-6.245589999999999753e-01
1.167840999999999907e+00
-1.823658999999999919e+00
6.552409999999999624e-01
1.779341000000000061e+00
1.492040999999999951e+00
1.674541000000000057e+00
1.390141000000000071e+00
9.235409999999999453e-01
7.374410000000000132e-01
1.008440999999999921e+00
8.546409999999999840e-01
-2.059000000000000066e-03
1.610441000000000011e+00
1.282440999999999942e+00
-3.904459000000000124e+00
-3.547858999999999874e+00
-1.464658999999999933e+00
1.068940999999999919e+00
1.907240999999999964e+00
-2.694659000000000137e+00
-1.193759000000000015e+00
4.321409999999999973e-01
1.003441000000000027e+00
2.700140999999999902e+00
2.013240999999999836e+00
2.037640999999999813e+00
6.945409999999999640e-01
3.834409999999999763e-01
-1.753589999999999871e-01
-9.743589999999999751e-01
4.783410000000000162e-01
1.490941000000000072e+00
1.906541000000000041e+00
2.172409999999999897e-01
