-3.510050000000000114e-01
-1.576405000000000056e+00
-2.530705000000000204e+00
-2.226105000000000000e+00
-9.856049999999999534e-01
-7.020500000000000351e-02
-3.175704999999999778e+00
-2.891105000000000036e+00
-1.633604999999999974e+00
-6.942049999999999610e-01
1.202695000000000070e+00
-1.873904999999999932e+00
-1.282604999999999995e+00
9.195000000000000048e-03
5.975949999999999873e-01
1.864495000000000013e+00
2.558695000000000164e+00
2.001694999999999780e+00
7.427949999999999831e-01
1.623950000000000116e-01
1.001395000000000035e+00
2.303995000000000015e+00
3.598094999999999821e+00
-2.284405000000000019e+00
-4.165104999999999613e+00
-3.677404999999999813e+00
1.598594999999999988e+00
1.840794999999999959e+00
-2.793004999999999960e+00
-1.171804999999999986e+00
5.209500000000000242e-02
3.543295000000000083e+00
2.585995000000000044e+00
4.386950000000000016e-01
1.903995000000000104e+00
1.251495000000000024e+00
3.813095000000000123e+00
3.619695000000000107e+00
4.369894999999999641e+00
-2.545205000000000162e+00
-1.939005000000000090e+00
-3.193604999999999805e+00
