6.094840000000000257e-01
-5.820159999999999778e-01
-1.574915999999999983e+00
-1.349315999999999960e+00
-1.488160000000000038e-01
8.051840000000000108e-01
-2.351815999999999907e+00
-2.164515999999999885e+00
-9.455160000000000231e-01
6.098399999999999654e-02
-7.024160000000000403e-01
-4.985160000000000147e-01
4.644840000000000080e-01
9.583840000000000137e-01
1.929983999999999922e+00
2.437584000000000195e+00
1.966483999999999899e+00
9.924840000000000328e-01
2.076983999999999941e+00
-8.015160000000000062e-01
2.545284000000000102e+00
3.632784000000000013e+00
-1.402616000000000085e+00
-3.307516000000000123e+00
-2.967816000000000010e+00
1.818839999999999901e-01
-1.535315999999999903e+00
5.779840000000000533e-01
2.275583999999999829e+00
6.624839999999999618e-01
2.162284000000000095e+00
2.713184000000000040e+00
-1.694515999999999911e+00
-6.961599999999999733e-02
-9.235160000000000036e-01
-1.704015999999999975e+00
-2.329216000000000175e+00
