3.525289999999999813e-01
-6.675710000000000255e-01
-1.184671000000000030e+00
-6.438709999999999711e-01
4.268290000000000139e-01
8.764290000000000136e-01
-1.173470999999999931e+00
-6.513710000000000333e-01
4.030290000000000261e-01
9.615289999999999671e-01
1.969429000000000096e+00
-1.215970999999999913e+00
1.008429000000000020e+00
-1.272871000000000086e+00
3.496290000000000231e-01
9.689290000000000402e-01
2.235828999999999844e+00
2.897529000000000021e+00
2.289728999999999903e+00
-8.854710000000000081e-01
-1.575971000000000011e+00
-2.133370999999999906e+00
2.138129000000000168e+00
2.224829000000000168e+00
-1.990871000000000057e+00
-8.444709999999999717e-01
-1.889470999999999901e+00
-4.792710000000000026e-01
4.957289999999999752e-01
2.708028999999999797e+00
3.886928999999999856e+00
2.821528999999999954e+00
-2.531871000000000205e+00
-1.016470999999999902e+00
-1.792370999999999936e+00
-2.517071000000000058e+00
-1.555871000000000004e+00
-2.992671000000000081e+00
