7.237470000000000292e-01
-5.736529999999999685e-01
-1.135053000000000090e+00
-3.301529999999999743e-01
1.026246999999999909e+00
1.514246999999999899e+00
-1.015752999999999906e+00
-7.365299999999999625e-02
1.196647000000000016e+00
1.918347000000000024e+00
1.034446999999999894e+00
1.216470000000000051e-01
6.114469999999999628e-01
-1.910530000000000006e-01
-1.487052999999999958e+00
-1.984852999999999978e+00
-1.189753000000000061e+00
2.845146999999999871e+00
-1.379852999999999996e+00
-1.596452999999999900e+00
-2.937152999999999903e+00
1.726469999999999949e-01
1.438846999999999987e+00
-1.657453000000000065e+00
-1.687953000000000037e+00
-6.141529999999999490e-01
2.364469999999999905e-01
1.876646999999999954e+00
2.459747000000000128e+00
2.676247000000000043e+00
7.278470000000000217e-01
2.030447000000000113e+00
1.635046999999999917e+00
-2.124953000000000092e+00
-3.001653000000000127e+00
3.549446999999999797e+00
3.092547000000000157e+00
-2.366052999999999962e+00
-9.856530000000000014e-01
-3.095753000000000199e+00
-3.098653000000000102e+00
-3.655152999999999874e+00
1.551447000000000020e+00
2.255647000000000180e+00
1.486947000000000019e+00
