-2.105299999999999949e-01
-1.537630000000000052e+00
-2.294529999999999959e+00
-1.682330000000000103e+00
-2.921300000000000008e-01
3.934699999999999864e-01
-2.466730000000000089e+00
-1.866530000000000022e+00
-4.945300000000000251e-01
3.164699999999999736e-01
1.171699999999999964e-01
2.168700000000000072e-01
6.425699999999999745e-01
7.098700000000000010e-01
1.100470000000000059e+00
1.422269999999999923e+00
1.351969999999999894e+00
9.589699999999999891e-01
1.775570000000000093e+00
-2.161830000000000140e+00
1.901969999999999938e+00
-2.536029999999999784e+00
-4.965300000000000269e-01
1.114770000000000039e+00
1.655699999999999950e-01
4.542700000000000071e-01
1.145070000000000032e+00
1.597269999999999968e+00
9.134700000000000042e-01
2.302669999999999995e+00
2.220769999999999911e+00
-3.167629999999999946e+00
-1.614530000000000021e+00
