-2.253779999999999950e-01
-8.124780000000000335e-01
-8.480779999999999985e-01
-2.417779999999999929e-01
3.959219999999999962e-01
3.554220000000000157e-01
1.058421999999999974e+00
3.152220000000000022e-01
9.112219999999999764e-01
2.294821999999999917e+00
3.062222000000000222e+00
2.437721999999999944e+00
-1.415478000000000014e+00
9.792220000000000368e-01
-9.648780000000000134e-01
-2.841779999999999862e-01
1.392220000000000124e-01
-4.057780000000000276e-01
-7.479780000000000317e-01
-9.762779999999999792e-01
-2.256877999999999940e+00
-2.464278000000000191e+00
-1.396478000000000108e+00
-1.198779999999999984e-01
8.982199999999999906e-02
2.992322000000000148e+00
3.225321999999999800e+00
3.353222000000000147e+00
-7.583779999999999966e-01
4.132621999999999574e+00
3.034622000000000153e+00
-1.869377999999999984e+00
-1.406678000000000095e+00
9.974220000000000308e-01
8.824220000000000397e-01
-9.488779999999999992e-01
-4.549779999999999935e-01
-2.010677999999999965e+00
-8.141779999999999573e-01
7.419219999999999704e-01
-1.213278000000000079e+00
-8.058779999999999832e-01
3.675220000000000153e-01
-1.703378000000000059e+00
-3.041780000000000039e-01
-3.103378000000000192e+00
-3.461577999999999822e+00
-1.559577999999999909e+00
7.149219999999999464e-01
1.092621999999999982e+00
