-7.627500000000000391e-01
-2.079549999999999788e+00
-2.973949999999999871e+00
-2.520649999999999835e+00
-1.159950000000000037e+00
-3.206499999999999906e-01
-3.442250000000000032e+00
-3.008950000000000014e+00
-1.669450000000000101e+00
-7.177499999999999991e-01
-1.261749999999999927e+00
1.890499999999999958e-01
9.151500000000000190e-01
2.318550000000000111e+00
3.178650000000000198e+00
2.616350000000000176e+00
1.229149999999999965e+00
3.731499999999999817e-01
1.057450000000000001e+00
-2.541650000000000187e+00
4.671350000000000335e+00
5.126750000000000362e+00
5.112049999999999983e+00
5.384450000000000180e+00
-9.949500000000000011e-01
-1.559949999999999948e+00
-3.787049999999999805e+00
-1.648949999999999916e+00
-1.714749999999999996e+00
6.835499999999999909e-01
2.759049999999999780e+00
3.253649999999999931e+00
8.493500000000000494e-01
1.464949999999999974e+00
1.615949999999999998e+00
-3.534850000000000048e+00
-1.887550000000000061e+00
-2.647850000000000037e+00
-1.317849999999999966e+00
-1.245549999999999935e+00
