-7.208780000000000188e-01
-2.036776999999999838e+00
-2.945876999999999857e+00
-2.493876999999999899e+00
-1.145877000000000034e+00
-2.960769999999999791e-01
-3.395878000000000174e+00
-2.962076999999999849e+00
-1.601277000000000061e+00
-7.060779999999999834e-01
1.082622999999999891e+00
-2.483776999999999902e+00
-1.133577000000000057e+00
2.322199999999999959e-02
5.034220000000000361e-01
1.632122999999999990e+00
2.326823000000000086e+00
1.871223000000000081e+00
7.312220000000000386e-01
3.460923000000000194e+00
4.139721999999999902e+00
3.693121999999999794e+00
2.566921999999999926e+00
-1.734477000000000046e+00
-4.463576999999999906e+00
-3.704578000000000149e+00
1.465322999999999931e+00
1.652522999999999964e+00
-3.475877999999999801e+00
-1.820977000000000068e+00
-7.677999999999999929e-03
1.956822999999999979e+00
4.161219999999999919e-01
3.825022999999999840e+00
5.017422999999999966e+00
4.220622999999999791e+00
2.234722999999999793e+00
-1.082576999999999900e+00
-1.898177999999999921e+00
-2.709976999999999858e+00
