-1.265139999999999931e+00
-2.568439999999999834e+00
-3.151839999999999975e+00
-2.393639999999999990e+00
-1.004340000000000011e+00
-4.939399999999999902e-01
-3.074240000000000084e+00
-2.411840000000000206e+00
-1.041339999999999932e+00
-3.054399999999999893e-01
-4.514400000000000079e-01
-1.836399999999999977e-01
3.312599999999999989e-01
4.806599999999999762e-01
9.815599999999999881e-01
1.350160000000000027e+00
1.213959999999999928e+00
7.118600000000000483e-01
8.544599999999999973e-01
-3.357639999999999958e+00
1.190260000000000096e+00
5.640600000000000058e-01
9.892600000000000282e-01
1.824559999999999960e+00
2.205760000000000165e+00
-3.047039999999999971e+00
-1.162439999999999918e+00
4.558599999999999874e-01
-3.951399999999999912e-01
2.000599999999999878e-01
1.078959999999999919e+00
1.498960000000000070e+00
1.442460000000000075e+00
1.259759999999999991e+00
-4.354739999999999611e+00
-2.939740000000000020e+00
1.703060000000000018e+00
1.462360000000000104e+00
1.588260000000000005e+00
8.148600000000000287e-01
2.061360000000000081e+00
4.001600000000000157e-01
2.558860000000000134e+00
1.348459999999999992e+00
3.030759999999999899e+00
