2.287270000000000136e-01
-8.769730000000000025e-01
-1.801072999999999924e+00
-1.594473000000000029e+00
-4.777730000000000032e-01
4.183270000000000044e-01
-2.530572999999999961e+00
-2.358073000000000086e+00
-1.222773000000000110e+00
-2.827729999999999966e-01
-9.973729999999999540e-01
-1.044572999999999974e+00
-1.008730000000000043e-01
2.004269999999999941e-01
1.146126999999999896e+00
1.802926999999999946e+00
1.549727000000000077e+00
5.938269999999999937e-01
1.560127000000000042e+00
-1.078173000000000048e+00
2.265927000000000024e+00
2.069126999999999938e+00
2.756527000000000172e+00
2.134627000000000052e+00
-2.142872999999999806e+00
-3.420272999999999897e+00
-3.107673000000000130e+00
-1.737173000000000078e+00
-1.797299999999999939e-02
-2.824729999999999741e-01
1.366027000000000102e+00
3.559269999999999934e-01
1.963227000000000055e+00
2.195027000000000061e+00
-1.904172999999999893e+00
-3.933729999999999727e-01
2.740226999999999968e+00
1.043326999999999893e+00
2.331027000000000182e+00
2.928027000000000157e+00
1.498926999999999898e+00
1.556027000000000049e+00
-1.818972999999999951e+00
-2.998572999999999933e+00
-2.515172999999999881e+00
