-1.236499999999999960e-01
-1.448350000000000026e+00
-2.207549999999999901e+00
-1.600249999999999950e+00
-2.139500000000000013e-01
4.727500000000000036e-01
-2.385149999999999881e+00
-1.790249999999999897e+00
-4.231500000000000261e-01
3.888499999999999734e-01
1.859949999999999992e+00
-2.067050000000000054e+00
1.844500000000000028e-01
2.114999999999999866e-02
4.859499999999999931e-01
2.714500000000000246e-01
6.954500000000000126e-01
1.339350000000000041e+00
1.558149999999999924e+00
1.133250000000000091e+00
-2.459350000000000147e+00
2.318150000000000155e+00
2.298849999999999838e+00
-3.071149999999999824e+00
-1.517849999999999921e+00
-3.237499999999999822e-01
1.250950000000000006e+00
-2.312500000000000111e-01
5.222499999999999920e-01
1.671450000000000102e+00
2.062549999999999883e+00
1.327749999999999986e+00
