-2.781058999999999948e+00
-3.258058999999999816e+00
-2.794658999999999782e+00
-1.651658999999999988e+00
-1.274558999999999997e+00
-1.849458999999999964e+00
-3.365589999999999971e-01
-1.411359000000000030e+00
-4.300258999999999610e+00
-7.658589999999999565e-01
1.504409999999999914e-01
1.516440999999999928e+00
1.958941000000000043e+00
1.039041000000000103e+00
-4.923589999999999911e-01
-2.062659000000000020e+00
-4.064590000000000147e-01
3.333409999999999984e-01
1.148841000000000001e+00
1.933640999999999943e+00
2.816241000000000216e+00
2.942641000000000062e+00
2.130440999999999807e+00
1.246040999999999954e+00
3.762240999999999946e+00
4.467409999999999992e-01
-4.074590000000000156e-01
-6.718589999999999840e-01
-1.806759000000000004e+00
-4.717958999999999570e+00
-4.699158999999999864e+00
-1.832359000000000071e+00
2.264540999999999915e+00
3.026340999999999948e+00
1.406341000000000063e+00
3.635410000000000030e-01
-1.453589999999999882e-01
-8.031589999999999563e-01
-1.233659000000000061e+00
-2.415058999999999845e+00
-2.884459000000000106e+00
1.861540999999999890e+00
3.404741000000000017e+00
2.177640999999999938e+00
6.485410000000000341e-01
3.947941000000000145e+00
4.450440999999999647e+00
9.613410000000000011e-01
1.199940999999999924e+00
-1.223159000000000107e+00
-9.125590000000000090e-01
