-7.868709999999999871e-01
-2.114870999999999945e+00
-2.839471000000000078e+00
-2.177871000000000112e+00
-7.892709999999999448e-01
-1.483710000000000029e-01
-2.890871000000000191e+00
-2.246970999999999830e+00
-8.640710000000000335e-01
-1.320709999999999940e-01
-1.271710000000000063e-01
-1.217099999999999953e-02
5.579290000000000083e-01
5.297290000000000054e-01
1.047528999999999932e+00
1.607828999999999953e+00
1.645728999999999997e+00
1.125728999999999980e+00
1.239128999999999925e+00
-2.776470999999999911e+00
1.148028999999999966e+00
1.697329000000000088e+00
9.416290000000000493e-01
1.458129000000000008e+00
-3.975570999999999966e+00
-2.823071000000000108e+00
-6.796710000000000251e-01
8.687289999999999734e-01
-2.856710000000000083e-01
8.792899999999999328e-02
2.025628999999999902e+00
2.095028999999999808e+00
1.729729000000000072e+00
1.645928999999999975e+00
-3.783170999999999840e+00
-2.257371000000000016e+00
1.615628999999999982e+00
2.759329000000000143e+00
1.129229000000000038e+00
1.297929000000000110e+00
9.217290000000000205e-01
2.535528999999999922e+00
