-9.274850000000000039e-01
-2.218785000000000007e+00
-2.875684999999999825e+00
-2.200384999999999813e+00
-8.458849999999999980e-01
-2.512849999999999806e-01
-2.886684999999999945e+00
-2.245684999999999931e+00
-9.048850000000000504e-01
-1.933850000000000013e-01
-2.505850000000000022e-01
4.659150000000000236e-01
1.288415000000000088e+00
2.665414999999999868e+00
3.325215000000000032e+00
2.626114999999999977e+00
1.253314999999999957e+00
5.805150000000000032e-01
1.092614999999999892e+00
-2.915484999999999882e+00
5.023114999999999775e+00
3.733150000000000079e-01
-2.869885000000000019e+00
8.688150000000000039e-01
-9.853849999999999554e-01
5.399150000000000338e-01
3.228215000000000057e+00
3.144214999999999982e+00
-4.948850000000000193e-01
1.520615000000000050e+00
1.410914999999999919e+00
-3.896084999999999798e+00
-2.444185000000000052e+00
