-3.643367000000000022e+00
-4.786166999999999838e+00
-4.871367000000000225e+00
-3.736766999999999950e+00
-2.467166999999999888e+00
-2.505567000000000100e+00
-3.848266999999999882e+00
-2.703466999999999842e+00
-1.444166999999999978e+00
-1.310667000000000026e+00
-1.981670000000000098e-01
9.243300000000000127e-02
6.252330000000000387e-01
1.922933000000000003e+00
2.406232999999999844e+00
1.609833000000000069e+00
3.281330000000000080e-01
-1.510670000000000068e-01
-1.335366999999999971e+00
-5.944067000000000434e+00
2.184232999999999869e+00
3.397533000000000136e+00
1.301033000000000106e+00
1.707832999999999934e+00
5.019329999999999625e-01
5.204330000000000345e-01
-6.562670000000000448e-01
2.298532999999999937e+00
3.152133000000000074e+00
3.890833000000000208e+00
5.100832999999999728e+00
3.067733000000000043e+00
4.933330000000000215e-01
-1.754866999999999955e+00
3.136732999999999993e+00
-2.834766999999999815e+00
-3.442669999999999897e-01
6.434330000000000327e-01
3.412433000000000050e+00
-2.979669999999999819e-01
-4.912670000000000092e-01
-1.429767000000000010e+00
-6.831866999999999912e+00
-5.909867000000000203e+00
3.053330000000000211e-01
2.447532999999999959e+00
-1.343266999999999989e+00
1.491532999999999998e+00
2.922133000000000091e+00
3.900433000000000039e+00
2.552132999999999985e+00
3.646732999999999780e+00
5.390329999999999844e-01
1.472132999999999914e+00
-2.309670000000000056e-01
