-1.923704999999999998e+00
-2.922404999999999919e+00
-3.061504999999999921e+00
-2.129805000000000170e+00
-1.036804999999999977e+00
-1.009605000000000086e+00
-2.235605000000000064e+00
-1.297805000000000097e+00
-2.394050000000000067e-01
-1.015049999999999980e-01
8.078950000000000298e-01
1.664695000000000036e+00
1.583395000000000108e+00
2.501195000000000057e+00
2.444795000000000051e+00
1.452795000000000059e+00
5.224950000000000427e-01
5.924949999999999939e-01
3.849500000000000144e-02
-3.864205000000000112e+00
-7.602050000000000196e-01
1.376894999999999980e+00
3.651194999999999968e+00
2.671095000000000219e+00
-3.068505000000000038e+00
-1.406104999999999938e+00
3.212949999999999973e-01
1.449694999999999956e+00
3.302294999999999980e+00
-1.716050000000000075e-01
4.866949999999999887e-01
-2.070500000000000118e-02
-4.639904999999999724e+00
-3.796005000000000074e+00
2.557395000000000085e+00
3.681894999999999918e+00
2.578695000000000181e+00
