-5.410660000000000469e-01
-1.857666000000000039e+00
-2.647466000000000097e+00
-2.089366000000000057e+00
-7.219659999999999966e-01
1.893399999999999944e-02
-2.908265999999999796e+00
-2.392965999999999926e+00
-1.052966000000000069e+00
-2.023659999999999903e-01
-5.390660000000000451e-01
1.152233999999999980e+00
1.138533999999999935e+00
1.696833999999999953e+00
2.270534000000000052e+00
2.288634000000000057e+00
1.731834000000000096e+00
1.391834000000000016e+00
-2.436366000000000032e+00
4.083400000000000224e-02
5.714339999999999975e-01
5.794340000000000046e-01
-3.122666000000000164e+00
8.653340000000000476e-01
-1.355766000000000027e+00
2.162340000000000095e-01
6.981340000000000323e-01
1.683734000000000064e+00
2.704833999999999961e+00
2.736833999999999989e+00
1.754534000000000038e+00
1.803034000000000026e+00
1.821034000000000042e+00
-3.432366000000000028e+00
-1.864465999999999957e+00
