-4.441740000000000133e-01
-1.197473999999999927e+00
-1.334773999999999905e+00
-6.630740000000000522e-01
1.492259999999999975e-01
2.048260000000000081e-01
8.765260000000000273e-01
2.554259999999999864e-01
9.050259999999999971e-01
2.212525999999999993e+00
2.865625999999999785e+00
2.193226000000000120e+00
-1.874973999999999918e+00
9.957260000000000000e-01
1.485259999999999914e-01
-8.478740000000000165e-01
2.446260000000000101e-01
-8.431739999999999791e-01
-1.203573999999999922e+00
-2.297740000000000060e-01
-5.805740000000000345e-01
-1.909774000000000083e+00
-2.889073999999999920e+00
-2.539174000000000042e+00
2.938025999999999804e+00
2.670225999999999988e+00
3.818925999999999821e+00
1.241926000000000085e+00
-3.637399999999999661e-02
-7.658740000000000547e-01
3.882125999999999966e+00
2.702026000000000039e+00
-2.473574000000000161e+00
-1.813574000000000019e+00
1.100025999999999948e+00
9.537259999999999627e-01
-2.617399999999999935e-02
1.179726000000000052e+00
5.132599999999999663e-02
-1.863574000000000064e+00
-7.870740000000000514e-01
-5.454740000000000144e-01
-1.725573999999999941e+00
8.122260000000000035e-01
1.852260000000000018e-01
-2.183673999999999893e+00
-3.928673999999999999e+00
-3.320974000000000093e+00
1.006726000000000010e+00
1.920026000000000010e+00
1.774326000000000070e+00
-6.993740000000000512e-01
-5.604740000000000277e-01
