-1.913991999999999916e+00
-3.162491999999999859e+00
-3.740991999999999873e+00
-2.992992000000000097e+00
-1.694692000000000087e+00
-1.188492000000000104e+00
-9.229920000000000346e-01
-4.259199999999999792e-02
5.079999999999999880e-04
8.104080000000000172e-01
1.625807999999999920e+00
1.561708000000000096e+00
7.527080000000000437e-01
1.039080000000000004e-01
-3.894991999999999788e+00
2.351307999999999954e+00
1.758307999999999982e+00
8.423079999999999457e-01
-7.809199999999999475e-02
7.524079999999999657e-01
2.441608000000000001e+00
3.732407999999999948e+00
-3.486991999999999869e+00
-1.645291999999999977e+00
-3.037920000000000065e-01
-5.914920000000000178e-01
2.676080000000000125e-01
8.301079999999999570e-01
-4.841491999999999685e+00
-3.486791999999999891e+00
2.308208000000000037e+00
1.845908000000000104e+00
7.090079999999999716e-01
-4.419200000000000211e-02
-1.102392000000000039e+00
2.055079999999999962e-01
4.350208000000000297e+00
4.218708000000000347e+00
3.666107999999999922e+00
