-1.464275999999999911e+00
-2.707176000000000027e+00
-3.171375999999999973e+00
-2.322675999999999963e+00
-9.952760000000000495e-01
-6.290759999999999685e-01
-2.763275999999999843e+00
-1.918376000000000081e+00
-6.127759999999999874e-01
-1.443760000000000043e-01
3.487239999999999784e-01
8.431239999999999846e-01
1.386323999999999890e+00
2.774324000000000012e+00
3.317023999999999972e+00
2.493624000000000063e+00
1.115024000000000015e+00
5.660239999999999716e-01
6.442240000000000189e-01
-3.560576000000000185e+00
-1.151875999999999900e+00
5.020923999999999943e+00
1.525023999999999935e+00
-3.788975999999999900e+00
-2.283475999999999839e+00
-1.663759999999999961e-01
1.202924000000000104e+00
3.445624000000000020e+00
2.912923999999999847e+00
4.736239999999999895e-01
1.401424000000000003e+00
8.666239999999999499e-01
-4.509375999999999607e+00
-3.241076000000000068e+00
1.827223999999999959e+00
2.410324000000000133e+00
8.553239999999999732e-01
