-1.979656000000000082e+00
-2.681655999999999818e+00
-2.541056000000000203e+00
-1.538256000000000068e+00
-9.080559999999999743e-01
-1.154055999999999971e+00
-1.405600000000000079e-02
-4.928560000000000163e-01
-3.592455999999999872e+00
-4.720559999999999756e-01
4.064440000000000275e-01
1.768844000000000083e+00
2.241343999999999781e+00
1.356343999999999994e+00
-4.882560000000000233e-01
-2.288956000000000213e+00
-1.062560000000000032e-01
-2.205599999999999922e-02
-8.622560000000000224e-01
1.069344000000000072e+00
1.454043999999999892e+00
7.534440000000000026e-01
1.208644000000000052e+00
2.367043999999999926e+00
3.072944000000000120e+00
2.618243999999999794e+00
1.552439999999999931e-01
-6.493560000000000443e-01
-4.156355999999999717e+00
-3.733556000000000097e+00
-1.530456000000000039e+00
2.474543999999999855e+00
3.302944000000000102e+00
1.746744000000000074e+00
2.174439999999999984e-01
8.694399999999999351e-02
-9.636559999999999571e-01
-1.614155999999999924e+00
-2.830156000000000116e+00
-3.030256000000000061e+00
4.405439999999999912e-01
-1.155456000000000039e+00
1.678344000000000058e+00
-1.542560000000000042e-01
6.533440000000000358e-01
2.718344000000000094e+00
3.979044000000000025e+00
3.189443999999999946e+00
