-1.120978999999999948e+00
-1.340678999999999954e+00
-1.088079000000000018e+00
-5.410789999999999766e-01
-8.577899999999999414e-02
-4.976789999999999825e-01
7.879209999999999825e-01
-2.593790000000000262e-01
-1.863979000000000052e+00
3.302209999999999868e-01
1.209321000000000090e+00
2.568220999999999865e+00
3.035921000000000092e+00
2.151021000000000072e+00
6.065209999999999768e-01
-1.675278999999999963e+00
1.003209999999999935e-01
6.881209999999999827e-01
-7.987900000000000555e-02
-1.441878999999999911e+00
-2.037478999999999818e+00
-1.270979000000000081e+00
6.958210000000000228e-01
9.310209999999999875e-01
1.829210000000000003e-01
-5.572789999999999688e-01
-2.059079000000000104e+00
-2.079679000000000055e+00
-7.293789999999999996e-01
3.270321000000000033e+00
4.092020999999999908e+00
2.533021000000000189e+00
1.012321000000000026e+00
1.428420999999999941e+00
2.665210000000000079e-01
-1.324378999999999973e+00
-2.124979000000000173e+00
-2.475079000000000029e+00
1.750221000000000027e+00
3.865210000000000035e-01
-2.040078999999999976e+00
-3.101379000000000108e+00
-1.750979000000000063e+00
-3.690789999999999904e-01
1.203921000000000019e+00
1.995120999999999922e+00
6.887210000000000276e-01
