-3.444606999999999974e+00
-4.734906999999999755e+00
-5.312007000000000367e+00
-4.453907000000000060e+00
-3.106507000000000129e+00
-2.598707000000000100e+00
-4.829507000000000438e+00
-3.728206999999999827e+00
-2.630806999999999896e+00
-1.239907000000000092e+00
-1.293007000000000017e+00
-5.522407000000000288e+00
-1.105007000000000073e+00
4.649929999999999897e-01
1.725392999999999954e+00
2.673293000000000141e+00
2.344092999999999982e+00
1.070692999999999895e+00
1.302929999999999922e-01
2.203793000000000113e+00
3.463693000000000133e+00
3.805092999999999837e+00
4.304892999999999859e+00
5.564693000000000112e+00
5.946392999999999596e+00
5.077792999999999779e+00
8.005929999999999991e-01
-3.507000000000000135e-03
-3.871306999999999832e+00
-6.223070000000000546e-01
-8.633070000000000466e-01
-5.741070000000000340e-01
-1.023206999999999978e+00
-6.498906999999999989e+00
-5.121607000000000021e+00
-1.770707000000000031e+00
-2.189069999999999905e-01
3.049093000000000053e+00
3.997292999999999985e+00
6.259793000000000163e+00
6.933993000000000073e+00
5.387692999999999621e+00
-1.173069999999999946e-01
4.833930000000000171e-01
-1.002307000000000059e+00
