2.330480000000000051e-01
-1.094252000000000002e+00
-1.787951999999999986e+00
-1.108052000000000037e+00
2.901480000000000170e-01
9.056480000000000086e-01
-1.829252000000000100e+00
-1.159551999999999916e+00
2.196480000000000099e-01
9.683479999999999865e-01
9.152479999999999505e-01
2.286747999999999781e+00
-1.787951999999999986e+00
-1.776952000000000087e+00
2.000647999999999982e+00
5.995479999999999698e-01
6.847480000000000233e-01
2.849047999999999803e+00
2.677547999999999817e+00
-2.796451999999999938e+00
-1.289951999999999988e+00
