-8.586799999999999988e-01
-1.946379999999999999e+00
-2.686179999999999790e+00
-2.303580000000000183e+00
-1.185079999999999911e+00
-4.967799999999999994e-01
-7.563800000000000523e-01
-1.302780000000000049e+00
-8.712800000000000544e-01
1.082199999999999968e-01
6.347199999999999509e-01
2.182199999999999973e-01
-2.329079999999999817e+00
6.604200000000000070e-01
6.459200000000000497e-01
-4.296780000000000044e+00
-3.151479999999999837e+00
4.008200000000000096e-01
1.349620000000000042e+00
2.616820000000000146e+00
3.506520000000000081e+00
3.140719999999999956e+00
1.884120000000000017e+00
9.960200000000000164e-01
-1.533479999999999954e+00
-1.093879999999999963e+00
-2.520680000000000032e+00
4.051820000000000199e+00
3.899420000000000108e+00
5.053219999999999601e+00
-2.067379999999999995e+00
1.406020000000000048e+00
6.758199999999999763e-01
-3.147380000000000067e+00
-1.792180000000000106e+00
7.473199999999999843e-01
1.078519999999999923e+00
1.295719999999999983e+00
-4.850679999999999659e+00
-3.925580000000000069e+00
-4.999880000000000102e+00
-3.574879999999999836e+00
-2.508980000000000210e+00
-6.307800000000000074e-01
5.607199999999999962e-01
2.923220000000000152e+00
4.486119999999999663e+00
1.585820000000000007e+00
2.552000000000000102e-02
5.689420000000000144e+00
5.189420000000000144e+00
