-1.156365000000000087e+00
-2.367564999999999920e+00
-2.938264999999999905e+00
-2.263164999999999871e+00
-9.748649999999999816e-01
-4.693649999999999767e-01
-2.921765000000000168e+00
-2.337664999999999882e+00
-1.075064999999999937e+00
-3.588649999999999896e-01
-5.576649999999999663e-01
4.118350000000000066e-01
1.097834999999999894e+00
2.012535000000000185e+00
2.743034999999999890e+00
2.574135000000000062e+00
1.663734999999999964e+00
9.378349999999999742e-01
7.842350000000000154e-01
-3.069164999999999921e+00
1.378835000000000033e+00
3.474435000000000162e+00
1.032434999999999992e+00
3.843335000000000168e+00
-2.944865000000000066e+00
-1.391564999999999941e+00
-1.242650000000000005e-01
5.727349999999999941e-01
2.161935000000000162e+00
2.402350000000000041e-01
9.099350000000000493e-01
1.565735000000000099e+00
-3.994965000000000099e+00
-2.658164999999999889e+00
1.385934999999999917e+00
1.060235000000000039e+00
1.752634999999999943e+00
