3.138489999999999891e-01
-9.080510000000000526e-01
-1.641950999999999938e+00
-1.107650999999999941e+00
1.622490000000000043e-01
8.310490000000000377e-01
7.535490000000000244e-01
4.865490000000000093e-01
1.044049000000000005e+00
1.867048999999999959e+00
2.144648999999999806e+00
1.593248999999999915e+00
-1.444250999999999951e+00
2.116448999999999803e+00
2.562848999999999933e+00
-3.295151000000000163e+00
-1.956350999999999951e+00
7.277489999999999792e-01
1.316548999999999969e+00
1.057048999999999905e+00
2.195489999999999942e-01
-1.666509999999999936e-01
2.787948999999999788e+00
1.822848999999999942e+00
-2.367951000000000139e+00
-9.149509999999999588e-01
2.387249000000000176e+00
2.508948999999999874e+00
-3.839250999999999969e+00
-3.157350999999999797e+00
-3.922350999999999921e+00
-2.152750999999999859e+00
-1.393051000000000039e+00
1.521149000000000084e+00
1.979490000000000138e-01
6.413489999999999469e-01
-7.961510000000000531e-01
