-2.001360000000000028e+00
-2.684260000000000090e+00
-2.543060000000000098e+00
-1.560459999999999958e+00
-9.848599999999999577e-01
-1.216259999999999897e+00
-2.711600000000000121e-01
-5.664599999999999635e-01
-3.574559999999999960e+00
-8.854600000000000248e-01
-1.888600000000000001e-01
1.145540000000000003e+00
1.771039999999999948e+00
1.069939999999999891e+00
-4.622600000000000042e-01
-2.314560000000000173e+00
2.121539999999999981e+00
1.937939999999999996e+00
1.259239999999999915e+00
7.575399999999999912e-01
9.323399999999999466e-01
1.609939999999999927e+00
1.908239999999999936e+00
2.844840000000000035e+00
7.864000000000000157e-02
-7.040600000000000191e-01
-4.123059999999999725e+00
-3.715860000000000163e+00
-1.920960000000000001e+00
-6.950600000000000112e-01
2.814039999999999875e+00
1.592540000000000067e+00
2.198400000000000076e-01
1.325399999999999912e-01
-8.950599999999999667e-01
-1.650460000000000038e+00
-2.802659999999999929e+00
-3.100159999999999805e+00
2.317239999999999966e+00
1.119739999999999958e+00
2.279400000000000037e-01
5.390399999999999636e-01
1.736439999999999984e+00
2.504340000000000011e+00
1.205740000000000034e+00
3.508039999999999825e+00
3.506639999999999979e+00
