2.641636999999999791e+00
1.367337000000000025e+00
5.957369999999999610e-01
1.189337000000000089e+00
2.483737000000000084e+00
3.204436999999999980e+00
4.492836999999999748e+00
8.245369999999999644e-01
5.629370000000000207e-01
1.494337000000000026e+00
2.806836999999999804e+00
1.370637000000000105e+00
-8.366630000000000456e-01
-1.830362999999999962e+00
-2.789162999999999837e+00
-3.778763000000000094e+00
-5.204963000000000228e+00
5.110936999999999841e+00
4.941937000000000246e+00
-1.284629999999999939e-01
1.376536999999999900e+00
3.622136999999999940e+00
3.041037000000000212e+00
1.573636999999999952e+00
3.708370000000000277e-01
2.089036999999999811e+00
-1.075463000000000058e+00
-9.354630000000000445e-01
-1.749462999999999990e+00
-2.866063000000000027e+00
-3.574562999999999935e+00
-3.673062999999999967e+00
-5.910063000000000066e+00
-5.459762999999999700e+00
-5.348162999999999556e+00
