-9.989699999999999969e-02
-1.429297000000000040e+00
-2.220797000000000132e+00
-1.629696999999999951e+00
-2.478970000000000062e-01
4.687029999999999808e-01
-2.413997000000000170e+00
-1.844297000000000075e+00
-4.633970000000000034e-01
3.372029999999999750e-01
1.923030000000000017e-01
2.448029999999999928e-01
7.248029999999999751e-01
7.361029999999999518e-01
1.191103000000000023e+00
1.643602999999999925e+00
1.627502999999999922e+00
1.169402999999999970e+00
1.855102999999999946e+00
-2.019797000000000065e+00
2.161003000000000007e+00
2.210103000000000151e+00
1.161302999999999974e+00
-3.497097000000000122e+00
-2.475797000000000025e+00
-3.755970000000000142e-01
1.207303000000000015e+00
3.750300000000000161e-02
3.835029999999999828e-01
1.170503000000000071e+00
2.347202999999999928e+00
2.323602999999999863e+00
-3.025897000000000059e+00
-1.449197000000000068e+00
