1.141461999999999977e+00
-2.021380000000000121e-01
-1.060637999999999970e+00
-4.330379999999999785e-01
9.256619999999999848e-01
1.741962000000000010e+00
-1.001438000000000050e+00
8.862000000000000086e-03
1.191062000000000065e+00
3.114361999999999853e+00
-7.381379999999999608e-01
-2.073379999999999945e-01
-1.474037999999999959e+00
-1.626838000000000006e+00
-5.316380000000000550e-01
7.487620000000000386e-01
8.971620000000000150e-01
1.767962000000000033e+00
3.082662000000000013e+00
-7.039379999999999526e-01
-1.017838000000000021e+00
-2.887237999999999971e+00
-3.102937999999999974e+00
-1.993138000000000076e+00
3.594862000000000002e+00
3.653662000000000187e+00
-1.739837999999999996e+00
-1.290380000000000138e-01
-2.355237999999999943e+00
1.875861999999999918e+00
3.767062000000000133e+00
3.149361999999999995e+00
3.396062000000000136e+00
-1.129837999999999898e+00
-1.963637999999999995e+00
-2.102380000000000082e-01
-4.123038000000000203e+00
-2.413037999999999794e+00
-3.012538000000000160e+00
