-1.117580999999999936e+00
-2.406781000000000059e+00
-2.985780999999999796e+00
-2.233781000000000017e+00
-8.731809999999999850e-01
-3.526810000000000223e-01
-2.850181000000000076e+00
-2.133481000000000183e+00
-7.802810000000000024e-01
-1.441810000000000036e-01
-4.828099999999999753e-02
-8.098099999999999743e-02
4.625190000000000135e-01
2.793189999999999840e-01
7.613189999999999680e-01
1.448819000000000079e+00
1.645318999999999976e+00
1.159918999999999922e+00
9.742189999999999461e-01
-3.187481000000000009e+00
4.956189999999999762e-01
9.403190000000000159e-01
1.334718999999999989e+00
2.028818999999999928e+00
-2.706081000000000181e+00
9.155189999999999717e-01
-5.244809999999999750e-01
9.855190000000000339e-01
-5.074809999999999599e-01
-2.599810000000000176e-01
1.848918999999999979e+00
2.189618999999999982e+00
1.683518999999999988e+00
1.233918999999999988e+00
-4.171681000000000417e+00
-2.778380999999999990e+00
6.392189999999999817e-01
4.636190000000000033e-01
2.031718999999999831e+00
2.059619000000000089e+00
3.062119000000000035e+00
1.498518999999999934e+00
