-1.729877000000000109e+00
-3.050777000000000072e+00
-3.766176999999999886e+00
-3.023477000000000192e+00
-1.656077000000000021e+00
-9.998770000000000158e-01
-3.514276999999999873e+00
-2.489777000000000129e+00
-1.306376999999999899e+00
7.002300000000000191e-02
1.411022999999999916e+00
3.406230000000000091e-01
-3.721077000000000190e+00
2.534923000000000037e+00
3.706923000000000190e+00
3.780222999999999889e+00
2.681722999999999857e+00
1.478123000000000076e+00
2.439230000000000009e-01
2.777922999999999920e+00
1.702622999999999998e+00
5.144229999999999636e-01
4.042229999999999990e-01
-4.487176999999999971e+00
-2.694176999999999822e+00
3.134230000000000071e-01
7.797230000000000549e-01
9.723230000000000484e-01
7.134230000000000294e-01
-4.714977000000000196e+00
-3.216276999999999830e+00
2.528322999999999876e+00
4.564022999999999719e+00
4.706922999999999746e+00
-4.644769999999999732e-01
3.701423000000000130e+00
1.794022999999999923e+00
-3.332769999999999899e-01
-5.521770000000000289e-01
