-2.280692000000000164e+00
-3.516592000000000162e+00
-4.028991999999999685e+00
-3.266291999999999973e+00
-1.952291999999999916e+00
-1.501092000000000093e+00
-3.835891999999999857e+00
-3.129192000000000196e+00
-1.844592000000000009e+00
-1.247292000000000067e+00
-2.214919999999999944e-01
-4.311992000000000047e+00
-8.906920000000000393e-01
1.965079999999999882e-01
1.558080000000000020e-01
1.516208000000000000e+00
1.637008000000000019e+00
1.571407999999999916e+00
1.684007999999999949e+00
1.905507999999999980e+00
1.922508000000000106e+00
1.814408000000000021e+00
2.109307999999999961e+00
1.232707999999999915e+00
2.072207999999999828e+00
3.462607999999999908e+00
1.654007999999999923e+00
3.218079999999999830e-01
-3.641592000000000162e+00
-2.749199999999999908e-02
5.293080000000000007e-01
-5.255092000000000318e+00
-3.951691999999999982e+00
-5.419920000000000293e-01
-1.357391999999999932e+00
3.966080000000000161e-01
8.474080000000000501e-01
2.288107999999999809e+00
1.757408000000000081e+00
1.431308000000000025e+00
1.861607999999999929e+00
1.067107999999999945e+00
2.564080000000000248e-01
1.706107999999999958e+00
3.556907999999999959e+00
3.866207999999999867e+00
4.040507999999999988e+00
3.310080000000000244e-01
-1.489200000000000072e-02
-3.747920000000000140e-01
