-1.267832999999999988e+00
-2.545132999999999868e+00
-2.971932999999999936e+00
-2.073033000000000126e+00
-6.900330000000000075e-01
-3.543330000000000091e-01
-2.602432999999999996e+00
-1.785433000000000048e+00
-4.001330000000000164e-01
1.738669999999999938e-01
3.788670000000000093e-01
-1.860330000000000039e-01
1.843670000000000031e-01
-4.125329999999999830e-01
-1.150329999999999964e-01
7.925670000000000215e-01
1.388366999999999907e+00
1.075266999999999973e+00
9.506670000000000398e-01
-3.476433000000000106e+00
1.671367000000000047e+00
-7.780329999999999746e-01
-5.193330000000000446e-01
2.286967000000000194e+00
2.641366999999999798e+00
-2.305133000000000099e+00
3.513669999999999849e-01
1.421067000000000080e+00
-6.667330000000000201e-01
-1.130333000000000032e+00
1.030966999999999967e+00
1.556267000000000067e+00
1.474266999999999994e+00
1.498167000000000026e+00
-4.458732999999999613e+00
-3.179032999999999998e+00
1.928566999999999920e+00
2.098866999999999816e+00
2.169866999999999990e+00
-1.124133000000000049e+00
-8.209330000000000238e-01
5.324670000000000236e-01
3.357667000000000179e+00
3.131766999999999967e+00
1.767767000000000088e+00
