-9.274780000000000246e-01
-2.230977999999999906e+00
-3.184477999999999920e+00
-2.795878000000000085e+00
-1.463578000000000046e+00
-5.646780000000000133e-01
-3.753477999999999870e+00
-3.397978000000000165e+00
-2.053577999999999903e+00
-1.085777999999999910e+00
-1.641777999999999960e+00
-1.972780000000000089e-01
5.040219999999999700e-01
1.898322000000000065e+00
2.673421999999999965e+00
2.031121999999999872e+00
6.427220000000000155e-01
-1.075779999999999931e-01
8.065219999999999612e-01
-2.615778000000000159e+00
1.267220000000000013e-01
-1.277878000000000069e+00
2.785321999999999854e+00
2.934521999999999853e+00
4.037022000000000332e+00
4.703622000000000192e+00
-4.807077999999999740e+00
-4.166777999999999871e+00
-2.150678000000000090e+00
-1.960277999999999965e+00
2.994220000000000215e-01
2.362722000000000211e+00
-1.184077999999999964e+00
1.121221999999999941e+00
1.405521999999999938e+00
-3.596277999999999864e+00
-1.918377999999999917e+00
-1.512577999999999978e+00
-1.841077999999999992e+00
-1.573978000000000099e+00
3.543822000000000028e+00
3.454222000000000126e+00
1.964822000000000068e+00
5.771022000000000318e+00
4.585822000000000287e+00
4.357421999999999684e+00
