-1.403966999999999965e+00
-2.683466999999999825e+00
-3.489466999999999874e+00
-2.973666999999999838e+00
-1.645467000000000013e+00
-9.004670000000000174e-01
-1.072667000000000037e+00
-1.089466999999999963e+00
-5.331669999999999465e-01
6.883300000000000529e-02
4.843299999999999689e-02
-4.996669999999999723e-01
-3.203866999999999798e+00
4.431329999999999991e-01
5.873329999999999940e-01
-5.341866999999999699e+00
-3.906566999999999901e+00
1.160633000000000026e+00
1.625933000000000073e+00
7.025329999999999631e-01
1.125032999999999950e+00
2.476433000000000106e+00
3.408933000000000213e+00
2.980233000000000132e+00
-6.189670000000000449e-01
3.789330000000000198e-01
-1.688366999999999951e+00
2.934533000000000058e+00
3.545433000000000057e+00
2.649833000000000105e+00
3.027032999999999863e+00
2.059832999999999803e+00
8.428330000000000544e-01
1.189332999999999974e+00
1.832732999999999945e+00
-1.533867000000000091e+00
4.709329999999999905e-01
-4.716670000000000029e-01
-4.169866999999999990e+00
-2.620867000000000058e+00
7.802329999999999544e-01
8.895330000000000181e-01
7.665330000000000199e-01
-5.947066999999999659e+00
-5.387067000000000050e+00
-5.798967000000000205e+00
-3.929767000000000010e+00
-3.509266999999999914e+00
2.008233000000000157e+00
4.190329999999999888e-01
-3.530670000000000197e-01
4.036330000000000195e-01
4.461332999999999771e+00
3.709732999999999947e+00
3.832632999999999956e+00
3.422432999999999836e+00
1.782132999999999967e+00
2.834633000000000180e+00
4.333300000000000346e-02
4.599329999999999807e-01
2.848330000000000028e-01
1.880033000000000065e+00
2.149633000000000127e+00
1.085833000000000048e+00
