-7.410780000000000145e-01
-1.339277999999999968e+00
-1.340878000000000014e+00
-6.785780000000000145e-01
-1.287800000000000056e-02
-1.014779999999999988e-01
7.172220000000000262e-01
2.702200000000000088e-02
7.012220000000000120e-01
2.105922000000000072e+00
2.809022000000000130e+00
2.117021999999999959e+00
-1.983578000000000063e+00
5.300219999999999931e-01
3.021122000000000085e+00
-1.352278000000000091e+00
-7.040779999999999816e-01
-7.457800000000000540e-02
-4.097800000000000054e-02
-8.194780000000000397e-01
-1.776178000000000035e+00
9.371220000000000105e-01
1.986421999999999910e+00
-1.282178000000000040e+00
-1.806777999999999995e+00
-1.324378000000000055e+00
-3.190779999999999728e-01
2.079219999999999957e-01
-2.731779999999999764e-01
-5.640779999999999683e-01
6.718220000000000303e-01
2.645122000000000195e+00
2.209522000000000208e+00
1.493220000000000103e-01
-1.060178000000000065e+00
3.896021999999999874e+00
2.684222000000000108e+00
-2.413478000000000012e+00
-1.978577999999999948e+00
5.939219999999999500e-01
3.935219999999999829e-01
-1.345777999999999919e+00
-2.394077999999999928e+00
-8.131779999999999564e-01
3.245219999999999771e-01
-1.249878000000000045e+00
-2.044477999999999795e+00
-2.704778000000000127e+00
-2.590177999999999869e+00
-1.729678000000000049e+00
9.904220000000000246e-01
1.478220000000000089e-01
-1.450877999999999890e+00
-4.338779999999999859e-01
5.096220000000000194e-01
1.542022000000000004e+00
3.260521999999999920e+00
1.571522000000000086e+00
1.994021999999999961e+00
