5.197950000000000070e-01
-8.123050000000000548e-01
-1.536904999999999966e+00
-8.829050000000000509e-01
5.140949999999999687e-01
1.173894999999999911e+00
-1.618705000000000060e+00
-9.939050000000000384e-01
3.907950000000000035e-01
1.146894999999999998e+00
2.554194999999999993e+00
-1.482304999999999984e+00
-1.946604999999999919e+00
-2.705004999999999882e+00
8.878949999999999898e-01
2.232394999999999907e+00
3.096295000000000019e+00
2.919395000000000184e+00
-2.491505000000000081e+00
-9.655049999999999466e-01
