1.083034000000000052e+00
-1.505660000000000054e-01
-8.681659999999999933e-01
-3.067659999999999831e-01
9.595339999999999980e-01
1.636533999999999933e+00
-1.167666000000000093e+00
-4.786659999999999804e-01
6.106340000000000101e-01
1.587034000000000056e+00
1.427339999999999998e-01
2.908733999999999931e+00
-7.165660000000000363e-01
-6.372659999999999991e-01
-1.803965999999999958e+00
-2.139666000000000068e+00
-8.174660000000000259e-01
1.216340000000000060e-01
-2.052465999999999902e+00
-1.546365999999999907e+00
-1.227865999999999902e+00
2.933999999999999976e-03
1.209333999999999909e+00
2.269934000000000118e+00
2.212034000000000056e+00
-4.796659999999999813e-01
1.028234000000000092e+00
3.572633999999999865e+00
3.307834000000000163e+00
-1.648565999999999976e+00
-1.986660000000000093e-01
-1.009265999999999996e+00
-2.747666000000000164e+00
-2.722265999999999853e+00
-4.695659999999999834e-01
-8.858660000000000423e-01
3.377339999999999787e-01
1.084433999999999898e+00
