-1.159823999999999966e+00
-2.483924000000000021e+00
-3.135423999999999989e+00
-2.407523999999999997e+00
-1.015023999999999926e+00
-4.373239999999999905e-01
-3.054924000000000195e+00
-2.349524000000000168e+00
-9.573239999999999528e-01
-3.026240000000000041e-01
-3.088239999999999874e-01
1.486776000000000098e+00
1.389275999999999955e+00
1.749576000000000020e+00
2.179775999999999936e+00
2.255675999999999792e+00
1.909475999999999951e+00
9.331760000000000055e-01
-3.224223999999999979e+00
1.132076000000000082e+00
1.673076000000000008e+00
1.241076000000000068e+00
8.767759999999999998e-01
9.486759999999999637e-01
-4.141324000000000005e+00
-2.913924000000000181e+00
7.829760000000000053e-01
-8.636239999999999473e-01
2.457075999999999816e+00
2.584976000000000163e+00
1.971675999999999984e+00
1.476475999999999900e+00
1.232976000000000072e+00
-4.229724000000000039e+00
-2.762923999999999936e+00
1.538875999999999911e+00
1.614676000000000000e+00
1.950376000000000110e+00
1.186476000000000086e+00
5.329760000000000053e-01
6.430759999999999810e-01
