1.213686999999999960e+00
-9.921299999999999564e-02
-7.662130000000000329e-01
-5.841299999999999965e-02
1.306186999999999987e+00
1.907186999999999966e+00
-8.631130000000000191e-01
-3.361299999999999705e-02
1.250186999999999937e+00
2.088687000000000182e+00
1.057787000000000033e+00
4.189869999999999983e-01
1.182287000000000088e+00
5.949870000000000436e-01
-7.693130000000000246e-01
-1.546812999999999994e+00
-9.444129999999999470e-01
3.259787000000000212e+00
-8.078130000000000033e-01
-2.877613000000000198e+00
-3.715913000000000022e+00
-1.435213000000000072e+00
-6.838130000000000042e-01
-1.506612999999999980e+00
-1.538712999999999997e+00
-6.543130000000000335e-01
2.580870000000000108e-01
1.842986999999999931e+00
2.590686999999999962e+00
2.881187000000000165e+00
4.895869999999999944e-01
2.041987000000000219e+00
2.249887000000000192e+00
1.238086999999999938e+00
-1.521112999999999937e+00
3.903487000000000151e+00
3.594587000000000199e+00
-1.801412999999999931e+00
-3.302129999999999788e-01
-4.741513000000000311e+00
-3.697912999999999784e+00
-3.440513000000000154e+00
-2.721129999999999938e-01
-1.367113000000000023e+00
1.026870000000000005e-01
