1.267643999999999993e+00
-2.295600000000000071e-02
-7.659559999999999702e-01
-1.648560000000000025e-01
1.167143999999999959e+00
1.856244000000000005e+00
-1.049055999999999989e+00
-2.750560000000000227e-01
8.977439999999999864e-01
1.838543999999999956e+00
4.792440000000000033e-01
-2.175559999999999994e-01
-8.742560000000000331e-01
-3.428559999999999941e-01
-9.242559999999999665e-01
-2.053955999999999893e+00
-2.604255999999999904e+00
-2.023156000000000176e+00
3.187943999999999889e+00
-6.228559999999999652e-01
-2.833056000000000019e+00
1.069244000000000083e+00
-1.701256000000000101e+00
-1.707055999999999907e+00
-9.582559999999999967e-01
1.261440000000000061e-01
1.480344000000000104e+00
2.504043999999999937e+00
2.474743999999999833e+00
-1.251559999999999895e-01
1.378943999999999948e+00
3.228440000000000198e-01
-4.985559999999999992e-01
-2.509555999999999898e+00
-3.496455999999999786e+00
3.813143999999999867e+00
3.593944000000000027e+00
-1.599056000000000033e+00
-8.845600000000000684e-02
