-7.901150000000000118e-01
-2.070815000000000072e+00
-2.810315000000000119e+00
-2.243914999999999882e+00
-9.049150000000000249e-01
-2.125150000000000095e-01
-3.067415000000000003e+00
-2.602714999999999890e+00
-1.304815000000000058e+00
-4.276150000000000229e-01
-9.351150000000000295e-01
-5.091500000000000192e-02
1.007784999999999931e+00
2.294884999999999842e+00
3.420784999999999965e+00
3.283084999999999809e+00
2.018984999999999808e+00
8.887850000000000472e-01
1.128984999999999905e+00
-2.662914999999999921e+00
9.928850000000000176e-01
-6.410150000000000015e-01
-6.337150000000000283e-01
-3.341715000000000213e+00
-1.843515000000000015e+00
-4.734149999999999747e-01
2.425685000000000091e+00
4.403984999999999594e+00
4.157185000000000130e+00
1.919485000000000108e+00
1.347885000000000000e+00
1.768785000000000052e+00
-3.638015000000000221e+00
-2.122914999999999885e+00
1.219484999999999930e+00
1.690784999999999982e+00
1.183084999999999942e+00
1.406850000000000045e-01
-1.305015000000000036e+00
-1.209815000000000085e+00
