1.674476999999999993e+00
3.543769999999999976e-01
-5.441230000000000233e-01
-8.712300000000000599e-02
1.270977000000000023e+00
2.125176999999999872e+00
3.502977000000000007e+00
-1.109229999999999938e-01
-9.926230000000000331e-01
-5.787229999999999874e-01
7.656770000000000520e-01
1.680676999999999977e+00
1.245676999999999923e+00
5.329770000000000341e-01
-1.071229999999999960e-01
-1.475823000000000107e+00
-2.562822999999999851e+00
-2.556922999999999835e+00
-1.461622999999999895e+00
-9.532300000000000495e-02
7.971770000000000245e-01
3.691769999999999774e-01
-9.845230000000000370e-01
-1.892622999999999944e+00
-1.866722999999999910e+00
-9.493230000000000279e-01
4.019769999999999732e-01
8.185769999999999991e-01
3.923976999999999826e+00
4.018277000000000321e+00
-1.105623000000000022e+00
5.416769999999999641e-01
-2.059722999999999971e+00
-1.350622999999999907e+00
2.746077000000000101e+00
2.258677000000000046e+00
1.345277000000000056e+00
-3.535922999999999927e+00
-3.526022999999999907e+00
1.870376999999999956e+00
1.093177000000000065e+00
-1.340322999999999931e+00
-2.953923000000000076e+00
-2.925923000000000052e+00
-1.296322999999999892e+00
1.133076999999999890e+00
1.890276999999999985e+00
