-1.678255000000000052e+00
-2.940554999999999808e+00
-3.489955000000000140e+00
-2.738754999999999828e+00
-1.390654999999999974e+00
-9.136549999999999949e-01
-3.383255000000000123e+00
-2.724054999999999893e+00
-1.390754999999999963e+00
-6.947550000000000114e-01
-8.056550000000000100e-01
-8.249549999999999939e-01
8.574500000000000177e-02
-3.839549999999999907e-01
3.345449999999999813e-01
1.528745000000000021e+00
2.003445000000000142e+00
1.274944999999999995e+00
3.899449999999999861e-01
-3.721154999999999990e+00
2.301044999999999785e+00
1.841045000000000043e+00
3.181944999999999801e+00
3.699945000000000039e+00
7.558449999999999891e-01
-3.330855000000000121e+00
2.106449999999999989e-01
-1.388654999999999973e+00
-1.318955000000000100e+00
-7.345500000000000640e-02
1.617145000000000055e+00
6.543449999999999545e-01
1.098745000000000083e+00
-4.688155000000000072e+00
-3.328054999999999986e+00
2.565244999999999997e+00
1.796645000000000048e+00
8.738449999999999829e-01
4.635945000000000427e+00
3.013244999999999951e+00
3.929644999999999833e+00
8.802450000000000552e-01
1.377245000000000053e+00
1.158344999999999958e+00
