-1.111005000000000020e+00
-2.426204999999999945e+00
-3.320704999999999796e+00
-2.855605000000000171e+00
-1.503104999999999913e+00
-6.713050000000000406e-01
-3.751504999999999868e+00
-3.317505000000000148e+00
-1.958004999999999995e+00
-1.048904999999999976e+00
-1.466304999999999970e+00
-1.020500000000000053e-02
7.402950000000000363e-01
2.136194999999999844e+00
2.955795000000000172e+00
2.387094999999999967e+00
9.941950000000000509e-01
1.849949999999999928e-01
7.103949999999999987e-01
-2.888704999999999856e+00
3.215195000000000025e+00
2.671495000000000175e+00
4.715695000000000192e+00
-4.817404999999999937e+00
-4.038204999999999600e+00
-1.820005000000000095e+00
-1.896204999999999918e+00
4.463949999999999863e-01
2.610395000000000021e+00
4.031894999999999563e+00
5.183950000000000502e-01
-8.929049999999999487e-01
1.070594999999999963e+00
1.258694999999999897e+00
-3.880605000000000082e+00
-2.237404999999999866e+00
5.159295000000000186e+00
5.015494999999999592e+00
5.089294999999999902e+00
