1.153969000000000023e+00
-1.224309999999999982e-01
-9.741309999999999691e-01
-5.036310000000000509e-01
8.073690000000000033e-01
1.595169000000000059e+00
-1.346530999999999922e+00
-8.965309999999999668e-01
4.151690000000000103e-01
1.264069000000000109e+00
2.943668999999999869e+00
-5.888309999999999933e-01
9.568689999999999696e-01
4.105690000000000173e-01
-8.710309999999999997e-01
-1.392930999999999919e+00
-6.436309999999999532e-01
6.333689999999999598e-01
1.161269000000000107e+00
-1.050330999999999904e+00
-2.364930999999999894e+00
1.429368999999999890e+00
1.193969000000000058e+00
-2.377831000000000028e+00
-1.581830999999999987e+00
3.225668999999999897e+00
3.449968999999999841e+00
-1.551331000000000016e+00
3.346899999999999875e-02
1.966768999999999989e+00
-1.482231000000000076e+00
-2.388131000000000004e+00
2.162269000000000219e+00
-2.544630999999999865e+00
-3.119231000000000087e+00
-2.451430999999999916e+00
1.814368999999999899e+00
1.487068999999999974e+00
1.471689999999999943e-01
