7.251800000000000468e-01
-4.615199999999999858e-01
-1.192020000000000080e+00
-6.084199999999999608e-01
5.963800000000000212e-01
1.286280000000000090e+00
-1.077020000000000088e+00
-1.588199999999999890e-01
8.668799999999999839e-01
2.497780000000000111e+00
-9.665200000000000458e-01
-3.404200000000000004e-01
-1.618419999999999970e+00
-1.818820000000000103e+00
-7.437200000000000477e-01
5.327800000000000313e-01
7.370799999999999574e-01
-8.065200000000000147e-01
-2.093820000000000014e+00
1.998580000000000023e+00
2.863780000000000214e+00
-1.939119999999999955e+00
2.944380000000000219e+00
2.950480000000000214e+00
-1.853019999999999889e+00
-4.508199999999999985e-01
-2.484020000000000117e+00
-2.831519999999999815e+00
1.372679999999999900e+00
-1.973319999999999963e+00
-2.501119999999999788e+00
-2.779819999999999958e+00
3.769080000000000208e+00
2.401479999999999837e+00
3.155980000000000008e+00
