-2.874376999999999960e+00
-3.979976999999999876e+00
-4.585976999999999748e+00
-4.023476999999999748e+00
-2.881876999999999800e+00
-2.332177000000000167e+00
-2.317276999999999809e+00
-1.038777000000000061e+00
-8.000770000000000381e-01
3.587230000000000141e-01
1.284823000000000048e+00
1.052423000000000108e+00
-1.032769999999999938e-01
-1.187777000000000083e+00
-4.526377000000000095e+00
4.576230000000000020e-01
1.676422999999999996e+00
1.591722999999999999e+00
2.856422999999999934e+00
2.750122999999999873e+00
3.999423000000000172e+00
-4.119769999999999821e-01
5.339230000000000365e-01
-4.536177000000000348e+00
-3.066177000000000152e+00
-2.166476999999999986e+00
-1.521576999999999957e+00
2.197522999999999893e+00
1.800923000000000052e+00
-1.299277000000000015e+00
-3.662770000000000192e-01
-5.361677000000000248e+00
-4.090476999999999919e+00
1.791622999999999966e+00
2.530523000000000078e+00
1.415723000000000065e+00
7.138229999999999853e-01
3.022822999999999816e+00
3.724723000000000006e+00
2.592423000000000144e+00
1.881623000000000046e+00
3.896723000000000159e+00
4.165822999999999610e+00
4.885523000000000060e+00
1.378230000000000011e-01
1.490123000000000086e+00
6.621230000000000171e-01
