-7.443380000000000551e-01
-1.848038000000000070e+00
-2.350638000000000005e+00
-1.693737999999999966e+00
-5.302379999999999871e-01
-1.124379999999999963e-01
-2.177038000000000029e+00
-1.531037999999999899e+00
-3.808380000000000098e-01
1.222619999999999957e-01
3.412620000000000098e-01
-4.502380000000000271e-01
6.737619999999999720e-01
1.695162000000000058e+00
2.614961999999999787e+00
2.521361999999999881e+00
1.505762000000000045e+00
5.553620000000000223e-01
1.060661999999999994e+00
-2.505138000000000087e+00
1.430762000000000089e+00
4.295619999999999994e-01
-5.133379999999999610e-01
-4.528380000000000183e-01
-3.080538000000000221e+00
-1.931138000000000021e+00
1.379561999999999955e+00
3.619620000000000060e-01
1.786062000000000038e+00
3.406562000000000090e+00
3.253562000000000065e+00
1.340362000000000053e+00
1.290661999999999976e+00
-3.345438000000000134e+00
-2.152038000000000117e+00
2.159062000000000037e+00
3.867619999999999947e-01
-1.300437999999999983e+00
-1.215937999999999963e+00
