5.358279999999999710e-01
-7.215719999999999912e-01
-1.424571999999999949e+00
-8.190720000000000223e-01
4.919279999999999764e-01
1.124927999999999928e+00
1.155728000000000089e+00
9.752279999999999838e-01
1.579528000000000043e+00
2.403827999999999854e+00
2.600427999999999962e+00
1.978027999999999897e+00
-1.330372000000000110e+00
2.441428000000000154e+00
3.200127999999999862e+00
-3.017571999999999921e+00
-1.634571999999999914e+00
1.382927999999999935e+00
2.305280000000000107e-01
-5.277199999999999946e-02
-1.375971999999999973e+00
9.460279999999999800e-01
1.870427999999999980e+00
2.822027999999999981e+00
-1.463171999999999917e+00
-2.870071999999999957e+00
3.489280000000000159e-01
3.237427999999999972e+00
2.142927999999999944e+00
-2.283072000000000212e+00
-8.268720000000000514e-01
2.792327999999999921e+00
2.804127999999999954e+00
-3.532372000000000067e+00
-2.951172000000000128e+00
-3.635571999999999804e+00
-1.758472000000000035e+00
-1.082472000000000101e+00
-2.096271999999999913e+00
-1.632671999999999901e+00
4.248279999999999834e-01
1.535528000000000004e+00
2.417927999999999855e+00
1.302527999999999908e+00
3.380428000000000210e+00
-7.663720000000000532e-01
-1.167272000000000087e+00
-2.911572000000000049e+00
-3.589771999999999963e+00
-3.182272000000000212e+00
