1.595637999999999890e+00
3.055379999999999763e-01
-5.581620000000000470e-01
-8.656200000000000006e-02
1.234237999999999946e+00
2.053837999999999830e+00
-1.102662000000000031e+00
-4.758620000000000072e-01
6.964380000000000015e-01
1.759538000000000046e+00
2.724380000000000135e-01
-2.398619999999999919e-01
-8.301619999999999555e-01
-1.277261999999999897e+00
-1.914462000000000108e+00
-2.127762000000000153e+00
-1.704561999999999911e+00
-1.067561999999999900e+00
3.390038000000000107e+00
-1.632619999999999905e-01
-1.997762000000000038e+00
-1.712161999999999962e+00
-1.783361999999999892e+00
-1.243562000000000056e+00
-1.034619999999999984e-01
1.175837999999999939e+00
2.406737999999999822e+00
2.393537999999999943e+00
-4.865619999999999945e-01
1.138238000000000083e+00
5.683799999999999963e-02
-1.131361999999999979e+00
-2.245562000000000058e+00
-2.624261999999999873e+00
-7.528620000000000312e-01
3.924037999999999915e+00
3.897737999999999925e+00
-1.136061999999999905e+00
4.644380000000000175e-01
