-4.474725000000000286e+00
-5.448624999999999829e+00
-5.468225000000000335e+00
-4.443525000000000169e+00
-3.355024999999999924e+00
-3.454225000000000101e+00
-4.483425000000000438e+00
-3.445225000000000204e+00
-2.365924999999999834e+00
-2.307925000000000004e+00
-1.231724999999999959e+00
-4.259249999999999980e-01
9.207500000000000406e-02
1.442274999999999974e+00
1.950674999999999937e+00
1.112475000000000103e+00
-2.367249999999999910e-01
-7.323250000000000037e-01
-2.435525000000000162e+00
-6.490924999999999834e+00
1.702174999999999994e+00
2.874874999999999847e+00
8.787749999999999728e-01
1.283274999999999944e+00
2.997500000000000164e-02
1.257499999999999937e-02
-1.127324999999999910e+00
3.087750000000000217e-01
2.186075000000000212e+00
3.020875000000000199e+00
3.982975000000000154e+00
4.806474999999999831e+00
5.712975000000000136e+00
-3.509424999999999795e+00
-1.668125000000000080e+00
-5.691249999999999920e-01
2.145575000000000010e+00
3.008474999999999788e+00
-9.200249999999999817e-01
-1.795825000000000005e+00
-1.891224999999999934e+00
-2.586425000000000196e+00
-7.245025000000000048e+00
-6.505325000000000024e+00
-7.922500000000000375e-02
1.810675000000000034e+00
-1.850125000000000020e+00
6.335749999999999993e-01
1.182274999999999965e+00
-3.230250000000000066e-01
2.872174999999999923e+00
1.576975000000000016e+00
2.364075000000000149e+00
3.593675000000000175e+00
4.651975000000000193e+00
3.410274999999999945e+00
4.145875000000000199e+00
5.390175000000000161e+00
6.304475000000000051e+00
6.382674999999999876e+00
