2.069907000000000163e+00
7.808070000000000288e-01
8.840699999999999947e-02
7.398069999999999924e-01
2.090507000000000115e+00
2.711606999999999879e+00
2.822407000000000110e+00
3.359806999999999988e+00
4.053607000000000404e+00
4.220207000000000264e+00
3.692206999999999795e+00
2.998507000000000033e+00
1.269069999999999920e-01
4.064007000000000147e+00
5.064707000000000292e+00
4.677907000000000259e+00
-9.749299999999999633e-02
-1.376992999999999912e+00
-2.215193000000000190e+00
-3.451493000000000144e+00
-3.375093000000000121e+00
-4.512592999999999854e+00
-5.735393000000000185e+00
-5.822293000000000163e+00
-4.685893000000000086e+00
3.234806999999999988e+00
3.814506999999999870e+00
2.594507000000000119e+00
-8.502929999999999655e-01
6.225070000000000325e-01
4.293506999999999962e+00
4.684107000000000021e+00
3.675069999999999726e-01
-1.868792999999999926e+00
-2.506492999999999860e+00
-1.639593000000000078e+00
-2.424593000000000220e+00
-4.443793000000000326e+00
-6.621192999999999884e+00
-6.776292999999999900e+00
-4.769293000000000227e+00
