-1.096878000000000020e+00
-2.408177999999999930e+00
-3.315878000000000103e+00
-2.867478000000000193e+00
-1.524777999999999967e+00
-6.767779999999999907e-01
-3.767177999999999916e+00
-3.336777999999999800e+00
-1.982577999999999951e+00
-1.088278000000000079e+00
7.014219999999999899e-01
-2.851177999999999990e+00
-1.515478000000000103e+00
-2.952779999999999849e-01
2.797220000000000262e-01
1.476221999999999923e+00
2.158522000000000052e+00
1.584122000000000030e+00
3.860219999999999763e-01
2.001621999999999790e+00
1.573322000000000109e+00
2.145122000000000195e+00
2.483621999999999996e+00
3.357422000000000128e+00
4.430822000000000038e+00
-2.200677999999999912e+00
-4.829678000000000360e+00
-4.074277999999999622e+00
1.046121999999999996e+00
1.264922000000000102e+00
-3.839678000000000146e+00
-2.188978000000000090e+00
-2.073780000000000068e-01
3.521999999999999957e-03
2.009822000000000219e+00
4.828219999999999734e-01
1.926922000000000024e+00
2.410222000000000087e+00
3.518521999999999927e+00
1.799622000000000055e+00
5.368021999999999849e+00
4.455122000000000249e+00
4.362321999999999811e+00
-1.641877999999999949e+00
-2.300678000000000001e+00
-3.215977999999999781e+00
