-3.210675000000000168e+00
-4.548474999999999824e+00
-5.277474999999999916e+00
-4.567874999999999908e+00
-3.192474999999999952e+00
-2.539375000000000160e+00
-5.189275000000000304e+00
-3.990075000000000038e+00
-2.728474999999999984e+00
1.406924999999999981e+00
-1.174874999999999892e+00
-5.210975000000000357e+00
1.905124999999999957e+00
3.103425000000000100e+00
3.822125000000000217e+00
3.310525000000000162e+00
2.119625000000000092e+00
3.960424999999999862e+00
4.011224999999999596e+00
5.013325000000000031e+00
6.098024999999999807e+00
3.656724999999999781e+00
2.872125000000000039e+00
1.055249999999999938e-01
-1.482774999999999954e+00
-1.116875000000000062e+00
-5.536475000000000257e+00
-6.013675000000000104e+00
-4.076374999999999638e+00
-3.955775000000000041e+00
-2.558475000000000055e+00
-7.038750000000000284e-01
-8.112749999999999684e-01
-6.216675000000000395e+00
-4.691874999999999574e+00
1.328724999999999934e+00
1.742725000000000080e+00
4.126025000000000276e+00
4.882525000000000226e+00
3.092624999999999957e+00
7.024625000000000341e+00
6.161724999999999675e+00
6.009125000000000050e+00
3.416325000000000056e+00
2.742624999999999869e+00
1.907124999999999959e+00
-4.567500000000000032e-02
1.909250000000000114e-01
-1.629075000000000051e+00
-6.351750000000000451e-01
-1.960274999999999990e+00
-9.458750000000000213e-01
