1.341895000000000060e+00
2.499499999999999986e-02
-5.874049999999999550e-01
1.598950000000000093e-01
1.541395000000000071e+00
2.093795000000000073e+00
-4.872049999999999992e-01
1.695949999999999958e-01
1.563995000000000024e+00
2.253095000000000070e+00
3.458194999999999908e+00
-7.495049999999999768e-01
2.314795000000000158e+00
-5.322050000000000392e-01
1.349950000000000039e-01
1.629094999999999960e+00
-1.939105000000000079e+00
-2.650904999999999845e+00
-1.973205000000000098e+00
-5.822049999999999725e-01
-2.542504999999999793e+00
-3.964504999999999946e+00
3.336794999999999956e+00
4.017294999999999838e+00
3.740994999999999848e+00
-1.752305000000000001e+00
-3.155049999999999799e-01
2.377994999999999859e+00
3.340395000000000003e+00
2.065995000000000026e+00
1.808095000000000008e+00
-2.510505000000000209e+00
-3.734205000000000219e+00
-4.710500000000000104e-02
-4.258205000000000240e+00
-4.441704999999999792e+00
-4.305005000000000415e+00
