1.231369999999999965e-01
-1.199462999999999946e+00
-1.938561999999999896e+00
-1.309862000000000082e+00
7.323699999999999655e-02
7.522379999999999622e-01
-2.057361999999999913e+00
-1.463762999999999925e+00
-8.946300000000000086e-02
6.786379999999999635e-01
2.121436999999999795e+00
-1.842362999999999973e+00
3.714370000000000172e-01
1.777238000000000095e+00
-3.136162999999999812e+00
-2.089561999999999919e+00
1.753636999999999890e+00
2.711837000000000053e+00
2.498238000000000181e+00
-2.843961999999999879e+00
-1.313261999999999929e+00
1.979638000000000009e+00
2.332536999999999860e+00
2.110538000000000025e+00
