9.617689999999999850e-01
8.872689999999999744e-01
6.097690000000000055e-01
3.757690000000000197e-01
4.539690000000000114e-01
3.050689999999999791e-01
2.481690000000000007e-01
8.015689999999999760e-01
7.324690000000000367e-01
3.593689999999999940e-01
5.986690000000000067e-01
1.169690000000000035e-01
1.315689999999999915e-01
1.207669000000000104e+00
2.922690000000000010e-01
1.049169000000000018e+00
4.591689999999999938e-01
-9.047309999999999519e-01
-1.669230999999999909e+00
-1.070731000000000099e+00
-3.001530999999999949e+00
-3.779431000000000207e+00
-1.512130999999999892e+00
-1.430331000000000019e+00
1.108969000000000094e+00
2.530768999999999824e+00
3.371689999999999965e-01
-1.283310000000000006e-01
9.478689999999999616e-01
1.043968999999999925e+00
1.154968999999999912e+00
-6.315309999999999535e-01
1.841469000000000023e+00
1.853690000000000060e-01
2.102768999999999888e+00
-1.665431000000000106e+00
-4.832931000000000310e+00
-3.522631000000000068e+00
-3.657131000000000132e+00
-1.955931000000000086e+00
-1.917631000000000085e+00
-3.889310000000000267e-01
2.889669000000000043e+00
2.974168999999999841e+00
2.846068999999999960e+00
1.403689999999999938e-01
4.841690000000000160e-01
-7.890310000000000379e-01
-2.606310000000000016e-01
9.366689999999999738e-01
2.003169000000000199e+00
