-2.321382999999999974e+00
-3.608483000000000107e+00
-4.235483000000000331e+00
-3.435182999999999875e+00
-2.099382999999999999e+00
-1.534183000000000074e+00
-3.868183000000000149e+00
-2.816082999999999892e+00
-1.695082999999999895e+00
-3.415830000000000255e-01
-2.264829999999999899e-01
-4.335283000000000442e+00
-2.624830000000000219e-01
9.143170000000000464e-01
2.181716999999999906e+00
3.343516999999999850e+00
3.266516999999999893e+00
2.012916999999999845e+00
8.545169999999999710e-01
4.470517000000000074e+00
4.432916999999999774e+00
-3.011582999999999899e+00
3.151169999999999805e-01
3.651700000000000085e-02
4.555170000000000052e-01
8.751699999999999757e-02
-5.306783000000000250e+00
-3.893883000000000205e+00
-1.133982999999999963e+00
2.302217000000000180e+00
4.314416999999999724e+00
1.889817000000000080e+00
-1.118829999999999963e-01
5.465817000000000370e+00
3.917216999999999949e+00
3.976316999999999879e+00
