-1.054620000000000002e-01
-1.436361999999999917e+00
-2.221362000000000059e+00
-1.621761999999999926e+00
-2.377620000000000011e-01
4.710380000000000122e-01
-2.399561999999999973e+00
-1.821461999999999914e+00
-4.385620000000000074e-01
3.555380000000000207e-01
2.254379999999999995e-01
2.377380000000000049e-01
7.150379999999999514e-01
6.854379999999999917e-01
1.133737999999999913e+00
1.617737999999999898e+00
1.647038000000000002e+00
1.194738000000000078e+00
1.861237999999999948e+00
-2.035562000000000094e+00
2.227138000000000062e+00
2.158637999999999835e+00
-3.484062000000000214e+00
-2.448062000000000182e+00
-3.165620000000000100e-01
1.252237999999999962e+00
7.738000000000000086e-03
3.070379999999999776e-01
1.097237999999999936e+00
1.227438000000000029e+00
2.336538000000000004e+00
2.320638000000000201e+00
-3.042762000000000189e+00
-1.470061999999999980e+00
