7.670299999999999896e-01
-5.639699999999999713e-01
-1.275570000000000093e+00
-6.074699999999999545e-01
7.877300000000000413e-01
1.433230000000000004e+00
-1.327569999999999917e+00
-7.042699999999999516e-01
6.906299999999999661e-01
1.432630000000000070e+00
2.812730000000000175e+00
-1.246969999999999912e+00
-1.532070000000000043e+00
-9.014699999999999935e-01
-1.880770000000000053e+00
-2.710669999999999913e+00
-2.416370000000000129e+00
1.208730000000000082e+00
2.519229999999999858e+00
3.344030000000000058e+00
3.167229999999999990e+00
-2.255669999999999842e+00
-7.403699999999999726e-01
