-1.621653000000000011e+00
-2.954253000000000018e+00
-3.726452999999999793e+00
-3.090752999999999862e+00
-1.721052999999999944e+00
-1.015252999999999961e+00
-1.095253000000000032e+00
-5.181529999999999747e-01
-7.821529999999999871e-01
-2.712530000000000219e-01
5.131470000000000198e-01
7.805469999999999908e-01
2.680469999999999797e-01
3.619470000000000187e-01
-3.564153000000000127e+00
-6.051530000000000520e-01
9.166469999999999896e-01
1.351247000000000087e+00
2.756847000000000047e+00
4.686469999999999803e-01
1.282847000000000071e+00
3.298246999999999929e+00
4.460746999999999574e+00
2.390146999999999800e+00
-5.244529999999999470e-01
-1.909530000000000116e-01
-6.808530000000000415e-01
-3.741153000000000173e+00
-1.844853000000000076e+00
-3.131530000000000147e-01
-1.396052999999999988e+00
9.374470000000000303e-01
1.393447000000000102e+00
8.603469999999999729e-01
7.711470000000000269e-01
-4.570253000000000121e+00
-3.006552999999999809e+00
9.878470000000000306e-01
1.610546999999999951e+00
6.398470000000000546e-01
1.331647000000000025e+00
3.445047000000000192e+00
2.773047000000000040e+00
1.350746999999999920e+00
2.298446999999999907e+00
8.261469999999999647e-01
2.867646999999999835e+00
-1.151653000000000038e+00
-9.314529999999999754e-01
-6.294530000000000403e-01
9.025469999999999882e-01
-1.740253000000000050e+00
-1.583529999999999938e-01
