1.402547999999999906e+00
7.804700000000000526e-02
-7.293520000000000003e-01
-1.600519999999999998e-01
1.204147000000000078e+00
1.955448000000000075e+00
-1.113151999999999919e+00
-4.509520000000000195e-01
8.716479999999999784e-01
1.834448000000000079e+00
7.370480000000000365e-01
9.144800000000000151e-02
8.134470000000000312e-01
2.124479999999999980e-01
-1.115053000000000072e+00
-1.855253000000000041e+00
-1.239551999999999987e+00
3.327748000000000150e+00
-4.889530000000000265e-01
-3.272053000000000100e+00
-1.673353000000000090e+00
-1.852352999999999916e+00
-1.154652999999999929e+00
-2.409530000000000005e-01
1.347747999999999946e+00
2.303646999999999778e+00
2.642748000000000097e+00
1.908479999999999899e-01
1.736048000000000036e+00
1.855547999999999975e+00
7.840479999999999672e-01
-1.566753000000000062e+00
-1.807952999999999921e+00
3.857546999999999837e+00
3.778147000000000144e+00
-1.489652999999999894e+00
9.454799999999999316e-02
-3.860853000000000090e+00
-3.290951999999999877e+00
-3.757451999999999792e+00
