-9.955570000000000253e-01
-2.361156999999999950e+00
-3.142656999999999812e+00
-2.490356999999999932e+00
-1.142157000000000089e+00
-2.907569999999999877e-01
-3.108856999999999982e+00
-2.166557000000000066e+00
-9.157570000000000432e-01
9.263430000000000275e-01
-2.871157000000000181e+00
1.972442999999999946e+00
-2.555657000000000068e+00
2.880942999999999810e+00
4.016442999999999763e+00
4.270242999999999789e+00
3.380742999999999832e+00
2.245642999999999834e+00
4.028430000000000066e-01
8.375430000000000375e-01
5.113942999999999905e+00
-4.574570000000000025e-01
-4.104656999999999556e+00
-3.867656999999999901e+00
-2.304956999999999923e+00
-2.370356999999999825e+00
-1.979157000000000055e+00
-3.616856999999999989e+00
2.718243000000000187e+00
5.152243000000000350e+00
3.566443000000000030e+00
1.564842999999999984e+00
1.174442999999999904e+00
3.033429999999999738e-01
2.150430000000000119e-01
