5.452380000000000004e-01
-6.309620000000000228e-01
-1.688161999999999940e+00
-1.548561999999999994e+00
-3.733620000000000272e-01
6.546380000000000532e-01
-2.620461999999999847e+00
-2.522861999999999938e+00
-1.323661999999999894e+00
-2.511619999999999964e-01
-1.178962000000000065e+00
-9.326619999999999910e-01
-1.049619999999999997e-01
2.020379999999999954e-01
1.038038000000000016e+00
1.600737999999999994e+00
1.308038000000000034e+00
4.707379999999999898e-01
1.911937999999999915e+00
-7.635619999999999630e-01
2.496938000000000102e+00
2.958737999999999868e+00
-1.685562000000000005e+00
2.798238000000000003e+00
3.627638000000000140e+00
3.418937999999999811e+00
1.679937999999999931e+00
-3.560162000000000049e+00
-3.378762000000000043e+00
-3.407620000000000093e-01
-2.070062000000000069e+00
-2.260620000000000129e-01
1.215737999999999985e+00
1.726838000000000095e+00
2.968379999999999908e-01
1.953438000000000008e+00
2.606338000000000044e+00
-1.642862000000000045e+00
1.763800000000000090e-02
-1.055561999999999889e+00
-2.062661999999999995e+00
-2.566861999999999977e+00
