1.128306000000000031e+00
-1.862939999999999874e-01
-8.282939999999999747e-01
-9.159399999999999487e-02
1.276305999999999941e+00
1.849606000000000083e+00
-8.654939999999999856e-01
-7.294000000000000136e-03
1.294305999999999957e+00
2.092105999999999799e+00
1.151405999999999930e+00
3.211060000000000025e-01
8.545059999999999878e-01
9.130599999999999827e-02
-1.209294000000000091e+00
-1.767393999999999910e+00
-9.882940000000000058e-01
3.202205999999999886e+00
-9.232939999999999481e-01
-3.058193999999999857e+00
-3.662993999999999861e+00
-1.979494000000000087e+00
-1.797793999999999892e+00
5.169059999999999766e-01
1.765905999999999976e+00
-1.478693999999999953e+00
-1.568194000000000088e+00
-6.000940000000000163e-01
2.621060000000000056e-01
1.910206000000000071e+00
2.605005999999999933e+00
2.875706000000000095e+00
7.539059999999999651e-01
2.155606000000000133e+00
1.877505999999999897e+00
-1.378293999999999908e+00
3.852705999999999964e+00
3.514705999999999886e+00
-1.919893999999999989e+00
-4.668939999999999757e-01
-4.689694000000000251e+00
-3.709293999999999869e+00
-3.142593999999999888e+00
-7.565939999999999888e-01
-2.421793999999999780e+00
-2.120693999999999857e+00
1.757506000000000013e+00
1.917205999999999966e+00
2.592306000000000221e+00
