-4.749160000000000048e-01
-1.806516000000000011e+00
-2.570415999999999812e+00
-1.947216000000000058e+00
-5.597159999999999913e-01
1.252840000000000065e-01
-2.702516000000000140e+00
-2.099515999999999938e+00
-7.144160000000000510e-01
5.778400000000000203e-02
-2.431600000000000081e-02
-4.781599999999999739e-02
4.502840000000000176e-01
3.856840000000000268e-01
8.561839999999999451e-01
1.398284000000000082e+00
1.466383999999999910e+00
9.893840000000000412e-01
1.515084000000000097e+00
-2.429316000000000031e+00
1.968884000000000079e+00
2.469883999999999968e+00
-3.788715999999999973e+00
-2.708715999999999902e+00
-5.294159999999999977e-01
1.012683999999999918e+00
-3.290159999999999751e-01
-3.701600000000000029e-02
7.966839999999999478e-01
1.753084000000000087e+00
1.053083999999999909e+00
2.007683999999999802e+00
1.957084000000000046e+00
-3.437715999999999994e+00
-1.880015999999999909e+00
2.834684000000000204e+00
3.313483999999999874e+00
1.675683999999999951e+00
