1.650042000000000009e+00
3.893420000000000214e-01
-4.120579999999999798e-01
1.005420000000000064e-01
1.402341999999999977e+00
2.138241999999999976e+00
-8.211580000000000545e-01
-3.768580000000000263e-01
1.121742000000000017e+00
1.959642000000000106e+00
1.593042000000000069e+00
1.315442000000000000e+00
2.887419999999999987e-01
1.526419999999999999e-01
-8.578580000000000094e-01
-1.773757999999999946e+00
-1.696458000000000022e+00
-6.669580000000000508e-01
3.451842000000000077e+00
-1.152579999999999993e-01
-1.030958000000000041e+00
-7.045800000000000674e-02
-2.588058000000000192e+00
-3.715857999999999883e+00
-2.793757999999999964e+00
-2.401158000000000126e+00
2.255441999999999947e+00
3.083041999999999838e+00
-9.178579999999999517e-01
-1.822557999999999900e+00
-9.743579999999999464e-01
-6.067580000000000195e-01
1.336341999999999919e+00
2.033241999999999994e+00
2.982241999999999837e+00
1.197241999999999917e+00
2.678942000000000156e+00
8.618419999999999970e-01
-6.546579999999999622e-01
3.722642000000000007e+00
3.896042000000000005e+00
-1.071158000000000055e+00
4.654420000000000224e-01
-1.034579999999999944e-01
-3.339579999999999771e-01
9.354419999999999957e-01
-4.385258000000000322e+00
-4.266557999999999851e+00
-3.410858000000000168e+00
-3.233458000000000165e+00
-2.201058000000000181e+00
-1.527357999999999993e+00
3.818442000000000114e+00
