-2.380895999999999901e+00
-2.436395999999999784e+00
-1.286195999999999895e+00
-2.589599999999999888e-02
1.045039999999999997e-01
1.214504000000000028e+00
9.114039999999999919e-01
1.124040000000000039e-01
-1.099296000000000051e+00
-1.218096000000000068e+00
-3.892959999999999754e-01
-1.472596000000000016e+00
1.030103999999999909e+00
8.555040000000000422e-01
2.406040000000000123e-01
-2.531959999999999766e-01
-1.411959999999999882e-01
4.504040000000000266e-01
9.914039999999999520e-01
8.697040000000000326e-01
1.587704000000000004e+00
2.427204000000000139e+00
5.806040000000000090e-01
-5.858959999999999724e-01
-5.861960000000000504e-01
-9.206959999999999589e-01
-5.640960000000000418e-01
2.347604000000000024e+00
-3.327296000000000031e+00
-2.268295999999999868e+00
-3.321896000000000182e+00
3.498040000000000038e-01
2.132404000000000188e+00
1.446703999999999990e+00
1.880503999999999953e+00
3.753040000000000265e-01
-1.060996000000000050e+00
-1.992696000000000023e+00
-1.402795999999999932e+00
-7.230959999999999610e-01
1.238904000000000005e+00
2.950703999999999994e+00
3.183403999999999900e+00
1.831404000000000032e+00
-4.225960000000000272e-01
-7.503959999999999519e-01
-1.471896000000000093e+00
-1.123096000000000094e+00
-1.829596000000000000e+00
-8.579599999999999727e-02
2.410039999999999960e-01
-1.496296000000000070e+00
2.755803999999999920e+00
2.527104000000000017e+00
