-3.246173999999999893e+00
-4.582974000000000103e+00
-5.459973999999999883e+00
-4.865674000000000277e+00
-3.506873999999999825e+00
-2.671873999999999860e+00
-5.575073999999999863e+00
-4.677673999999999666e+00
-3.381673999999999847e+00
-2.140474000000000210e+00
-1.301574000000000009e+00
-5.086374000000000173e+00
-1.523673999999999973e+00
1.031259999999999954e-01
3.327260000000000217e-01
1.626025999999999971e+00
2.694326000000000221e+00
2.474425999999999792e+00
1.182525999999999966e+00
4.241226000000000163e+00
3.689925999999999817e+00
4.006526000000000032e+00
4.889426000000000272e+00
5.457626000000000310e+00
5.140626000000000140e+00
3.998126000000000069e+00
-5.102073999999999998e+00
-1.370973999999999915e+00
-2.347074000000000105e+00
-7.828739999999999588e-01
-7.801740000000000341e-01
-6.085373999999999839e+00
-4.453774000000000122e+00
-4.830740000000000034e-01
1.782026000000000110e+00
3.306626000000000065e+00
1.033825999999999912e+00
3.015925999999999885e+00
3.567426000000000208e+00
5.139325999999999617e+00
6.150725999999999694e+00
5.592926000000000286e+00
