-8.071000000000000049e-03
-1.317871000000000015e+00
-2.173671000000000131e+00
-1.672571000000000030e+00
-3.213710000000000178e-01
4.671290000000000164e-01
-2.525370999999999810e+00
-2.050470999999999933e+00
-6.956710000000000393e-01
1.708290000000000086e-01
-1.385709999999999997e-01
9.122900000000000453e-02
5.575290000000000523e-01
7.002289999999999903e-01
1.140729000000000104e+00
1.445629000000000053e+00
1.307828999999999908e+00
8.646289999999999809e-01
1.844929000000000041e+00
-1.816370999999999958e+00
7.187289999999999512e-01
9.921290000000000386e-01
-3.587771000000000043e+00
-2.733970999999999929e+00
-8.542710000000000026e-01
8.024289999999999479e-01
1.032899999999999964e-02
4.633289999999999909e-01
1.242329000000000017e+00
1.790129000000000081e+00
1.558329000000000075e+00
2.199428999999999856e+00
2.359328999999999787e+00
-2.805070999999999870e+00
-1.194471000000000060e+00
8.050289999999999946e-01
2.042729000000000017e+00
3.206289999999999973e-01
