2.530479999999999952e-01
-1.077252000000000098e+00
-1.830251999999999990e+00
-1.218952000000000035e+00
1.678479999999999972e-01
8.696479999999999766e-01
-2.004452000000000123e+00
-1.434752000000000027e+00
-7.085199999999999831e-02
7.426479999999999748e-01
2.251948000000000061e+00
-1.711351999999999984e+00
4.977480000000000238e-01
9.508480000000000265e-01
-2.140251999999999821e+00
1.823847999999999914e+00
2.756148000000000042e+00
2.648747999999999880e+00
-2.719552000000000191e+00
-1.168352000000000057e+00
1.340748000000000051e+00
-2.524520000000000097e-01
1.325247999999999982e+00
