-7.905919999999999614e-01
-2.106091999999999853e+00
-3.007992000000000221e+00
-2.550793000000000088e+00
-1.198992000000000058e+00
-3.586920000000000108e-01
-3.454692999999999792e+00
-3.029192000000000107e+00
-1.669893000000000072e+00
-7.528920000000000057e-01
-1.187491999999999992e+00
2.691080000000000139e-01
1.014108000000000009e+00
2.409708000000000183e+00
3.219606999999999886e+00
2.649106999999999879e+00
1.243007999999999891e+00
4.495080000000000187e-01
1.022807999999999939e+00
-2.560693000000000108e+00
3.442607999999999890e+00
2.854506999999999906e+00
1.468307999999999947e+00
6.676079999999999792e-01
-4.520491999999999955e+00
-3.756193000000000115e+00
-1.567992000000000052e+00
-1.597892000000000090e+00
7.325080000000000480e-01
2.890508000000000077e+00
4.301707999999999643e+00
-6.331919999999999771e-01
1.385307999999999984e+00
1.578306999999999904e+00
-3.552493000000000123e+00
-1.903693000000000080e+00
4.529506999999999728e+00
3.480208000000000190e+00
1.007508000000000070e+00
-4.155920000000000170e-01
