-3.459740000000000038e+00
-4.474540000000000184e+00
-5.034539999999999793e+00
-4.518340000000000245e+00
-3.464840000000000142e+00
-2.960039999999999782e+00
-2.935340000000000060e+00
-1.589239999999999986e+00
-1.407540000000000013e+00
-1.861399999999999999e-01
8.583600000000000119e-01
6.884599999999999609e-01
-5.254400000000000182e-01
-1.919040000000000079e+00
-4.976440000000000197e+00
-1.424400000000000110e-01
2.283859999999999779e+00
3.206459999999999866e+00
4.430360000000000298e+00
-7.656399999999999872e-01
2.814599999999999880e-01
5.404060000000000308e+00
6.522960000000000313e+00
4.925659999999999705e+00
1.162959999999999994e+00
9.773600000000000065e-01
-4.993540000000000312e+00
-3.648740000000000094e+00
-2.909240000000000048e+00
-2.223640000000000061e+00
1.817260000000000097e+00
1.535660000000000025e+00
-2.154939999999999856e+00
-1.059339999999999948e+00
-5.741439999999999877e+00
-4.576740000000000030e+00
2.812559999999999949e+00
2.034759999999999902e+00
3.536459999999999937e+00
2.657459999999999933e+00
4.147459999999999702e+00
4.954259999999999664e+00
-9.374000000000000388e-02
1.151759999999999895e+00
5.539600000000000080e-01
5.639459999999999695e+00
1.674760000000000026e+00
1.745360000000000023e+00
3.313599999999999879e-01
4.261599999999999833e-01
