-6.076489999999999947e-01
-1.234749000000000096e+00
-1.245848999999999984e+00
-5.785489999999999799e-01
1.052509999999999973e-01
3.555099999999999927e-02
8.385510000000000463e-01
1.548509999999999887e-01
8.397510000000000252e-01
2.246351000000000209e+00
2.940151000000000181e+00
2.239551000000000069e+00
-1.913548999999999944e+00
6.796510000000000051e-01
3.177751000000000214e+00
-1.295549000000000062e+00
-6.155490000000000128e-01
7.165100000000000635e-02
2.032509999999999872e-01
-5.282489999999999686e-01
-1.715548999999999991e+00
1.425251000000000046e+00
2.702551000000000148e+00
-1.603949000000000069e+00
-2.461348999999999787e+00
-2.381848999999999883e+00
-1.437648999999999955e+00
-5.743489999999999984e-01
-6.641489999999999894e-01
-1.956489999999999896e-01
1.121250999999999998e+00
3.564350999999999825e+00
2.902051000000000158e+00
-1.361849000000000087e+00
-2.115248999999999935e+00
-5.466490000000000515e-01
-9.320490000000000164e-01
4.028251000000000026e+00
2.799850999999999868e+00
-2.366248999999999825e+00
-1.926749000000000045e+00
7.176510000000000389e-01
5.718509999999999982e-01
-1.256548999999999916e+00
-2.349048999999999943e+00
-8.040490000000000137e-01
4.090509999999999979e-01
-1.143348999999999949e+00
-1.935049000000000019e+00
-2.561449000000000087e+00
-3.207749000000000184e+00
-3.063448999999999867e+00
1.626509999999999900e-01
9.510000000000000224e-04
-1.013849000000000000e+00
-1.409489999999999910e-01
1.035851000000000077e+00
1.925151000000000057e+00
3.945351000000000052e+00
2.260451000000000210e+00
2.673651000000000000e+00
