6.437000000000000499e-01
-2.298999999999999932e-01
-1.543600000000000083e+00
-2.018400000000000194e+00
-1.211400000000000032e+00
1.637000000000000122e-01
-3.394200000000000106e+00
-4.018299999999999983e+00
-3.250000000000000000e+00
-1.849599999999999911e+00
1.153899999999999926e+00
2.454999999999999960e-01
-1.092899999999999983e+00
-4.860999999999999766e-01
2.240000000000000047e-01
5.130000000000000115e-01
1.237600000000000033e+00
1.704199999999999937e+00
1.488799999999999901e+00
7.397000000000000242e-01
1.544000000000000039e+00
9.724000000000000421e-01
2.034100000000000019e+00
1.949799999999999978e+00
2.442499999999999893e+00
1.574600000000000000e+00
-4.012999999999999901e+00
-5.101300000000000168e+00
-3.752299999999999969e+00
1.338200000000000056e+00
9.849999999999999867e-01
-3.976999999999999980e-01
1.237300000000000066e+00
-1.780599999999999961e+00
-3.464999999999999747e-01
-8.380999999999999561e-01
1.565999999999999892e-01
5.389000000000000457e-01
1.250199999999999978e+00
-1.213999999999999940e-01
1.377699999999999925e+00
2.483400000000000052e+00
2.439200000000000035e+00
9.091000000000000192e-01
2.179600000000000204e+00
1.126200000000000090e+00
7.923999999999999932e-01
