-1.197467999999999977e+00
-1.936968000000000023e+00
-2.004967999999999861e+00
-1.280467999999999940e+00
-4.306679999999999953e-01
-4.652680000000000149e-01
-1.425567999999999946e+00
-7.653680000000000483e-01
9.023200000000000665e-02
3.275319999999999898e-01
7.558319999999999483e-01
-1.845680000000000098e-01
9.063200000000000423e-02
-9.347680000000000433e-01
-6.751679999999999904e-01
6.272320000000000118e-01
1.663632000000000000e+00
1.393432000000000004e+00
2.603320000000000078e-01
-2.678767999999999816e+00
1.354031999999999902e+00
7.511320000000000219e-01
2.077532000000000156e+00
-1.335167999999999910e+00
-9.579680000000000417e-01
1.155831999999999971e+00
1.601431999999999967e+00
-1.975967999999999947e+00
-1.507767999999999997e+00
2.702132000000000200e+00
2.254532000000000203e+00
7.113200000000000078e-02
1.261632000000000087e+00
-3.258767999999999887e+00
-2.656467999999999829e+00
8.639320000000000332e-01
1.982631999999999950e+00
2.066532000000000036e+00
2.006432000000000215e+00
2.662031999999999954e+00
2.573732000000000131e+00
-1.359668000000000099e+00
-2.273667999999999800e+00
-1.288067999999999991e+00
