1.126981000000000011e+00
-2.177189999999999959e-01
-1.044718999999999953e+00
-3.823190000000000199e-01
9.817810000000000148e-01
1.763281000000000098e+00
-9.133189999999999920e-01
1.235809999999999964e-01
1.287280999999999898e+00
3.135880999999999919e+00
-7.909190000000000387e-01
-5.351899999999999713e-02
-1.307318999999999898e+00
-1.432719000000000076e+00
-3.129190000000000027e-01
9.407809999999999784e-01
1.067681000000000102e+00
-4.491189999999999904e-01
-1.419019000000000030e+00
-1.549118999999999913e+00
-7.106190000000000007e-01
2.576809999999999934e-01
3.864810000000000190e-01
-1.898319000000000090e+00
3.643180999999999781e+00
3.648680999999999841e+00
-1.795218999999999898e+00
-2.070190000000000086e-01
-2.216118999999999950e+00
-2.428119000000000138e+00
1.841881000000000101e+00
2.062180999999999820e+00
-2.082519000000000009e+00
-2.306019000000000041e+00
-8.118189999999999573e-01
9.147809999999999553e-01
1.146381000000000094e+00
