-1.055188000000000015e+00
-2.326287999999999911e+00
-2.912987999999999911e+00
-2.192288000000000014e+00
-8.405880000000000019e-01
-3.219879999999999964e-01
-2.870188000000000184e+00
-2.240587999999999802e+00
-9.084879999999999622e-01
-1.814880000000000104e-01
-3.426879999999999926e-01
-2.218880000000000019e-01
2.573119999999999852e-01
2.956119999999999859e-01
7.518120000000000358e-01
1.185411999999999910e+00
1.157712000000000074e+00
6.875120000000000120e-01
9.981119999999999992e-01
-3.074488000000000110e+00
1.265012000000000025e+00
7.203119999999999523e-01
1.208412000000000042e+00
6.661120000000000374e-01
6.087120000000000308e-01
2.386119999999999908e-01
1.075811999999999991e+00
-2.870687999999999906e+00
-1.009687999999999919e+00
6.240120000000000111e-01
-4.681879999999999931e-01
-4.078799999999999787e-02
1.554812000000000083e+00
1.525511999999999979e+00
1.681511999999999896e+00
1.275811999999999946e+00
-4.043288000000000437e+00
-2.647187999999999874e+00
1.910312000000000010e+00
1.398911999999999933e+00
1.624811999999999923e+00
6.139120000000000132e-01
2.263812000000000157e+00
1.589012000000000091e+00
-1.537880000000000080e-01
1.811119999999999952e-01
-7.275880000000000125e-01
9.769120000000000026e-01
1.447511999999999910e+00
1.637011999999999912e+00
2.891200000000000020e-02
