8.527190000000000047e-01
1.419019000000000030e+00
2.185519000000000212e+00
2.370118999999999865e+00
1.830419000000000018e+00
1.072718999999999978e+00
2.053618999999999861e+00
1.222218999999999944e+00
-1.628809999999999980e-01
-9.763810000000000544e-01
-3.685809999999999920e-01
1.030218999999999996e+00
1.813018999999999936e+00
4.293190000000000062e-01
1.197618999999999989e+00
1.680018999999999929e+00
2.033818999999999821e+00
-2.384681000000000051e+00
-3.410981000000000041e+00
-4.622380999999999851e+00
-4.355481000000000158e+00
-2.990581000000000156e+00
-1.098880999999999997e+00
-1.040780999999999956e+00
2.984618999999999911e+00
3.121018999999999988e+00
1.855518999999999918e+00
-5.963810000000000500e-01
2.884719000000000033e+00
9.024189999999999712e-01
-1.046809999999999963e-01
1.598918999999999979e+00
6.111189999999999678e-01
2.553919000000000050e+00
2.714119000000000170e+00
1.143318999999999974e+00
-3.225581000000000031e+00
-5.592081000000000301e+00
-5.074281000000000041e+00
-2.407280999999999782e+00
-1.994680999999999926e+00
-8.998810000000000420e-01
-2.535810000000000008e-01
