3.046249999999999791e-01
-9.848749999999999449e-01
-1.732974999999999932e+00
-1.142474999999999907e+00
2.016249999999999987e-01
8.816249999999999920e-01
8.549250000000000460e-01
8.682250000000000245e-01
1.494024999999999936e+00
2.115724999999999856e+00
2.104124999999999801e+00
1.480324999999999891e+00
-1.579674999999999940e+00
2.230824999999999836e+00
2.919725000000000126e+00
1.479524999999999979e+00
6.881249999999999867e-01
2.241525000000000212e+00
-3.456974999999999909e+00
-2.010574999999999779e+00
3.938249999999999806e-01
2.581624999999999837e+00
1.489924999999999944e+00
-2.555074999999999985e+00
-1.041774999999999896e+00
2.619324999999999903e+00
2.627025000000000166e+00
-4.011474999999999902e+00
-3.515074999999999950e+00
-3.959975000000000023e+00
-2.015674999999999883e+00
-1.570075000000000109e+00
