-2.303220000000000045e+00
-3.622219999999999995e+00
-4.190019999999999634e+00
-3.489819999999999922e+00
-2.047120000000000051e+00
-1.505319999999999991e+00
-4.180019999999999847e+00
-3.565020000000000078e+00
-2.117820000000000036e+00
-1.397420000000000107e+00
-2.025200000000000056e-01
-4.374920000000000364e+00
-4.170919999999999739e+00
-1.276219999999999910e+00
-4.819999999999999632e-03
4.737999999999999851e-02
1.203980000000000050e+00
1.431880000000000042e+00
5.722800000000000109e-01
8.525800000000000045e-01
2.013780000000000125e+00
2.854480000000000128e+00
2.575279999999999792e+00
4.005080000000000418e+00
3.816780000000000062e+00
2.289280000000000204e+00
3.097080000000000055e+00
3.180000000000000101e-03
-9.676200000000000356e-01
5.388800000000000257e-01
8.107999999999999929e-02
-5.365319999999999645e+00
-3.966819999999999791e+00
-1.493219999999999992e+00
3.641800000000000037e-01
7.106799999999999784e-01
2.072680000000000078e+00
1.159780000000000033e+00
-3.221200000000000174e-01
3.256580000000000030e+00
4.559779999999999944e+00
2.823980000000000157e+00
4.002979999999999983e+00
3.295279999999999987e+00
2.573780000000000179e+00
4.058580000000000076e+00
-1.635720000000000063e+00
-4.926200000000000023e-01
-1.570419999999999927e+00
