-8.148450000000000415e-01
-2.135545000000000027e+00
-2.783345000000000180e+00
-2.046945000000000014e+00
-6.571449999999999791e-01
-1.009449999999999931e-01
-2.678244999999999987e+00
-1.955345000000000111e+00
-5.763449999999999962e-01
7.595499999999999474e-02
2.486549999999999871e-01
5.694550000000000445e-01
1.349955000000000016e+00
2.510854999999999837e+00
3.107755000000000045e+00
2.552754999999999885e+00
1.403755000000000086e+00
8.066550000000000109e-01
1.277055000000000051e+00
-2.872945000000000082e+00
-3.760545000000000027e+00
-2.471744999999999859e+00
-2.717450000000000143e-01
1.202455000000000052e+00
2.972255000000000091e+00
4.010155000000000136e+00
3.018854999999999844e+00
9.715549999999999464e-01
-8.914500000000000202e-02
1.806554999999999911e+00
1.619955000000000034e+00
-3.876244999999999941e+00
-2.413545000000000051e+00
