-3.908869999999999845e+00
-4.914769999999999861e+00
-5.508169999999999789e+00
-5.026869999999999727e+00
-3.976370000000000182e+00
-3.448269999999999946e+00
-3.472370000000000179e+00
-2.113869999999999916e+00
-1.898169999999999913e+00
-6.653700000000000170e-01
3.603299999999999836e-01
1.550300000000000011e-01
-1.074070000000000080e+00
-2.410369999999999902e+00
-5.362569999999999837e+00
-6.022699999999999720e-01
2.940129999999999910e+00
3.864630000000000010e+00
5.061530000000000307e+00
-1.353269999999999973e+00
-3.521699999999999831e-01
5.978629999999999889e+00
7.114329999999999821e+00
5.420630000000000059e+00
1.650330000000000075e+00
7.054300000000000015e-01
1.868030000000000079e+00
5.315299999999999470e-01
-5.526570000000000427e+00
-4.184169999999999945e+00
-3.477269999999999861e+00
-2.699669999999999792e+00
1.329229999999999912e+00
9.866300000000000070e-01
-2.643470000000000208e+00
-1.546570000000000000e+00
-6.101069999999999993e+00
-4.898369999999999891e+00
3.471029999999999838e+00
2.667730000000000157e+00
4.225430000000000241e+00
3.300129999999999786e+00
4.746129999999999960e+00
5.639829999999999899e+00
-7.684699999999999864e-01
5.321299999999999919e-01
-9.636999999999999733e-02
6.091929999999999623e+00
9.894300000000000317e-01
1.131129999999999969e+00
1.158230000000000093e+00
1.341830000000000078e+00
2.499730000000000008e+00
2.388430000000000053e+00
-1.226999999999999966e-02
-1.074699999999999961e-01
