-7.871789999999999621e-01
-2.111079000000000150e+00
-2.804279000000000188e+00
-2.113678999999999863e+00
-7.251790000000000180e-01
-1.165790000000000021e-01
-2.794678999999999913e+00
-2.119679000000000091e+00
-7.375789999999999846e-01
-3.787900000000000295e-02
2.812100000000000016e-02
-1.081789999999999974e-01
4.234209999999999918e-01
2.205209999999999948e-01
7.130210000000000159e-01
1.403920999999999975e+00
1.639321000000000028e+00
1.134420999999999902e+00
1.258021000000000056e+00
-2.802979000000000109e+00
2.353921000000000152e+00
2.626520999999999884e+00
1.914120999999999961e+00
9.008209999999999829e-01
-3.878378999999999799e+00
-2.671679000000000137e+00
-3.528789999999999982e-01
1.085820999999999925e+00
-5.274790000000000312e-01
-3.286789999999999989e-01
5.540209999999999857e-01
1.296521000000000035e+00
1.836721000000000048e+00
1.648220999999999936e+00
-3.807078999999999880e+00
-2.308279000000000192e+00
3.212220999999999993e+00
1.699921000000000015e+00
3.226920999999999928e+00
1.365021000000000040e+00
1.003209999999999935e-01
4.915209999999999857e-01
