-8.234129999999999505e-01
-1.871213000000000015e+00
-2.312713000000000019e+00
-1.659413000000000027e+00
-5.430129999999999679e-01
-1.838130000000000042e-01
-2.118212999999999901e+00
-1.468812999999999924e+00
-3.635129999999999750e-01
1.142869999999999997e-01
3.159870000000000179e-01
-5.501129999999999631e-01
5.448870000000000102e-01
1.543587000000000042e+00
2.439687000000000161e+00
2.343687000000000076e+00
1.350187000000000026e+00
4.249870000000000037e-01
9.335869999999999447e-01
-2.533313000000000148e+00
1.272786999999999891e+00
2.938870000000000093e-01
-6.237129999999999619e-01
-5.607130000000000170e-01
-1.874813000000000063e+00
1.346387000000000000e+00
3.617870000000000252e-01
1.635086999999999957e+00
3.214687000000000072e+00
3.056986999999999899e+00
1.192187000000000108e+00
1.120786999999999978e+00
-3.331913000000000125e+00
-2.220413000000000192e+00
1.981486999999999998e+00
2.486869999999999914e-01
-1.392813000000000079e+00
-1.303712999999999900e+00
