1.727690000000000059e-01
-1.127531000000000061e+00
-1.681030999999999942e+00
-8.940310000000000201e-01
4.955689999999999817e-01
9.727689999999999948e-01
-1.549530999999999992e+00
-8.810310000000000086e-01
5.046690000000000342e-01
1.220868999999999982e+00
1.198269000000000029e+00
2.610168999999999961e+00
3.379969000000000001e+00
2.733169000000000182e+00
2.312768999999999853e+00
-1.945230999999999932e+00
-1.757530999999999954e+00
-2.662530999999999981e+00
-3.497030999999999779e+00
-3.444430999999999798e+00
-2.561930999999999958e+00
-1.727330999999999950e+00
1.240669000000000022e+00
6.249689999999999968e-01
3.110869000000000106e+00
2.577869000000000188e+00
3.398569000000000173e+00
4.421968999999999816e+00
3.000769000000000020e+00
3.176969000000000154e+00
2.751568999999999932e+00
2.892168999999999990e+00
-2.941631000000000107e+00
-1.549930999999999948e+00
-2.718331000000000053e+00
-4.189231000000000371e+00
-4.094930999999999877e+00
-2.523731000000000169e+00
-1.050430999999999893e+00
