-2.106990000000000141e+00
-3.333289999999999864e+00
-3.960589999999999833e+00
-3.228390000000000093e+00
-1.950290000000000079e+00
-1.389289999999999914e+00
-3.641090000000000160e+00
-2.649589999999999890e+00
-1.579790000000000028e+00
-3.457899999999999863e-01
-1.562900000000000122e-01
-3.998489999999999878e+00
-3.654899999999999816e-01
8.210100000000000176e-01
2.036709999999999798e+00
2.067810000000000148e+00
8.691100000000000492e-01
3.198510000000000186e+00
3.784110000000000085e+00
7.848100000000000076e-01
5.577100000000000390e-01
3.300409999999999844e+00
3.367809999999999970e+00
-4.539589999999999570e+00
-2.794389999999999930e+00
4.091099999999999737e-01
1.574099999999999944e-01
-4.922990000000000421e+00
-3.558089999999999975e+00
-1.298890000000000100e+00
8.508099999999999552e-01
4.722310000000000230e+00
3.132810000000000095e+00
4.015509999999999913e+00
5.463099999999999623e-01
1.362810000000000077e+00
-4.123899999999999788e-01
4.416109999999999758e+00
3.031109999999999971e+00
2.799409999999999954e+00
