-1.889848999999999890e+00
-3.171549000000000174e+00
-4.045649000000000051e+00
-3.607048999999999950e+00
-2.284248999999999974e+00
-1.466248999999999914e+00
-4.505849000000000437e+00
-4.085549000000000319e+00
-2.782249000000000194e+00
-1.859849000000000085e+00
-2.370648999999999784e+00
-1.498648999999999898e+00
-6.641489999999999894e-01
7.402509999999999923e-01
1.557050999999999963e+00
9.850510000000000099e-01
-4.065489999999999937e-01
-1.217349000000000014e+00
-1.130489999999999967e-01
-3.616648999999999781e+00
1.890451000000000104e+00
3.000150999999999790e+00
1.425651000000000002e+00
2.178351000000000148e+00
1.214150999999999980e+00
1.515050999999999926e+00
-6.394900000000000584e-02
3.246150999999999787e+00
4.360350999999999644e+00
5.411650999999999989e+00
5.443551000000000251e+00
6.344551000000000052e+00
-2.075949000000000044e+00
1.705551000000000039e+00
-4.846148999999999596e+00
-3.257048999999999861e+00
-1.839949000000000057e+00
2.640550999999999870e+00
-8.857490000000000085e-01
-2.298249000000000208e+00
1.780509999999999871e-01
4.232509999999999883e-01
-4.584248999999999796e+00
-2.977348999999999801e+00
5.123510000000000009e-01
2.631451000000000207e+00
-5.753489999999999993e-01
3.696451000000000153e+00
2.783650999999999875e+00
3.982550999999999952e+00
4.833650999999999698e+00
6.974650999999999712e+00
-1.315349000000000101e+00
-2.492249000000000159e+00
-2.877848999999999879e+00
