-1.912210000000000021e-01
-1.517621000000000109e+00
-2.278620999999999786e+00
-1.671521000000000035e+00
-2.825210000000000221e-01
4.077790000000000026e-01
-2.459820999999999813e+00
-1.864421000000000106e+00
-4.937210000000000210e-01
3.210790000000000033e-01
1.788578999999999919e+00
-2.135820999999999970e+00
1.126790000000000014e-01
2.147789999999999977e-01
6.401790000000000536e-01
7.164789999999999770e-01
1.105178999999999911e+00
1.418479000000000045e+00
1.339279000000000108e+00
9.478790000000000271e-01
-2.537120999999999960e+00
2.315579000000000054e+00
2.238478999999999886e+00
-3.141121000000000052e+00
-1.584421000000000079e+00
-5.050210000000000532e-01
1.109078999999999926e+00
1.649789999999999868e-01
4.692790000000000017e-01
1.158079000000000081e+00
1.720078999999999914e+00
1.579179000000000110e+00
8.958789999999999809e-01
