-2.951181000000000054e+00
-4.072180999999999607e+00
-4.669481000000000215e+00
-4.080580999999999570e+00
-2.921281000000000017e+00
-2.383080999999999783e+00
-2.332081000000000071e+00
-1.061380999999999908e+00
-8.266809999999999992e-01
3.233190000000000230e-01
1.241019000000000094e+00
1.013419000000000070e+00
-1.297810000000000075e-01
-1.223581000000000030e+00
-4.646880999999999595e+00
4.241190000000000238e-01
1.651218999999999992e+00
1.591018999999999961e+00
2.872018999999999878e+00
2.813518999999999881e+00
-4.285809999999999897e-01
4.858190000000000008e-01
4.085319000000000145e+00
4.945518999999999998e+00
4.200118999999999936e+00
-4.589180999999999955e+00
-3.074580999999999786e+00
-2.160280999999999896e+00
-1.544081000000000037e+00
2.142818999999999807e+00
1.756918999999999897e+00
-1.310680999999999985e+00
-4.060810000000000253e-01
-5.497080999999999662e+00
-4.219880999999999993e+00
1.761018999999999890e+00
2.501119000000000092e+00
1.413718999999999948e+00
7.233190000000000452e-01
3.031518999999999853e+00
3.734818999999999889e+00
2.667718999999999951e+00
1.973419000000000034e+00
9.711899999999999700e-02
1.469519000000000020e+00
5.551190000000000291e-01
5.054019000000000261e+00
