-1.707834999999999992e+00
-2.627134999999999998e+00
-3.002435000000000187e+00
-2.409635000000000193e+00
-1.432635000000000103e+00
-1.119334999999999969e+00
-2.769435000000000091e+00
-2.173435000000000006e+00
-1.197934999999999972e+00
-8.401349999999999651e-01
-1.983350000000000113e-01
-3.223535000000000039e+00
-6.417350000000000554e-01
7.287649999999999961e-01
1.947165000000000035e+00
2.324765000000000192e+00
1.465764999999999985e+00
2.303649999999999864e-01
-1.286349999999999993e-01
3.489265000000000061e+00
4.387665000000000148e+00
-6.203349999999999698e-01
-1.498434999999999961e+00
1.808564999999999978e+00
2.477265000000000050e+00
3.279650000000000065e-01
-3.530835000000000168e+00
-2.481234999999999857e+00
5.489650000000000363e-01
1.816500000000000059e-02
-3.925835000000000186e+00
-2.962934999999999874e+00
-5.630349999999999522e-01
2.584365000000000023e+00
-1.080335000000000045e+00
5.258664999999999701e+00
3.928665000000000074e+00
4.738364999999999938e+00
-2.164934999999999832e+00
-2.114434999999999842e+00
-9.397349999999999870e-01
2.775265000000000093e+00
3.381864999999999899e+00
1.809164999999999912e+00
1.213964999999999961e+00
-9.073499999999999621e-02
