5.233349999999999946e-01
-8.086649999999999672e-01
-1.532964999999999911e+00
-8.784650000000000514e-01
5.184349999999999792e-01
1.177834999999999965e+00
-1.613664999999999905e+00
-9.876650000000000151e-01
3.970350000000000268e-01
1.151534999999999975e+00
2.558034999999999837e+00
-1.478965000000000085e+00
-2.033665000000000056e+00
-2.700064999999999937e+00
8.982350000000000056e-01
2.237134999999999874e+00
3.100235000000000074e+00
2.922934999999999839e+00
-2.488164999999999960e+00
-9.624650000000000150e-01
