-1.139915000000000012e+00
-2.429514999999999869e+00
-3.085815000000000197e+00
-2.411915000000000031e+00
-1.059514999999999985e+00
-4.657149999999999901e-01
-3.097714999999999996e+00
-2.458314999999999806e+00
-1.119615000000000027e+00
-4.091150000000000064e-01
-4.664150000000000240e-01
2.810849999999999738e-01
1.038184999999999913e+00
2.424584999999999990e+00
3.038784999999999847e+00
2.274585000000000079e+00
8.683849999999999625e-01
2.658849999999999825e-01
8.761849999999999916e-01
-3.125814999999999788e+00
2.875084999999999891e+00
2.098685000000000134e+00
7.141849999999999588e-01
1.021849999999999981e-01
-3.082314999999999916e+00
6.513849999999999918e-01
-1.206515000000000004e+00
3.097849999999999770e-01
3.045584999999999987e+00
4.123384999999999856e+00
-8.186149999999999816e-01
1.298184999999999922e+00
1.195384999999999920e+00
-4.106514999999999915e+00
-2.656315000000000204e+00
3.957285000000000164e+00
2.576484999999999914e+00
1.073849999999999943e-01
-9.830149999999999721e-01
