-4.953799999999999870e-02
-9.069380000000000219e-01
-1.070737999999999968e+00
-3.084379999999999900e-01
6.200620000000000021e-01
6.925620000000000109e-01
1.458561999999999914e+00
9.557620000000000005e-01
1.729062000000000099e+00
3.041862000000000066e+00
3.559861999999999860e+00
2.771262000000000114e+00
-1.660438000000000081e+00
1.596961999999999993e+00
4.072262000000000270e+00
-1.558338000000000001e+00
-4.908379999999999965e-01
1.249862000000000029e+00
9.856199999999999684e-02
-3.752380000000000160e-01
-1.728037999999999963e+00
2.346562000000000037e+00
1.935262000000000038e+00
-2.187037999999999816e+00
-2.200238000000000138e+00
-1.774737999999999927e+00
-1.344138000000000055e+00
-1.334637999999999991e+00
-1.755538000000000043e+00
4.106620000000000270e-01
1.373461999999999961e+00
8.129619999999999624e-01
3.045262000000000135e+00
-2.625837999999999894e+00
-2.633338000000000179e+00
-2.218138000000000165e+00
-1.790937999999999919e+00
-6.583799999999999375e-02
4.577461999999999698e+00
3.190262000000000153e+00
-2.293638000000000066e+00
-1.544038000000000022e+00
1.823962000000000083e+00
1.566562000000000010e+00
-1.625437999999999938e+00
-2.543238000000000110e+00
-1.324837999999999960e+00
4.641620000000000190e-01
-7.627380000000000271e-01
-2.211237999999999815e+00
-2.304337999999999997e+00
-2.509138000000000090e+00
-1.007938000000000001e+00
-9.902379999999999516e-01
-2.813379999999999770e-01
9.612619999999999498e-01
8.468620000000000037e-01
1.939062000000000063e+00
3.221861999999999782e+00
3.953561999999999799e+00
2.765861999999999821e+00
-2.953737999999999975e+00
-2.961338000000000026e+00
-2.221638000000000002e+00
-1.467837999999999976e+00
