-5.206669999999999909e-01
-1.694066999999999990e+00
-2.155966999999999967e+00
-1.322167000000000092e+00
-8.556700000000000417e-02
3.080330000000000013e-01
-1.756566999999999990e+00
-3.043669999999999987e-01
5.146330000000000071e-01
1.845833000000000057e+00
1.493233000000000033e+00
-2.481167000000000122e+00
-2.366669999999999885e-01
9.194329999999999448e-01
1.185932999999999904e+00
2.834329999999999905e-01
-8.654669999999999863e-01
-1.118967000000000045e+00
2.307833000000000023e+00
3.433333000000000190e+00
-1.661467000000000027e+00
-2.818067000000000100e+00
5.702329999999999899e-01
5.033000000000000147e-03
-7.226699999999999791e-02
-5.201670000000000460e-01
2.090632999999999964e+00
1.851733000000000073e+00
2.638832999999999984e+00
2.199232999999999993e+00
1.682133000000000100e+00
-3.377266999999999797e+00
-2.164667000000000119e+00
1.613332999999999906e+00
-2.002367000000000008e+00
4.295333000000000290e+00
3.666732999999999798e+00
3.265133000000000063e+00
-3.324767000000000028e+00
-2.541666999999999899e+00
-3.515966999999999842e+00
2.503330000000000277e-01
-1.086066999999999894e+00
4.335330000000000017e-01
9.909329999999999528e-01
-6.028670000000000417e-01
-2.146699999999999997e-02
-1.594166999999999890e+00
