-2.114393000000000189e+00
-2.859293000000000085e+00
-2.967592999999999925e+00
-2.298293000000000141e+00
-1.489592999999999945e+00
-1.418792999999999971e+00
-2.438492999999999800e+00
-1.777892999999999946e+00
-9.569929999999999826e-01
-8.207929999999999948e-01
-3.257929999999999993e-01
5.113069999999999560e-01
1.098006999999999955e+00
2.266607000000000038e+00
2.850906999999999858e+00
2.256707000000000019e+00
1.087606999999999990e+00
4.989069999999999894e-01
-6.782930000000000348e-01
-3.559393000000000029e+00
-6.433929999999999927e-01
-1.300292999999999921e+00
3.983207000000000164e+00
4.617206999999999617e+00
-1.939793000000000101e+00
-1.993929999999999869e-01
-5.270930000000000337e-01
1.336006999999999945e+00
-6.339300000000000490e-02
2.724906999999999968e+00
2.670106999999999786e+00
6.632069999999999910e-01
2.302069999999999950e-01
-7.120929999999999760e-01
-4.135692999999999842e+00
-3.498993000000000020e+00
-2.202093000000000078e+00
-1.612192999999999987e+00
-6.669929999999999470e-01
5.499706999999999901e+00
4.956207000000000029e+00
3.956207000000000029e+00
