-2.851164999999999949e+00
-4.167964999999999698e+00
-5.150265000000000093e+00
-4.688864999999999839e+00
-3.367164999999999964e+00
-2.416564999999999852e+00
-5.512665000000000148e+00
-4.721165000000000056e+00
-3.384764999999999802e+00
-2.214665000000000106e+00
-1.063465000000000105e+00
-4.529365000000000308e+00
-1.306165000000000020e+00
6.233349999999999724e-01
1.819134999999999946e+00
2.301035000000000164e+00
1.565635000000000110e+00
3.615349999999999953e-01
-1.350649999999999906e-01
2.748034999999999783e+00
3.807034999999999947e+00
3.500634999999999941e+00
4.954934999999999867e+00
5.817334999999999923e+00
5.529935000000000045e+00
4.373834999999999695e+00
-5.241164999999999630e+00
-1.667364999999999986e+00
-2.581364999999999910e+00
-6.929650000000000531e-01
-4.332650000000000112e-01
-5.506264999999999965e+00
-3.814764999999999961e+00
-1.659165000000000001e+00
2.822350000000000136e-01
1.922034999999999938e+00
-1.821649999999999936e-01
2.252534999999999954e+00
3.161834999999999951e+00
5.181034999999999613e+00
6.721535000000000259e+00
6.211134999999999629e+00
4.153035000000000032e+00
