-8.334859999999999491e-01
-2.120686000000000071e+00
-2.742685999999999957e+00
-2.042685999999999780e+00
-6.769859999999999767e-01
-1.207860000000000045e-01
-2.758286000000000016e+00
-2.156385999999999914e+00
-8.142859999999999543e-01
-4.358599999999999974e-02
-2.977859999999999951e-01
-2.728860000000000174e-01
6.029139999999999500e-01
1.395139999999999991e-01
8.417139999999999622e-01
2.005914000000000197e+00
2.466514000000000095e+00
1.764814000000000105e+00
1.214614000000000082e+00
-2.849085999999999785e+00
1.421913999999999900e+00
-2.818486000000000047e+00
6.966139999999999555e-01
-9.434860000000000468e-01
-7.755859999999999976e-01
4.760139999999999927e-01
2.551914000000000016e+00
3.372813999999999979e+00
2.139813999999999883e+00
1.508814000000000100e+00
1.871513999999999900e+00
-3.832986000000000004e+00
-2.400485999999999898e+00
1.622913999999999968e+00
2.031514000000000042e+00
1.770814000000000110e+00
