-8.150789999999999980e-01
-1.321078999999999892e+00
-1.269978999999999969e+00
-6.499789999999999734e-01
-8.707900000000000362e-02
-2.214790000000000092e-01
6.034209999999999852e-01
-1.176790000000000058e-01
5.276210000000000067e-01
1.927221000000000073e+00
2.660721000000000114e+00
2.002421000000000006e+00
-1.925878999999999897e+00
3.146209999999999840e-01
2.800520999999999816e+00
-1.163378999999999941e+00
-5.889790000000000303e-01
-2.737789999999999946e-01
-7.847899999999999321e-02
-7.807790000000000008e-01
-1.758278999999999925e+00
1.222620999999999958e+00
1.836120999999999892e+00
-1.224379000000000106e+00
-1.662779000000000007e+00
-1.152279000000000053e+00
-2.433790000000000120e-01
1.726209999999999967e-01
-2.812790000000000012e-01
-4.069789999999999797e-01
9.309209999999999985e-01
2.118221000000000132e+00
2.121121000000000034e+00
-1.204879000000000033e+00
3.744420999999999999e+00
2.593421000000000198e+00
-2.291179000000000077e+00
-1.963578999999999963e+00
3.288209999999999744e-01
1.497209999999999930e-01
-1.070079000000000002e+00
-2.225878999999999941e+00
-6.355790000000000051e-01
4.566209999999999991e-01
-1.143879000000000090e+00
-2.135778999999999872e+00
-2.627378999999999909e+00
-2.390678999999999998e+00
-1.474278999999999895e+00
9.071209999999999551e-01
9.742099999999999371e-02
-1.206279000000000101e+00
-3.595789999999999820e-01
8.959209999999999674e-01
1.749921000000000060e+00
2.622520999999999880e+00
2.782121000000000066e+00
1.185821000000000014e+00
