2.009901999999999855e+00
7.041020000000000056e-01
-1.814979999999999927e-01
2.835019999999999762e-01
1.620502000000000109e+00
2.460202000000000222e+00
-7.538979999999999571e-01
-1.653979999999999895e-01
1.067101999999999995e+00
2.138301999999999925e+00
7.348019999999999552e-01
2.868020000000000014e-01
-2.082980000000000109e-01
1.238019999999999954e-01
-2.805980000000000141e-01
-1.041098000000000079e+00
-1.405697999999999892e+00
-1.015198000000000045e+00
3.814902000000000015e+00
2.427020000000000011e-01
1.401020000000000043e-01
-2.515979999999999883e-01
-1.463497999999999966e+00
-2.672897999999999996e+00
-3.102898000000000156e+00
3.144020000000000148e-01
-1.299398000000000053e+00
-1.486998000000000042e+00
-9.368980000000000086e-01
1.314019999999999910e-01
1.505001999999999951e+00
2.715802000000000049e+00
2.836802000000000046e+00
-1.069799999999999918e-02
1.630802000000000085e+00
7.595020000000000104e-01
7.333020000000000094e-01
-1.373698000000000086e+00
-2.011998000000000175e+00
4.309902000000000122e+00
4.336801999999999602e+00
-7.411980000000000235e-01
8.870019999999999571e-01
-1.344497999999999971e+00
1.546019999999999894e-01
-3.461797999999999931e+00
-2.506698000000000093e+00
-4.025298000000000265e+00
-2.322697999999999929e+00
-3.266198000000000157e+00
4.210200000000000053e-02
1.406001999999999974e+00
-5.949800000000000227e-02
