-2.292606000000000144e+00
-3.604006000000000043e+00
-4.169205999999999968e+00
-3.369105999999999934e+00
-1.967705999999999955e+00
-1.487206000000000028e+00
-3.988605999999999874e+00
-3.265305999999999820e+00
-1.880705999999999989e+00
-1.222506000000000093e+00
-1.319059999999999955e-01
-4.423905999999999672e+00
2.122940000000000105e-01
1.411793999999999993e+00
2.839093999999999784e+00
3.617894000000000165e+00
5.011394000000000126e+00
5.627393999999999785e+00
4.851793999999999940e+00
3.458094000000000001e+00
-5.077206000000000330e+00
-3.784606000000000137e+00
-1.316605999999999943e+00
3.587940000000000018e-01
3.680939999999999768e-01
-5.424906000000000006e+00
-4.025705999999999563e+00
3.149093999999999838e+00
5.616793999999999620e+00
6.713794000000000040e+00
5.332393999999999856e+00
2.863093999999999806e+00
