1.434117000000000086e+00
2.194170000000000009e-01
-4.134829999999999894e-01
2.188170000000000115e-01
1.473916999999999922e+00
2.059117000000000086e+00
-5.546830000000000371e-01
2.701169999999999960e-01
1.292116999999999960e+00
2.180616999999999805e+00
7.191170000000000062e-01
-2.659830000000000250e-01
1.666169999999999873e-01
-7.503830000000000222e-01
-2.115383000000000013e+00
-2.551283000000000190e+00
-1.636783000000000099e+00
3.306916999999999884e+00
-4.161830000000000251e-01
-3.110082999999999931e+00
-2.710682999999999954e+00
-1.393183000000000060e+00
-9.988829999999999654e-01
-3.953829999999999845e-01
8.231169999999999876e-01
1.965216999999999992e+00
2.941117000000000203e+00
2.720517000000000074e+00
2.566169999999999840e-01
1.557417000000000051e+00
1.228216999999999892e+00
-3.582830000000000181e-01
-3.613483000000000001e+00
-2.007782999999999873e+00
4.026316999999999702e+00
3.638516999999999779e+00
-1.336383000000000099e+00
3.571699999999999875e-02
-2.071483000000000185e+00
-2.218983000000000150e+00
-3.614882999999999846e+00
