9.535719999999999752e-01
-3.936279999999999779e-01
-1.175828000000000095e+00
-4.634280000000000066e-01
9.092719999999999692e-01
1.641272000000000064e+00
-9.410279999999999756e-01
1.355719999999999981e-01
1.272172000000000081e+00
3.014871999999999996e+00
-1.019827999999999957e+00
2.677200000000000066e-02
-1.199327999999999950e+00
-1.250528000000000084e+00
-6.542800000000000005e-02
1.167972000000000010e+00
1.194971999999999923e+00
2.407772000000000023e+00
2.520071999999999868e+00
-1.703280000000000072e-01
-2.390127999999999808e+00
-3.620627999999999957e+00
-1.917327999999999921e+00
3.559471999999999969e+00
3.490972000000000186e+00
-2.027928000000000175e+00
-4.703280000000000238e-01
-2.110428000000000193e+00
2.155972000000000222e+00
3.580772000000000066e+00
2.188171999999999784e+00
1.993371999999999922e+00
-1.126827999999999941e+00
-4.417527999999999899e+00
-3.610128000000000004e+00
-3.842427999999999955e+00
