-2.425799999999999831e-02
-1.219257999999999953e+00
-2.045157999999999809e+00
-1.658757999999999955e+00
-4.217580000000000218e-01
3.690419999999999812e-01
-2.560157999999999934e+00
-2.289458000000000215e+00
-1.111558000000000046e+00
-1.334579999999999933e-01
-9.668579999999999952e-01
-9.448579999999999757e-01
-2.000580000000000136e-01
-1.895580000000000043e-01
5.344419999999999726e-01
1.266642000000000046e+00
1.270942000000000016e+00
5.500420000000000309e-01
1.631142000000000092e+00
-1.623658000000000046e+00
1.189742000000000077e+00
5.374419999999999753e-01
1.288041999999999909e+00
2.012941999999999787e+00
2.045742000000000171e+00
-2.172658000000000200e+00
-3.090257999999999949e+00
-4.665799999999999809e-02
-1.784458000000000100e+00
-7.672579999999999956e-01
4.951420000000000265e-01
1.856141999999999959e+00
1.657342000000000093e+00
2.344742000000000104e+00
-2.529058000000000028e+00
-1.013857999999999926e+00
1.276942000000000021e+00
2.016341999999999857e+00
1.327442000000000011e+00
1.158241999999999994e+00
2.356241999999999948e+00
9.121420000000000083e-01
2.681341999999999892e+00
2.489342000000000166e+00
1.046442000000000094e+00
-2.008858000000000033e+00
-2.938558000000000003e+00
-2.573557999999999790e+00
