-2.328399999999999914e-02
-1.281083999999999889e+00
-2.162383999999999862e+00
-1.768583999999999934e+00
-4.690840000000000010e-01
3.770160000000000178e-01
-2.729384000000000032e+00
-2.460183999999999926e+00
-1.225484000000000018e+00
-1.824840000000000073e-01
-1.118584000000000023e+00
-1.310284000000000004e+00
-2.370839999999999892e-01
-2.502840000000000065e-01
8.274160000000000403e-01
1.947915999999999981e+00
1.994116000000000000e+00
9.043160000000000087e-01
1.706315999999999944e+00
-1.694283999999999901e+00
1.213116000000000083e+00
3.142615999999999854e+00
3.276215999999999795e+00
-2.660283999999999871e+00
-3.314484000000000208e+00
-1.894884000000000013e+00
-1.878839999999999955e-01
-1.099183999999999939e+00
7.900160000000000515e-01
2.784515999999999991e+00
9.185159999999999991e-01
1.861215999999999982e+00
2.326016000000000084e+00
-2.646783999999999804e+00
-1.041884000000000032e+00
1.349315999999999960e+00
1.938115999999999950e+00
1.463116000000000083e+00
4.260316000000000436e+00
2.521415999999999880e+00
3.233216000000000090e+00
-2.835684000000000093e+00
-2.825184000000000140e+00
-3.416084000000000120e+00
