-5.809699999999999864e-01
-1.842470000000000052e+00
-2.440669999999999895e+00
-1.740369999999999973e+00
-3.991700000000000248e-01
1.298300000000000010e-01
-2.429769999999999985e+00
-1.832869999999999999e+00
-5.187699999999999534e-01
2.366300000000000070e-01
8.322999999999999843e-02
1.434730000000000061e+00
-2.568770000000000220e+00
1.698029999999999928e+00
-8.550699999999999967e-01
-1.744769999999999932e+00
-9.674700000000000522e-01
-1.473700000000000010e-01
-7.796999999999999764e-02
5.298300000000000232e-01
1.286829999999999918e+00
1.363329999999999931e+00
6.527300000000000324e-01
2.102629999999999999e+00
2.834630000000000205e+00
7.233300000000000285e-01
-2.082700000000000107e-01
-2.494470000000000187e+00
6.200299999999999701e-01
8.324300000000000033e-01
2.147029999999999994e+00
1.675130000000000008e+00
-3.533269999999999911e+00
-2.137570000000000192e+00
2.095130000000000159e+00
1.851129999999999942e+00
2.308829999999999938e+00
-1.476469999999999949e+00
-2.663769999999999971e+00
-2.056569999999999787e+00
-1.642970000000000041e+00
-3.159699999999999731e-01
4.866300000000000070e-01
1.816230000000000011e+00
3.359430000000000138e+00
2.162329999999999863e+00
3.587829999999999853e+00
-1.920699999999999907e-01
-1.228169999999999984e+00
7.813000000000000500e-02
