5.119730000000000114e-01
-7.012270000000000447e-01
-1.605226999999999959e+00
-1.260826999999999920e+00
-2.472699999999999898e-02
8.273730000000000251e-01
-2.168026999999999926e+00
-1.855927000000000104e+00
-6.078270000000000062e-01
3.071729999999999738e-01
-2.333270000000000066e-01
-3.246269999999999989e-01
5.426729999999999610e-01
7.181729999999999503e-01
1.562173000000000034e+00
2.248873000000000122e+00
2.093272999999999939e+00
1.248973000000000111e+00
2.119372999999999951e+00
-1.041026999999999925e+00
1.136973000000000011e+00
-1.658327000000000107e+00
-3.146526999999999852e+00
-2.586126999999999843e+00
7.979730000000000434e-01
-8.617270000000000207e-01
1.823730000000000073e-01
1.677273000000000014e+00
2.905173000000000005e+00
2.636572999999999833e+00
2.273572999999999844e+00
2.676772999999999847e+00
-1.953527000000000013e+00
-3.792269999999999808e-01
-1.616327000000000069e+00
-2.256927000000000127e+00
-2.185226999999999808e+00
