-1.509284999999999988e+00
-2.764584999999999848e+00
-3.128684999999999938e+00
-2.185284999999999922e+00
-8.164850000000000163e-01
-5.510850000000000470e-01
-2.654384999999999994e+00
-1.790084999999999926e+00
-4.126850000000000240e-01
1.033150000000000041e-01
4.173149999999999915e-01
-1.293850000000000000e-01
2.939149999999999818e-01
-2.831850000000000200e-01
7.771500000000000630e-02
1.020115000000000105e+00
1.592414999999999914e+00
1.225314999999999932e+00
7.247149999999999981e-01
-3.740784999999999805e+00
1.595415000000000028e+00
1.287414999999999976e+00
2.251215000000000188e+00
-2.261785000000000156e+00
4.223149999999999959e-01
1.448914999999999953e+00
-6.516849999999999588e-01
-1.030385000000000106e+00
-3.891850000000000032e-01
2.328015000000000168e+00
1.699014999999999942e+00
1.302515000000000089e+00
1.240315000000000056e+00
-4.707984999999999864e+00
-3.491385000000000183e+00
1.862714999999999899e+00
1.949615000000000098e+00
2.157614999999999839e+00
2.353015000000000079e+00
1.914314999999999989e+00
3.231114999999999959e+00
