6.491810000000000080e-01
-6.332189999999999763e-01
-1.374719000000000024e+00
-7.841190000000000104e-01
5.522810000000000219e-01
1.225481000000000043e+00
1.200981000000000076e+00
1.107080999999999982e+00
1.697581000000000007e+00
2.421281000000000017e+00
2.530180999999999791e+00
1.921680999999999973e+00
-1.227918999999999983e+00
2.566880999999999968e+00
3.200781000000000098e+00
-3.066418999999999784e+00
-1.645718999999999932e+00
1.596681000000000017e+00
4.107810000000000072e-01
2.086810000000000054e-01
1.281381000000000103e+00
1.500680999999999932e+00
-1.174318999999999891e+00
-1.657218999999999998e+00
-3.046518999999999977e+00
-3.707319000000000031e+00
-2.949718999999999980e+00
2.053081000000000156e+00
2.239081000000000099e+00
1.876681000000000044e+00
1.330381000000000036e+00
1.143380999999999981e+00
-4.890119000000000327e+00
5.613810000000000189e-01
3.088881000000000210e+00
2.018081000000000014e+00
-2.199018999999999835e+00
-6.963190000000000213e-01
2.939581000000000000e+00
2.958680999999999894e+00
-3.617319000000000173e+00
-3.610818999999999779e+00
-3.066819000000000184e+00
-1.166118999999999906e+00
-1.705219000000000040e+00
2.226481000000000154e+00
1.004680999999999935e+00
-1.285419000000000089e+00
-1.811218999999999912e+00
-1.565418999999999894e+00
-1.068319000000000019e+00
-3.628219000000000083e+00
-2.583918999999999855e+00
-2.134218999999999866e+00
2.335281000000000162e+00
2.666580999999999868e+00
2.021081000000000127e+00
1.048880999999999952e+00
7.118809999999999860e-01
