-1.454320000000000057e+00
-2.724520000000000053e+00
-3.199320000000000164e+00
-2.361520000000000064e+00
-9.978200000000000403e-01
-6.023199999999999665e-01
-2.930719999999999992e+00
-2.173919999999999852e+00
-8.173200000000000465e-01
-2.066199999999999981e-01
-1.145199999999999968e-01
-7.671999999999999653e-02
4.037799999999999723e-01
2.305800000000000072e-01
6.522799999999999709e-01
1.280180000000000096e+00
1.473279999999999923e+00
1.027379999999999960e+00
7.062800000000000189e-01
-3.592319999999999958e+00
3.991799999999999793e-01
5.993800000000000239e-01
2.098180000000000156e+00
2.430680000000000174e+00
1.257179999999999964e+00
-2.718020000000000103e+00
-6.536199999999999788e-01
8.929799999999999960e-01
-4.301200000000000023e-01
-2.614199999999999857e-01
1.637780000000000014e+00
1.166080000000000005e+00
1.366780000000000106e+00
1.073479999999999990e+00
-4.565620000000000012e+00
-3.253820000000000157e+00
2.652800000000000158e-01
-2.919999999999999853e-03
1.660579999999999945e+00
2.967880000000000074e+00
1.528980000000000006e+00
3.095880000000000187e+00
1.830680000000000085e+00
1.399780000000000024e+00
1.692979999999999929e+00
