-1.022292999999999896e+00
-2.080992999999999871e+00
-2.707292999999999950e+00
-2.186392999999999809e+00
-1.092392999999999947e+00
-5.409929999999999461e-01
-2.770693000000000072e+00
-1.587992999999999988e+00
-8.131930000000000547e-01
6.644069999999999698e-01
8.643070000000000475e-01
5.340070000000000094e-01
-2.555693000000000215e+00
5.898069999999999702e-01
7.568070000000000075e-01
1.247606999999999911e+00
1.508906999999999998e+00
1.318507000000000096e+00
1.941306999999999894e+00
2.206907000000000174e+00
1.406606999999999941e+00
2.727406999999999915e+00
4.984069999999999889e-01
-8.698930000000000273e-01
-3.627793000000000045e+00
-3.066993000000000080e+00
-1.916393000000000013e+00
-9.486930000000000085e-01
-1.300893000000000077e+00
1.168906999999999918e+00
1.189807000000000059e+00
1.411307000000000089e+00
3.736070000000000224e-01
-3.353393000000000068e+00
-2.110092999999999996e+00
2.423069999999999946e-01
1.516407000000000060e+00
2.533107000000000220e+00
1.301207000000000003e+00
3.018206999999999862e+00
2.823407000000000000e+00
3.487706999999999891e+00
2.894906999999999897e+00
-1.035293000000000019e+00
-1.548092999999999941e+00
-1.090392999999999946e+00
