2.397839999999999971e-01
-7.058159999999999989e-01
-1.592816000000000010e+00
-1.540515999999999996e+00
-5.897160000000000180e-01
3.091840000000000144e-01
-2.454515999999999920e+00
-2.455315999999999832e+00
-1.564216000000000051e+00
-6.085159999999999458e-01
-1.611915999999999904e+00
-1.755015999999999909e+00
-6.891159999999999508e-01
-6.913160000000000416e-01
3.785839999999999761e-01
1.464083999999999941e+00
1.517384000000000066e+00
4.414839999999999876e-01
1.288883999999999919e+00
-7.718159999999999465e-01
2.957839999999999914e-01
9.705840000000000023e-01
2.638783999999999796e+00
2.759783999999999793e+00
2.507384000000000057e+00
2.258383999999999947e+00
-3.055816000000000088e+00
-3.226815999999999907e+00
1.230839999999999990e-01
-2.465615999999999808e+00
-7.299160000000000093e-01
-1.523416000000000103e+00
4.661839999999999873e-01
1.772383999999999959e+00
1.879383999999999943e+00
-1.469816000000000011e+00
-1.047160000000000035e-01
8.462840000000000362e-01
2.042683999999999944e+00
5.314839999999999565e-01
3.724184000000000161e+00
1.976583999999999897e+00
2.754383999999999943e+00
3.102683999999999997e+00
1.349684000000000106e+00
2.192784000000000066e+00
-3.366416000000000075e+00
-3.018915999999999933e+00
-3.839815999999999896e+00
