-1.288235999999999937e+00
-2.583936000000000011e+00
-3.329035999999999884e+00
-2.738735999999999837e+00
-1.384436000000000000e+00
-7.043359999999999621e-01
-3.508335999999999899e+00
-2.930035999999999863e+00
-1.595936000000000021e+00
-8.005360000000000253e-01
-1.028435999999999906e+00
6.374640000000000306e-01
-3.186636000000000024e+00
1.819639999999999869e-01
4.164000000000000166e-03
1.117763999999999980e+00
2.598863999999999841e+00
1.455364000000000102e+00
3.882163999999999948e+00
4.051064000000000220e+00
2.940364000000000200e+00
1.662163999999999975e+00
-1.229335999999999984e+00
-1.357436000000000087e+00
-2.513360000000000039e-01
9.830640000000000489e-01
2.476564000000000210e+00
-3.589935999999999794e+00
-1.805636000000000019e+00
-8.369360000000000133e-01
1.205664000000000069e+00
1.092564000000000091e+00
-4.168336000000000041e+00
-2.647336000000000134e+00
4.756064000000000291e+00
5.044964000000000226e+00
3.061463999999999963e+00
8.392640000000000100e-01
-2.131936000000000053e+00
-2.328235999999999972e+00
-3.491360000000000019e-01
1.849863999999999953e+00
3.212664000000000186e+00
2.720763999999999960e+00
