1.199295000000000000e+00
-2.100499999999999937e-02
-7.608049999999999535e-01
-1.490049999999999986e-01
1.091294999999999904e+00
1.788394999999999957e+00
-6.177049999999999486e-01
3.344949999999999868e-01
1.383494999999999919e+00
3.033494999999999830e+00
-5.530049999999999688e-01
1.776949999999999918e-01
-1.095504999999999951e+00
-1.261405000000000109e+00
-1.687049999999999939e-01
1.106395000000000017e+00
1.262995000000000090e+00
-2.362049999999999983e-01
-1.219004999999999894e+00
-2.532004999999999839e+00
-2.754305000000000003e+00
2.607895000000000074e+00
3.423694999999999933e+00
2.875795000000000101e+00
-1.502904999999999935e+00
3.500494999999999912e+00
3.490194999999999936e+00
-1.464604999999999935e+00
-3.110500000000000070e-02
-1.974804999999999922e+00
1.967395000000000005e+00
-8.756049999999999667e-01
-2.172004999999999963e+00
-1.345704999999999929e+00
-3.781004999999999949e+00
-2.078205000000000080e+00
-2.648404999999999898e+00
