1.142308000000000101e+00
-1.847920000000000118e-01
-1.002591999999999928e+00
-4.412920000000000176e-01
9.377079999999999860e-01
1.692107999999999945e+00
1.548408000000000007e+00
1.746707999999999927e+00
2.298608000000000207e+00
2.666507999999999878e+00
2.485507999999999829e+00
1.932708000000000093e+00
-7.446920000000000206e-01
3.069808000000000092e+00
3.347608000000000139e+00
-1.411991999999999914e+00
-1.411891999999999925e+00
-1.952391999999999905e+00
-1.596891999999999978e+00
-2.082892000000000188e+00
-2.936592000000000091e+00
-3.305892000000000053e+00
-2.818391999999999786e+00
2.494207999999999981e+00
1.463108000000000075e+00
2.767907999999999813e+00
1.794108000000000036e+00
-1.747592000000000034e+00
-1.535920000000000063e-01
3.588907999999999987e+00
3.524707999999999952e+00
-1.122292000000000067e+00
-2.421091999999999800e+00
-9.287919999999999510e-01
-1.794891999999999932e+00
-3.318391999999999786e+00
-3.979992000000000196e+00
-3.143991999999999898e+00
