-3.543172999999999906e+00
-4.876872999999999791e+00
-5.712773000000000323e+00
-5.077173000000000158e+00
-3.714973000000000081e+00
-2.927872999999999948e+00
-5.738273000000000401e+00
-4.805572999999999873e+00
-3.534173000000000009e+00
-2.264972999999999903e+00
-1.564672999999999981e+00
-5.421072999999999809e+00
-1.698272999999999922e+00
-5.197299999999999837e-02
1.981269999999999976e-01
1.505727000000000038e+00
2.596626999999999796e+00
2.325927000000000078e+00
1.019727000000000050e+00
3.973726999999999787e+00
4.267426999999999637e+00
5.571227000000000373e+00
6.609126999999999974e+00
6.344426999999999595e+00
5.039727000000000068e+00
-5.187172999999999590e+00
-1.493773000000000017e+00
-2.421473000000000209e+00
-1.030073000000000016e+00
-1.081873000000000085e+00
-6.418372999999999884e+00
-4.819272999999999918e+00
-6.119729999999999892e-01
1.662427000000000099e+00
3.134027000000000118e+00
8.568270000000000053e-01
3.477927000000000213e+00
5.774327000000000432e+00
7.624826999999999799e+00
7.152626999999999846e+00
4.861026999999999987e+00
