-1.750299999999999967e+00
-3.042300000000000004e+00
-3.543600000000000083e+00
-2.709299999999999820e+00
-1.320300000000000029e+00
-9.014999999999999680e-01
-3.311300000000000132e+00
-2.567200000000000149e+00
-1.187100000000000044e+00
-5.319000000000000394e-01
-4.940999999999999837e-01
4.260999999999999788e-01
-3.907999999999999918e+00
9.701999999999999513e-01
1.472999999999999865e-01
-8.682999999999999607e-01
-7.059999999999999609e-01
4.259999999999999898e-01
9.465999999999999970e-01
9.879999999999999893e-01
2.099000000000000199e+00
2.624499999999999833e+00
2.049399999999999888e+00
2.583600000000000119e+00
3.715199999999999836e+00
-3.141500000000000181e+00
-1.212399999999999922e+00
2.489000000000000101e-01
8.750999999999999890e-01
1.014299999999999979e+00
-4.899300000000000210e+00
-3.552999999999999936e+00
1.446499999999999897e+00
1.247200000000000086e+00
1.407399999999999984e+00
7.839000000000000412e-01
-1.628300000000000081e+00
-1.287800000000000056e+00
5.770999999999999464e-01
3.488300000000000178e+00
2.466400000000000148e+00
3.972799999999999887e+00
3.479099999999999859e+00
4.580599999999999561e+00
