-7.315789999999999793e-01
-1.811779000000000028e+00
-2.220578999999999859e+00
-1.433178999999999981e+00
-2.872790000000000066e-01
4.962099999999999844e-02
-1.824778999999999929e+00
-4.614789999999999726e-01
2.843209999999999904e-01
1.121221000000000023e+00
-2.552278999999999964e+00
1.105520999999999976e+00
5.067209999999999770e-01
1.290209999999999968e-01
3.509209999999999829e-01
9.540210000000000079e-01
1.332421000000000078e+00
-2.272790000000000088e-01
1.537921000000000094e+00
1.761621000000000103e+00
1.239020999999999928e+00
-3.377778999999999865e+00
-2.268978999999999857e+00
3.257209999999999828e-01
-3.380790000000000184e-01
5.652100000000000180e-02
1.132921000000000067e+00
1.807920999999999889e+00
8.406209999999999516e-01
-6.233790000000000164e-01
-7.123789999999999845e-01
2.134821000000000080e+00
2.199920999999999793e+00
