-1.269883000000000095e+00
-2.494183000000000039e+00
-3.219183000000000128e+00
-2.697883000000000031e+00
-1.422682999999999920e+00
-7.379829999999999446e-01
-3.500983000000000178e+00
-3.076883000000000035e+00
-1.841682999999999959e+00
-9.920830000000000481e-01
-1.511182999999999943e+00
-4.137830000000000119e-01
5.423170000000000490e-01
1.806216999999999961e+00
2.785916999999999977e+00
2.526317000000000146e+00
1.270116999999999940e+00
3.009169999999999900e-01
5.470169999999999755e-01
-3.040582999999999814e+00
3.519169999999999798e-01
3.417816999999999883e+00
4.695016999999999996e+00
1.084116999999999997e+00
-1.633830000000000005e-01
-4.397829999999999795e-01
-3.793883000000000116e+00
-2.391983000000000192e+00
-1.282383000000000051e+00
2.069916999999999785e+00
3.740416999999999881e+00
-6.783829999999999583e-01
6.333170000000000188e-01
1.263017000000000056e+00
-3.973082999999999920e+00
-2.510583000000000009e+00
4.591169999999999973e-01
1.156117000000000061e+00
4.897170000000000134e-01
5.271016999999999619e+00
5.242217000000000127e+00
4.598716999999999722e+00
-1.256829999999999892e-01
-9.888829999999999565e-01
-3.258829999999999782e-01
2.802169999999999939e-01
-1.430282999999999971e+00
-2.082829999999999959e-01
