-1.129520000000000080e+00
-2.444920000000000204e+00
-3.335620000000000029e+00
-2.866420000000000190e+00
-1.509020000000000028e+00
-6.834200000000000275e-01
-3.759419999999999984e+00
-3.322319999999999940e+00
-1.964920000000000000e+00
-1.040019999999999945e+00
6.973799999999999999e-01
-2.908119999999999816e+00
3.079999999999999839e-03
-3.529200000000000115e-01
6.418800000000000061e-01
1.992080000000000073e+00
2.327980000000000160e+00
1.345380000000000020e+00
3.042479999999999851e+00
2.730379999999999807e+00
3.642380000000000173e+00
4.186379999999999768e+00
-1.276219999999999910e+00
-2.303720000000000212e+00
-6.566199999999999815e-01
-4.824819999999999887e+00
-4.028719999999999857e+00
1.059080000000000021e+00
1.245780000000000109e+00
-3.899020000000000152e+00
-2.255419999999999980e+00
-1.399319999999999897e+00
3.232800000000000118e-01
1.633680000000000021e+00
3.674980000000000135e+00
2.163980000000000015e+00
2.197880000000000056e+00
5.236080000000000290e+00
4.147280000000000300e+00
3.669080000000000119e+00
