-1.169038999999999939e+00
-2.423039000000000165e+00
-3.097839000000000009e+00
-2.482939000000000007e+00
-1.168439000000000005e+00
-5.525390000000000024e-01
-3.221239000000000186e+00
-2.702439000000000036e+00
-1.402538999999999980e+00
-6.306389999999999496e-01
-8.986389999999999656e-01
1.766610000000000125e-01
6.786100000000000465e-02
1.058260999999999896e+00
2.158460999999999963e+00
2.273261000000000198e+00
1.281360999999999972e+00
7.565610000000000390e-01
-3.055938999999999961e+00
7.558610000000000051e-01
3.291061000000000014e+00
4.294861000000000040e+00
1.064761000000000069e+00
-1.353900000000000069e-02
-4.240039000000000335e+00
-3.329638999999999793e+00
-1.729738999999999916e+00
-5.545390000000000041e-01
-8.026389999999999914e-01
2.911661000000000055e+00
1.375761000000000012e+00
9.227610000000000534e-01
1.455961000000000061e+00
-4.013138999999999790e+00
-2.569939000000000195e+00
8.562610000000000499e-01
1.511760999999999910e+00
9.817609999999999948e-01
5.016360999999999848e+00
4.832660999999999873e+00
3.865660999999999792e+00
1.376610000000000056e-01
-1.553900000000000073e-02
-9.732389999999999652e-01
