1.797196000000000016e+00
1.088095999999999952e+00
4.809959999999999791e-01
5.857959999999999834e-01
1.262196000000000096e+00
1.900495999999999963e+00
-1.271039999999999948e-01
3.637960000000000083e-01
3.948960000000000248e-01
1.356095999999999968e+00
-1.023104000000000013e+00
-1.179403999999999897e+00
-1.387504000000000071e+00
-2.436704000000000203e+00
-2.672403999999999780e+00
-1.864803999999999906e+00
-8.136039999999999939e-01
-5.694040000000000212e-01
2.639495999999999842e+00
9.739959999999999729e-01
-6.204000000000000313e-03
1.026196000000000108e+00
1.269096000000000002e+00
4.912960000000000105e-01
-1.976204000000000072e+00
-1.200504000000000016e+00
1.169599999999999980e-02
-2.774039999999999839e-01
1.374495999999999940e+00
8.127959999999999630e-01
2.387395999999999852e+00
1.185596000000000094e+00
-1.219703999999999899e+00
-1.786704000000000070e+00
-3.102104000000000195e+00
-3.492103999999999875e+00
-2.072503999999999902e+00
3.224795999999999996e+00
3.061096000000000039e+00
4.217960000000000043e-01
1.405696000000000057e+00
-1.723040000000000127e-01
1.640895999999999910e+00
2.062095999999999929e+00
7.160959999999999548e-01
-1.840703999999999896e+00
-1.672204000000000024e+00
-3.041403999999999996e+00
