6.579810000000000381e-01
-5.786189999999999944e-01
-1.325418999999999903e+00
-7.901190000000000158e-01
4.943810000000000149e-01
1.176881000000000066e+00
1.084381000000000039e+00
8.492809999999999526e-01
1.387280999999999986e+00
2.197980999999999963e+00
2.445380999999999805e+00
1.890381000000000089e+00
-1.116419000000000050e+00
2.476780999999999899e+00
2.915881000000000167e+00
-3.009519000000000055e+00
-1.653518999999999961e+00
1.140281000000000100e+00
-1.771899999999999864e-02
-3.460190000000000210e-01
-1.688719000000000081e+00
2.633780999999999928e+00
2.055781000000000081e+00
-1.726819000000000104e+00
-2.081919000000000075e+00
-2.121919000000000111e+00
-1.809519000000000100e+00
-1.456919000000000075e+00
-1.416619000000000073e+00
6.066810000000000258e-01
1.544780999999999960e+00
2.326809999999999989e-01
3.071080999999999950e+00
2.095581000000000138e+00
-2.052019000000000037e+00
-5.777189999999999825e-01
2.765280999999999878e+00
2.878581000000000056e+00
-3.563219000000000136e+00
-2.896818999999999811e+00
-3.614818999999999782e+00
-1.825118999999999936e+00
-1.112918999999999992e+00
-2.336918999999999969e+00
-2.093818999999999875e+00
3.311081000000000163e+00
3.215681000000000012e+00
2.811281000000000141e+00
-2.327919000000000072e+00
-2.397318999999999978e+00
-1.840818999999999983e+00
-1.212418999999999913e+00
-1.137218999999999980e+00
3.388100000000000139e-02
1.177281000000000022e+00
9.641809999999999548e-01
2.014381000000000199e+00
