-2.566050000000000164e+00
-3.020449999999999857e+00
-2.822150000000000158e+00
-2.133249999999999869e+00
-1.610449999999999937e+00
-1.849150000000000071e+00
-1.965249999999999941e+00
-1.275150000000000006e+00
-7.131499999999999506e-01
-9.003499999999999837e-01
-4.864999999999999880e-02
5.355499999999999705e-01
1.130549999999999944e+00
2.507050000000000001e+00
3.063649999999999984e+00
2.232149999999999856e+00
8.530499999999999750e-01
3.065499999999999892e-01
-1.420549999999999979e+00
-3.739650000000000141e+00
1.556500000000000106e-01
-1.260350000000000081e+00
4.418249999999999567e+00
5.032849999999999824e+00
-1.185349999999999904e+00
-5.059500000000000108e-01
8.265000000000000124e-02
1.312449999999999894e+00
-2.247500000000000053e-01
3.154650000000000176e+00
2.627850000000000019e+00
-7.605499999999999483e-01
-5.020499999999999963e-01
-1.662549999999999972e+00
-4.104250000000000398e+00
-3.906250000000000000e+00
-1.663850000000000051e+00
-1.525050000000000017e+00
-1.708350000000000035e+00
6.105649999999999800e+00
4.903050000000000352e+00
4.651950000000000252e+00
