1.530661999999999967e+00
4.003619999999999957e-01
-4.258379999999999943e-01
-9.733799999999999397e-02
1.059361999999999915e+00
1.838562000000000030e+00
-9.385379999999999834e-01
-6.263379999999999503e-01
5.123619999999999841e-01
1.372962000000000016e+00
8.787620000000000431e-01
3.048261999999999805e+00
6.986199999999999355e-02
-5.913800000000000306e-02
-1.000337999999999949e+00
-1.302537999999999974e+00
2.467620000000000091e-01
2.655620000000000203e-01
5.359620000000000495e-01
8.490619999999999834e-01
8.958620000000000472e-01
6.129620000000000068e-01
-1.713737999999999984e+00
-2.688038000000000149e+00
-2.983638000000000012e+00
-2.289438000000000084e+00
8.246199999999999364e-02
-5.742380000000000262e-01
-1.345637999999999890e+00
1.027562000000000086e+00
1.876862000000000030e+00
3.138161999999999896e+00
3.550962000000000174e+00
-7.797380000000000422e-01
6.777619999999999756e-01
5.296619999999999662e-01
1.067461999999999911e+00
1.147461999999999982e+00
6.576619999999999688e-01
-1.546437999999999979e+00
-3.212838000000000083e+00
-3.737837999999999994e+00
-2.519337999999999855e+00
5.519619999999999527e-01
-5.843380000000000241e-01
