-2.396072999999999897e+00
-3.444272999999999918e+00
-3.569672999999999874e+00
-2.589072999999999958e+00
-1.446172999999999931e+00
-1.395372999999999974e+00
-2.747072999999999876e+00
-1.767773000000000039e+00
-5.812730000000000397e-01
-4.480729999999999991e-01
3.749270000000000103e-01
1.405027000000000026e+00
1.547727000000000075e+00
2.787827000000000055e+00
2.937527000000000221e+00
1.836127000000000065e+00
5.904270000000000351e-01
4.514270000000000227e-01
-3.405730000000000146e-01
-4.458673000000000108e+00
-4.037729999999999930e-01
-1.711173000000000055e+00
4.199526999999999788e+00
4.392026999999999681e+00
4.736270000000000202e-01
-1.999573000000000045e+00
4.477269999999999861e-01
2.356427000000000049e+00
1.177127000000000034e+00
3.649726999999999943e+00
1.914727000000000068e+00
-4.997730000000000228e-01
6.025270000000000348e-01
-4.240729999999999777e-01
-5.268272999999999762e+00
-4.393572999999999951e+00
-2.389972999999999903e+00
-1.737873000000000001e+00
-2.062972999999999946e+00
5.438026999999999944e+00
4.208626999999999896e+00
3.766827000000000147e+00
1.445327000000000028e+00
-3.042730000000000157e-01
3.761269999999999891e-01
