-3.906259999999999732e-01
-8.692260000000000542e-01
-8.265259999999999829e-01
-2.588260000000000005e-01
2.694739999999999913e-01
1.556740000000000068e-01
8.897739999999999538e-01
9.817399999999999738e-02
6.704740000000000144e-01
2.069074000000000080e+00
2.870573999999999959e+00
2.283274000000000026e+00
-1.436026000000000025e+00
6.664740000000000109e-01
2.854373999999999967e+00
1.061574000000000018e+00
-2.090259999999999896e-01
-1.828259999999999885e-01
-3.612259999999999915e-01
-1.181626000000000065e+00
-1.822826000000000057e+00
-1.309725999999999946e+00
-8.172599999999999310e-02
-2.580259999999999776e-01
-1.133026000000000089e+00
-1.733625999999999889e+00
-1.095126000000000044e+00
1.466739999999999988e-01
7.539740000000000331e-01
1.175739999999999980e-01
-9.866260000000000030e-01
3.954873999999999779e+00
2.925174000000000163e+00
-1.800526000000000071e+00
-1.474725999999999981e+00
5.236739999999999728e-01
6.262739999999999974e-01
1.052173999999999943e+00
1.150673999999999975e+00
1.956874000000000002e+00
-3.159259999999999846e-01
-1.073925999999999936e+00
-1.893326000000000064e+00
-2.861625999999999781e+00
-2.208425999999999778e+00
-1.486226000000000047e+00
8.163740000000000441e-01
8.057400000000000673e-02
5.606740000000000057e-01
-2.705725999999999853e+00
-1.568526000000000087e+00
6.416739999999999666e-01
1.724974000000000007e+00
6.044739999999999558e-01
