-1.265552999999999928e+00
-2.585653000000000201e+00
-3.442353000000000218e+00
-2.945152999999999910e+00
-1.575852999999999948e+00
-7.783529999999999616e-01
-3.829553000000000207e+00
-3.350753000000000092e+00
-2.002253000000000061e+00
-1.088152999999999926e+00
-1.544052999999999898e+00
-9.205299999999999594e-02
6.308470000000000466e-01
2.026047000000000153e+00
2.818347000000000158e+00
2.222446999999999839e+00
8.301469999999999683e-01
4.814700000000000230e-02
6.001469999999999860e-01
-3.092652999999999874e+00
3.021046999999999816e+00
2.453746999999999900e+00
4.521346999999999561e+00
-4.099752999999999759e+00
-1.875753000000000004e+00
-2.013552999999999926e+00
3.873469999999999969e-01
2.521147000000000027e+00
3.895246999999999904e+00
3.336470000000000269e-01
-1.030453000000000063e+00
1.051547000000000009e+00
1.128446999999999978e+00
-4.089752999999999972e+00
-2.467753000000000085e+00
4.942046999999999635e+00
4.803946999999999967e+00
4.933747000000000327e+00
