-1.508002999999999982e+00
-2.654903000000000013e+00
-3.244603000000000126e+00
-2.659002999999999783e+00
-1.458102999999999927e+00
-9.044029999999999569e-01
-3.283802999999999805e+00
-2.727702999999999989e+00
-1.540602999999999945e+00
-9.058030000000000248e-01
-1.065403000000000100e+00
1.665497000000000005e+00
1.667996999999999952e+00
2.849397000000000180e+00
4.038297000000000025e+00
4.047496999999999900e+00
2.867396999999999974e+00
2.707970000000000099e-01
-3.266903000000000112e+00
1.692970000000000030e-01
3.916970000000000174e-01
-3.298602999999999952e+00
2.569700000000000109e-02
-1.601502999999999899e+00
7.476969999999999450e-01
2.841997000000000106e+00
4.959096999999999866e+00
4.976497000000000170e+00
2.892697000000000074e+00
1.029597000000000095e+00
5.682970000000000521e-01
-4.138503000000000043e+00
-2.845102999999999938e+00
1.018097000000000030e+00
1.170970000000000066e-01
4.179970000000000074e-01
-4.597029999999999728e-01
