-4.569759999999999933e-01
-1.727376000000000023e+00
-2.702576000000000089e+00
-2.370676000000000005e+00
-1.077275999999999900e+00
-1.529760000000000009e-01
-3.350675999999999988e+00
-3.047175999999999885e+00
-1.737675999999999998e+00
-7.556760000000000144e-01
1.191324000000000050e+00
-2.052376000000000200e+00
-1.319876000000000049e+00
2.251239999999999908e-01
1.951239999999999919e-01
1.368724000000000052e+00
2.580124000000000084e+00
2.622723999999999833e+00
1.450323999999999947e+00
1.408924000000000065e+00
2.611623999999999945e+00
-4.377075999999999745e+00
-3.830475999999999992e+00
1.417124000000000050e+00
1.809223999999999943e+00
-3.005675999999999792e+00
-1.335576000000000096e+00
-7.441759999999999486e-01
1.337923999999999891e+00
3.498823999999999934e+00
3.593323999999999963e+00
2.379223999999999783e+00
3.371624000000000176e+00
2.983023999999999898e+00
