-9.151770000000000183e-01
-2.181477999999999806e+00
-2.906778000000000084e+00
-2.340577999999999825e+00
-1.015976999999999908e+00
-3.374770000000000270e-01
-3.149176999999999893e+00
-2.682577000000000211e+00
-1.396077999999999930e+00
-5.372770000000000046e-01
-1.021376999999999979e+00
-9.176999999999999394e-03
1.023922999999999917e+00
2.210322999999999816e+00
3.266322000000000170e+00
3.166723000000000177e+00
1.993422999999999945e+00
9.446229999999999905e-01
9.886230000000000295e-01
-2.773178000000000143e+00
1.757622999999999935e+00
4.467522999999999911e+00
8.654230000000000533e-01
4.674922999999999718e+00
-2.097769999999999913e-01
-3.408777000000000168e+00
-1.905178000000000038e+00
-6.845769999999999911e-01
2.340021999999999824e+00
4.152299999999999741e-02
1.170822999999999947e+00
1.657222999999999891e+00
-3.736778000000000155e+00
-2.243177000000000199e+00
1.052523000000000097e+00
1.594122999999999957e+00
1.048122999999999916e+00
4.508229999999999738e-01
-1.241876999999999898e+00
-1.817699999999999871e-02
