5.224220000000000530e-01
-6.887780000000000014e-01
-1.598578000000000054e+00
-1.262078000000000033e+00
-2.877800000000000150e-02
8.299220000000000486e-01
-2.175177999999999834e+00
-1.871178000000000008e+00
-6.254779999999999784e-01
2.950220000000000065e-01
-2.594779999999999864e-01
-3.490779999999999994e-01
5.214220000000000521e-01
6.984219999999999873e-01
1.546921999999999908e+00
2.232422000000000128e+00
2.079622000000000082e+00
1.230321999999999916e+00
2.120121999999999840e+00
-1.020278000000000018e+00
1.112721999999999989e+00
3.275922000000000001e+00
-1.682878000000000096e+00
-3.151877999999999957e+00
-2.605977999999999906e+00
7.700219999999999843e-01
-8.935779999999999834e-01
1.615219999999999989e-01
1.659721999999999920e+00
2.620222000000000051e+00
2.269222000000000072e+00
2.683021999999999796e+00
-1.930477999999999916e+00
-3.533780000000000254e-01
-1.640377999999999892e+00
-2.280177999999999816e+00
-2.211377999999999844e+00
