-9.171810000000000240e-01
-2.196680999999999884e+00
-2.893781000000000159e+00
-2.266780999999999935e+00
-9.228809999999999514e-01
-3.030809999999999893e-01
-2.989380999999999844e+00
-2.374181000000000097e+00
-1.047781000000000073e+00
-3.002810000000000201e-01
-4.010810000000000208e-01
1.935189999999999966e-01
6.339190000000000103e-01
1.032190000000000052e-01
4.343190000000000106e-01
1.303919000000000050e+00
1.854619000000000018e+00
1.521919000000000022e+00
1.043319000000000107e+00
-2.832681000000000004e+00
2.699619000000000213e+00
3.283719000000000054e+00
-2.994280999999999970e+00
-1.115280999999999967e+00
4.472189999999999777e-01
-5.758809999999999762e-01
1.571900000000000033e-02
1.555819000000000063e+00
1.955119000000000051e+00
1.434719000000000078e+00
1.427219000000000015e+00
-3.803281000000000134e+00
-2.326881000000000199e+00
3.918819000000000052e+00
2.515019000000000116e+00
3.919618999999999964e+00
