-3.390440000000000120e-01
-1.646643999999999997e+00
-2.426543999999999812e+00
-1.860843999999999943e+00
-4.957440000000000180e-01
2.191559999999999897e-01
-2.667343999999999937e+00
-2.114144000000000023e+00
-7.665440000000000031e-01
6.545600000000000029e-02
1.576956000000000024e+00
-2.225244000000000000e+00
-1.949440000000000062e-01
-5.750439999999999996e-01
5.147559999999999913e-01
1.238356000000000012e+00
2.101055999999999813e+00
2.240956000000000170e+00
1.511255999999999933e+00
6.465560000000000196e-01
-2.802144000000000190e+00
2.117455999999999783e+00
2.049955999999999889e+00
-3.215444000000000191e+00
-1.660344000000000042e+00
-5.942439999999999944e-01
8.928559999999999830e-01
1.142655999999999894e+00
2.664156000000000191e+00
2.914156000000000191e+00
1.612355999999999900e+00
7.615600000000000147e-02
