-6.188199999999999951e-02
-1.278982000000000063e+00
-1.844881999999999911e+00
-1.131582000000000088e+00
1.508180000000000076e-01
6.327180000000000026e-01
9.383179999999999854e-01
7.413180000000000325e-01
1.475618000000000096e+00
2.445218000000000114e+00
2.658917999999999893e+00
1.909618000000000038e+00
-1.992482000000000086e+00
1.902717999999999909e+00
3.407017999999999880e+00
-1.508582000000000090e+00
-1.821182000000000079e+00
1.261918000000000095e+00
1.932180000000000009e-01
-5.988199999999999773e-02
-1.235082000000000013e+00
-9.512819999999999609e-01
-8.188199999999999645e-02
7.824179999999999469e-01
1.618000000000000081e-03
3.409117999999999871e+00
2.093517999999999990e+00
-2.917282000000000153e+00
-1.593282000000000087e+00
2.282918000000000003e+00
2.152318000000000175e+00
-2.046781999999999879e+00
-1.811182000000000070e+00
-4.396820000000000173e-01
-1.567981999999999987e+00
-2.905181999999999931e+00
-2.101681999999999828e+00
-1.372381999999999991e+00
-1.863782000000000050e+00
-3.792820000000000080e-01
-7.171819999999999862e-01
5.107180000000000053e-01
1.680417999999999967e+00
1.052918000000000021e+00
