-3.479566000000000159e+00
-4.802666000000000324e+00
-5.409565999999999875e+00
-4.545066000000000273e+00
-3.162666000000000199e+00
-2.627866000000000035e+00
-4.952866000000000213e+00
-3.838265999999999956e+00
-2.695266000000000162e+00
-1.280966000000000049e+00
-1.292866000000000071e+00
-5.593066000000000315e+00
-1.034265999999999908e+00
1.801339999999999886e-01
2.943339999999999845e-01
1.489733999999999892e+00
2.609633999999999787e+00
2.499433999999999934e+00
1.299633999999999956e+00
1.591034000000000059e+00
2.785433999999999966e+00
3.907934000000000019e+00
3.805833999999999939e+00
2.886934000000000111e+00
4.080733999999999639e+00
5.187333999999999889e+00
5.102134000000000391e+00
-4.007766000000000162e+00
-9.842659999999999743e-01
-6.409660000000000357e-01
-5.725660000000000194e-01
-1.012165999999999899e+00
-6.594666000000000139e+00
-5.169565999999999661e+00
-1.745066000000000006e+00
-5.717659999999999965e-01
3.348634000000000110e+00
1.272434000000000065e+00
7.237339999999999884e-01
4.671634000000000064e+00
2.032334000000000085e+00
4.145133999999999652e+00
6.119334000000000273e+00
5.980234000000000272e+00
