-2.112489000000000061e+00
-3.043188999999999922e+00
-3.395688999999999957e+00
-2.775688999999999851e+00
-1.777188999999999908e+00
-1.486588999999999938e+00
-3.150088999999999917e+00
-2.528589000000000198e+00
-1.532089000000000034e+00
-1.150989000000000040e+00
-9.147889999999999633e-01
-5.556889999999999885e-01
-3.678589000000000109e+00
3.248110000000000164e-01
1.598110000000000086e-01
1.094211000000000045e+00
2.462410999999999905e+00
1.509911000000000003e+00
3.595511000000000124e+00
3.800110999999999795e+00
2.877911000000000108e+00
1.750110999999999972e+00
-9.857890000000000263e-01
-1.202989000000000086e+00
-2.663889999999999869e-01
8.722109999999999586e-01
2.363411000000000151e+00
2.292610999999999954e+00
-2.866588999999999832e+00
-1.684689000000000103e+00
-6.975890000000000146e-01
1.914109999999999978e-01
-3.521889999999999743e-01
-4.390989000000000253e+00
-3.433988999999999958e+00
4.331411000000000122e+00
4.680210999999999899e+00
3.031511000000000067e+00
1.065511000000000097e+00
-1.741489000000000065e+00
-2.098988999999999994e+00
-4.165889999999999871e-01
1.601410999999999918e+00
3.192810999999999844e+00
2.588710999999999984e+00
1.355110999999999954e+00
3.098810999999999982e+00
