3.021539999999999782e-01
-1.029846000000000039e+00
-1.752945999999999893e+00
-1.095645999999999898e+00
2.986539999999999750e-01
9.567539999999999933e-01
-1.823045999999999944e+00
-1.202245999999999926e+00
1.889540000000000108e-01
9.317539999999999711e-01
2.337353999999999932e+00
-1.700846000000000080e+00
9.193540000000000045e-01
1.825399999999999939e-02
-2.911245999999999778e+00
-1.826046000000000058e+00
2.019953999999999805e+00
2.878654000000000046e+00
2.699854000000000198e+00
-2.710046000000000177e+00
-1.184846000000000066e+00
1.555453999999999892e+00
1.536054000000000030e+00
5.935540000000000260e-01
