-2.540709999999999913e-01
-1.562470999999999943e+00
-2.126971000000000167e+00
-1.342970999999999915e+00
5.122899999999999676e-02
5.421289999999999720e-01
-2.005971000000000171e+00
-1.344370999999999983e+00
4.802900000000000225e-02
7.676290000000000058e-01
7.453290000000000193e-01
2.220528999999999975e+00
2.890429000000000137e+00
2.283529000000000142e+00
1.892128999999999950e+00
-2.376670999999999978e+00
-2.236171000000000131e+00
-2.598771000000000164e+00
6.459289999999999754e-01
2.635290000000000132e-01
2.697928999999999800e+00
2.332828999999999819e+00
2.766729000000000216e+00
3.967829000000000050e+00
2.673728999999999800e+00
2.637128999999999834e+00
2.415528999999999815e+00
2.381228999999999818e+00
-3.378770999999999969e+00
-1.972771000000000052e+00
-1.776170999999999944e+00
-3.158370999999999817e+00
-3.254170999999999925e+00
-3.125071000000000154e+00
-1.709570999999999952e+00
