-4.395000000000000018e-01
-8.231000000000000538e-01
-6.024000000000000465e-01
6.090000000000000274e-02
5.060000000000000053e-01
2.013999999999999957e-01
1.231500000000000039e+00
5.323999999999999844e-01
1.196499999999999897e+00
2.606799999999999784e+00
3.315300000000000136e+00
2.631099999999999994e+00
-1.482399999999999940e+00
6.055000000000000382e-01
3.523099999999999898e+00
1.617599999999999927e+00
3.106999999999999762e-01
4.724999999999999756e-01
-6.686999999999999611e-01
-7.661999999999999922e-01
-1.843900000000000095e+00
-1.935499999999999998e+00
-9.286999999999999700e-01
1.213999999999999940e-01
2.200000000000000011e-01
3.348999999999999755e-01
1.104200000000000070e+00
7.591999999999999860e-01
-1.015300000000000091e+00
-2.705000000000000182e-01
-2.945199999999999818e+00
-3.992900000000000116e+00
-5.565999999999999837e-01
4.402400000000000091e+00
3.201799999999999979e+00
-1.782799999999999940e+00
-1.663200000000000012e+00
3.242999999999999772e-01
6.317000000000000393e-01
1.758599999999999941e+00
2.478299999999999947e+00
1.620400000000000063e+00
-5.154999999999999583e-01
2.933999999999999941e-01
-1.596600000000000019e+00
-5.629999999999999449e-01
-2.598100000000000076e+00
1.062000000000000055e+00
-1.650000000000000078e-02
1.287700000000000067e+00
-3.869000000000000217e-01
1.544399999999999995e+00
-1.904000000000000137e-01
7.160999999999999588e-01
-4.262000000000000233e-01
8.017999999999999572e-01
-6.222999999999999643e-01
-4.714500000000000135e+00
-3.610700000000000021e+00
-4.516300000000000203e+00
