-8.901050000000000351e-01
-2.162504999999999900e+00
-2.893804999999999961e+00
-2.327205000000000190e+00
-9.964049999999999851e-01
-3.122050000000000103e-01
-3.141805000000000181e+00
-2.675804999999999989e+00
-1.383704999999999963e+00
-5.180050000000000487e-01
-1.010205000000000020e+00
-1.500499999999999924e-02
1.024394999999999945e+00
2.199195000000000011e+00
3.260295000000000165e+00
3.173195000000000210e+00
2.019594999999999807e+00
9.636949999999999683e-01
1.020194999999999963e+00
-2.754605000000000192e+00
1.826095000000000024e+00
4.511894999999999989e+00
8.913950000000000484e-01
-2.319050000000000000e-01
-3.407204999999999817e+00
-1.897205000000000030e+00
-6.582050000000000400e-01
2.325695000000000068e+00
4.150394999999999612e+00
7.109500000000000541e-02
1.215994999999999937e+00
1.677494999999999958e+00
-3.723005000000000120e+00
-2.220305000000000195e+00
1.095094999999999930e+00
1.609094999999999942e+00
1.074295000000000000e+00
4.268950000000000244e-01
-1.265805000000000069e+00
-5.100500000000000173e-02
