4.658760000000000123e-01
-7.517239999999999478e-01
-1.576224000000000069e+00
-1.138924000000000047e+00
1.030760000000000010e-01
8.934760000000000479e-01
-2.110824000000000034e+00
-1.476623999999999937e+00
-4.820240000000000080e-01
5.722760000000000069e-01
-7.717239999999999656e-01
2.150075999999999876e+00
-1.181723999999999997e+00
-6.536239999999999828e-01
4.536760000000000237e-01
1.445875999999999939e+00
1.360975999999999964e+00
2.354759999999999909e-01
6.637760000000000327e-01
-3.332240000000000202e-01
2.405276000000000192e+00
2.462476000000000109e+00
2.562176000000000009e+00
2.328975999999999935e+00
-1.986723999999999934e+00
-9.997239999999999460e-01
-1.667224000000000039e+00
-2.936723999999999890e+00
-2.540524000000000004e+00
-2.260123999999999800e+00
-9.693239999999999634e-01
1.259376000000000051e+00
1.163775999999999922e+00
2.761076000000000086e+00
2.624676000000000009e+00
-2.097824000000000133e+00
-5.787240000000000162e-01
-1.445324000000000053e+00
1.172760000000000052e-01
-1.222400000000000049e-02
-1.294224000000000041e+00
-4.268239999999999812e-01
3.412576000000000054e+00
2.444176000000000126e+00
1.656076000000000104e+00
3.242875999999999870e+00
2.114376000000000033e+00
1.516275999999999957e+00
-2.640724000000000071e+00
-2.565024000000000193e+00
-1.703724000000000016e+00
-1.580239999999999978e-01
-2.613424000000000191e+00
-1.042923999999999962e+00
