-5.219270000000000298e-01
-1.814626999999999990e+00
-2.750326999999999966e+00
-2.363126999999999978e+00
-1.035627000000000075e+00
-1.422269999999999923e-01
-3.314226999999999812e+00
-2.979727000000000015e+00
-1.658627000000000073e+00
-6.898269999999999680e-01
-1.274326999999999988e+00
5.356729999999999547e-01
4.318730000000000069e-01
1.233373000000000053e+00
2.190973000000000059e+00
2.295773000000000064e+00
1.464873000000000092e+00
1.214172999999999947e+00
-2.209127000000000063e+00
-4.703269999999999951e-01
-3.089270000000000072e-01
-7.294270000000000476e-01
-5.231270000000000087e-01
7.267300000000000149e-02
1.110773000000000010e+00
1.268730000000000135e-01
2.949272999999999811e+00
3.912573000000000079e+00
-4.352927000000000213e+00
-3.765026999999999902e+00
3.480730000000000213e-01
-2.171426999999999996e+00
-6.934270000000000156e-01
3.007972999999999786e+00
1.557072999999999929e+00
1.508472999999999953e+00
1.762572999999999945e+00
-3.178726999999999858e+00
-1.525227000000000110e+00
-6.999269999999999659e-01
4.168729999999999936e-01
8.965729999999999533e-01
6.447300000000000253e-02
-8.598270000000000080e-01
4.136730000000000129e-01
4.418573000000000306e+00
3.428872999999999838e+00
4.669972999999999708e+00
