2.680589999999999917e-01
-9.434409999999999741e-01
-1.960541000000000089e+00
-1.739041000000000059e+00
-5.188409999999999966e-01
4.598590000000000177e-01
-2.766640999999999906e+00
-2.583940999999999821e+00
-1.344041000000000041e+00
-3.130410000000000137e-01
-1.106341000000000019e+00
-7.986410000000000453e-01
9.215900000000000480e-02
4.249589999999999756e-01
1.324958999999999998e+00
1.925758999999999999e+00
1.614158999999999899e+00
7.107590000000000297e-01
1.750558999999999976e+00
-1.157941000000000109e+00
2.782058999999999838e+00
3.415859000000000201e+00
-1.547441000000000066e+00
-3.738440999999999903e+00
-3.406841000000000008e+00
-2.706410000000000204e-01
-1.975141000000000036e+00
-2.784100000000000116e-02
1.546758999999999995e+00
2.052258999999999833e+00
5.181590000000000362e-01
1.857059000000000015e+00
2.406959000000000071e+00
-2.064341000000000204e+00
-4.067410000000000192e-01
4.062458999999999598e+00
2.677759000000000000e+00
4.047458999999999918e+00
-9.396409999999999485e-01
-1.859941000000000066e+00
-2.468541000000000096e+00
