4.782699999999999729e-01
-8.537299999999999889e-01
-1.577029999999999932e+00
-9.205299999999999594e-01
4.758700000000000152e-01
1.133569999999999967e+00
-1.651029999999999998e+00
-1.031730000000000036e+00
3.542699999999999738e-01
1.112270000000000092e+00
2.513770000000000060e+00
-1.524529999999999941e+00
1.291069999999999940e+00
-2.739129999999999843e+00
-1.649729999999999919e+00
2.198269999999999946e+00
3.056770000000000209e+00
2.875370000000000203e+00
-2.533729999999999816e+00
-1.008329999999999949e+00
