-7.943699999999999373e-02
-8.283369999999999900e-01
-1.096737000000000073e+00
-5.694369999999999710e-01
2.277629999999999932e-01
4.260630000000000250e-01
8.124630000000000463e-01
5.876300000000000273e-02
5.996629999999999461e-01
1.920363000000000042e+00
2.685163000000000189e+00
2.134863000000000177e+00
-1.353237000000000023e+00
1.225462999999999969e+00
2.642962999999999951e+00
1.556629999999999958e-01
-8.836370000000000058e-01
-2.217369999999999897e-01
-9.733700000000000685e-02
-7.910369999999999902e-01
-1.856436999999999893e+00
-6.810370000000000035e-01
-9.705369999999999830e-01
3.709963000000000122e+00
2.747762999999999955e+00
-1.924636999999999931e+00
-1.169637000000000038e+00
1.236963000000000035e+00
1.296362999999999932e+00
-1.172369999999999940e-01
1.148862999999999968e+00
2.281630000000000047e-01
-1.863237000000000032e+00
-9.882370000000000321e-01
6.079630000000000312e-01
-2.139037000000000077e+00
-1.538437000000000054e+00
-2.743637000000000103e+00
-8.504369999999999985e-01
-1.418636999999999926e+00
3.168630000000000058e-01
