-5.562660000000000382e-01
-1.827366000000000046e+00
-2.481365999999999961e+00
-1.824365999999999932e+00
-4.986659999999999981e-01
9.703399999999999526e-02
-2.504366000000000092e+00
-1.914765999999999968e+00
-5.732660000000000533e-01
1.255340000000000067e-01
1.422533999999999965e+00
-2.504766000000000048e+00
-1.166599999999999929e-02
-2.681265999999999927e+00
-2.163165999999999922e+00
-8.376660000000000217e-01
-3.358659999999999979e-01
9.842340000000000533e-01
1.825733999999999968e+00
1.329733999999999972e+00
3.096233999999999931e+00
4.003534000000000148e+00
1.169234000000000107e+00
1.803533999999999970e+00
1.743633999999999906e+00
-3.470565999999999818e+00
-2.036265999999999909e+00
-3.720066000000000095e+00
-2.815366000000000035e+00
-9.716660000000000297e-01
1.351234000000000046e+00
1.989433999999999925e+00
4.964334000000000024e+00
3.657734000000000041e+00
4.165034000000000347e+00
