-4.013897000000000048e+00
-5.012297000000000224e+00
-5.605997000000000341e+00
-5.134997000000000256e+00
-4.097396999999999956e+00
-3.561596999999999902e+00
-3.614196999999999882e+00
-2.259497000000000089e+00
-1.999897000000000036e+00
-7.654969999999999830e-01
2.187030000000000085e-01
-3.149699999999999722e-02
-1.264396999999999993e+00
-2.529097000000000151e+00
-5.454096999999999973e+00
-6.564969999999999972e-01
6.479030000000000067e-01
5.402029999999999887e-01
1.884603000000000028e+00
1.730402999999999913e+00
3.066303000000000001e+00
-1.584497000000000044e+00
-6.515969999999999818e-01
2.887802999999999898e+00
4.221103000000000272e+00
4.031602999999999604e+00
5.355402999999999913e+00
-5.632397000000000098e+00
-4.338996999999999993e+00
-3.619997000000000131e+00
-2.766796999999999951e+00
1.192503000000000091e+00
7.690029999999999921e-01
-2.775396999999999892e+00
-1.672797000000000089e+00
-6.189897000000000205e+00
-5.011296999999999890e+00
9.791029999999999456e-01
1.358403000000000027e+00
1.348030000000000062e-01
-1.936970000000000081e-01
2.287903000000000020e+00
2.601802999999999866e+00
1.301403000000000088e+00
1.024502999999999941e+00
3.493002999999999858e+00
3.776702999999999921e+00
-1.092097000000000095e+00
2.825030000000000041e-01
-4.703970000000000096e-01
2.431903000000000148e+00
2.197302999999999784e+00
4.678602999999999845e+00
4.911203000000000429e+00
3.570103000000000026e+00
3.352002999999999844e+00
5.197702999999999740e+00
5.830702999999999747e+00
6.045503000000000071e+00
