-2.628604999999999858e+00
-3.944805000000000117e+00
-4.629204999999999792e+00
-3.854305000000000092e+00
-2.492105000000000015e+00
-1.869704999999999950e+00
-4.345405000000000406e+00
-3.303504999999999914e+00
-2.128604999999999858e+00
-7.695049999999999946e-01
-5.329049999999999621e-01
-4.640704999999999636e+00
-7.918049999999999811e-01
3.941950000000000176e-01
1.630994999999999973e+00
2.786094999999999988e+00
2.690694999999999837e+00
1.444295000000000107e+00
3.088949999999999751e-01
3.843595000000000095e+00
5.077795000000000059e+00
5.174294999999999867e+00
4.036794999999999689e+00
-3.544105000000000061e+00
-9.450500000000000567e-02
-4.246050000000000102e-01
1.199950000000000044e-01
-1.746050000000000102e-01
-5.632704999999999629e+00
-4.157004999999999839e+00
1.730294999999999916e+00
1.344295000000000018e+00
-6.493050000000000210e-01
3.788695000000000146e+00
5.964195000000000135e+00
6.136495000000000033e+00
4.136395000000000266e+00
