-2.704420000000000157e-01
-1.564942000000000055e+00
-2.340441999999999911e+00
-1.770842000000000027e+00
-4.263419999999999987e-01
2.797580000000000067e-01
-2.541042000000000023e+00
-1.993741999999999903e+00
-6.485419999999999519e-01
1.366580000000000017e-01
-1.724200000000000038e-02
-3.336419999999999941e-01
6.950579999999999536e-01
1.654158000000000017e+00
2.465457999999999927e+00
2.316657999999999884e+00
1.354157999999999973e+00
5.424579999999999957e-01
1.621058000000000110e+00
-2.135542000000000051e+00
-3.596042000000000183e+00
-2.618342000000000169e+00
-4.072419999999999929e-01
1.064858000000000082e+00
1.784157999999999911e+00
3.212957999999999981e+00
2.947757999999999878e+00
1.230558000000000041e+00
-2.134419999999999928e-01
2.174157999999999813e+00
2.092157999999999962e+00
-3.116842000000000112e+00
-1.577342000000000022e+00
