-1.024188000000000098e+00
-2.347688000000000219e+00
-3.147987999999999786e+00
-2.586187999999999931e+00
-1.207387999999999906e+00
-4.716879999999999962e-01
-3.410687999999999942e+00
-2.861587999999999798e+00
-1.502088000000000090e+00
-6.531879999999999908e-01
-9.630880000000000551e-01
9.065119999999999845e-01
-2.920587999999999962e+00
2.287119999999999986e-01
6.731199999999999684e-02
1.219311999999999951e+00
2.626911999999999914e+00
1.522912000000000043e+00
3.943411999999999917e+00
4.189411999999999914e+00
3.120112000000000219e+00
1.803112000000000048e+00
-1.165888000000000035e+00
-1.245087999999999973e+00
-9.188799999999999746e-02
1.144611999999999963e+00
2.490212000000000092e+00
-3.567387999999999781e+00
-1.751287999999999956e+00
-7.642879999999999674e-01
1.404811999999999950e+00
1.396112000000000020e+00
-3.922388000000000208e+00
-2.339987999999999957e+00
4.775012000000000256e+00
5.210811999999999777e+00
3.305511999999999784e+00
1.015012000000000025e+00
-2.103088000000000068e+00
-2.216387999999999803e+00
-1.566879999999999939e-01
2.050911999999999846e+00
