-1.510127999999999915e+00
-2.850928000000000129e+00
-3.672228000000000048e+00
-3.020627999999999869e+00
-1.647327999999999903e+00
-8.732280000000000042e-01
-3.625627999999999851e+00
-2.668728000000000211e+00
-1.413728000000000096e+00
-5.932799999999999879e-02
1.632571999999999912e+00
4.982719999999999927e-01
-3.424128000000000061e+00
2.004671999999999787e+00
3.349472000000000005e+00
4.333071999999999591e+00
3.965171999999999919e+00
2.617672000000000221e+00
-9.632799999999999696e-02
5.127671999999999564e+00
5.977371999999999908e+00
-4.626827999999999719e+00
-2.975528000000000173e+00
5.275720000000000409e-01
4.478719999999999923e-01
1.072372000000000103e+00
9.630720000000000391e-01
-4.429727999999999888e+00
-2.837828000000000017e+00
1.254472000000000032e+00
3.618272000000000155e+00
2.342671999999999866e+00
