1.934131000000000045e+00
9.701309999999999656e-01
9.413100000000000633e-02
1.946309999999999985e-01
1.150031000000000025e+00
2.033331000000000000e+00
-8.425690000000000124e-01
-4.953690000000000038e-01
-2.668999999999999932e-03
1.259330999999999978e+00
-1.119769000000000014e+00
-8.000690000000000301e-01
-9.573690000000000255e-01
-6.199689999999999923e-01
-7.728690000000000282e-01
-1.275268999999999986e+00
-1.621669000000000027e+00
-1.463168999999999942e+00
3.034130999999999911e+00
8.706310000000000437e-01
-2.253369000000000177e+00
-1.443969000000000058e+00
-3.250689999999999968e-01
-1.799368999999999996e+00
-9.745690000000000186e-01
-1.366468999999999934e+00
2.928310000000000080e-01
2.965309999999999890e-01
2.092331000000000163e+00
1.528731000000000062e+00
-1.295568999999999971e+00
-2.079469000000000012e+00
-2.212689999999999935e-01
-4.942690000000000139e-01
-1.749068999999999985e+00
3.524131000000000125e+00
3.621331000000000078e+00
1.508309999999999929e-01
1.518231000000000108e+00
-1.016269000000000089e+00
6.754310000000000036e-01
-2.513690000000000091e-01
