-9.184320000000000261e-01
-2.195732000000000017e+00
-2.920532000000000128e+00
-2.341832000000000136e+00
-1.004431999999999992e+00
-3.285319999999999907e-01
-3.151031999999999833e+00
-2.672931999999999864e+00
-1.373331999999999997e+00
-5.122320000000000206e-01
-9.875319999999999654e-01
-8.231999999999999734e-03
1.028767999999999905e+00
2.190367999999999871e+00
3.247768000000000210e+00
3.162167999999999868e+00
2.030568000000000151e+00
9.797679999999999723e-01
1.007867999999999986e+00
-2.799932000000000087e+00
9.060679999999999845e-01
4.581267999999999674e+00
-2.427320000000000033e-01
-3.400932000000000066e+00
-1.872532000000000085e+00
-6.158320000000000460e-01
2.308068000000000008e+00
4.127067000000000263e+00
1.942666999999999922e+00
1.040679999999999938e-01
1.219268000000000018e+00
1.660568000000000044e+00
-3.772731999999999974e+00
-2.270732000000000195e+00
1.115267999999999926e+00
1.610468000000000011e+00
1.104468000000000005e+00
4.215679999999999983e-01
-1.275033000000000083e+00
-8.283200000000000285e-02
