2.915200000000000083e-02
-1.279247999999999941e+00
-2.103947999999999929e+00
-1.499648000000000092e+00
-1.564480000000000037e-01
6.211520000000000374e-01
-2.409247999999999834e+00
-1.038847999999999994e+00
1.136520000000000030e-01
1.962752000000000052e+00
-1.810148000000000090e+00
1.439951999999999899e+00
-1.116548000000000096e+00
1.449519999999999975e-01
1.413251999999999953e+00
2.495251999999999803e+00
2.432151999999999870e+00
-2.794048000000000087e+00
-1.214247999999999994e+00
2.220651999999999848e+00
1.706552000000000069e+00
-1.999748000000000081e+00
-1.206747999999999932e+00
1.033519999999999994e-01
1.799520000000000008e-01
1.464252000000000109e+00
2.301851999999999787e+00
