8.658839999999999870e-01
-3.827160000000000006e-01
-1.455416000000000043e+00
-1.266815999999999942e+00
-3.216000000000000109e-03
1.053183999999999898e+00
-2.369116000000000000e+00
-2.248315999999999981e+00
-9.943159999999999776e-01
1.241840000000000027e-01
-8.526160000000000405e-01
-8.434160000000000545e-01
3.194839999999999902e-01
2.947839999999999905e-01
1.460283999999999915e+00
2.696483999999999881e+00
2.760784000000000127e+00
1.589083999999999941e+00
2.365683999999999898e+00
-5.789159999999999862e-01
-2.154615999999999865e+00
-3.360516000000000059e+00
-3.146615999999999858e+00
1.108783999999999992e+00
-1.692515999999999909e+00
2.568399999999999850e-02
-6.420160000000000311e-01
1.392284000000000077e+00
3.603384000000000142e+00
3.722583999999999893e+00
1.710884000000000071e+00
2.686084000000000138e+00
3.044684000000000168e+00
-1.512615999999999961e+00
2.112839999999999996e-01
-2.200115999999999961e+00
-2.375916000000000139e+00
-2.955715999999999788e+00
