5.590690000000000381e-01
-7.715309999999999668e-01
-1.480231000000000074e+00
-8.090309999999999446e-01
5.838689999999999714e-01
1.226569000000000020e+00
-1.523131000000000013e+00
-8.986309999999999576e-01
5.014690000000000536e-01
1.230968999999999980e+00
2.606069000000000191e+00
-1.456930999999999976e+00
1.230769000000000002e+00
-1.746431000000000067e+00
-2.611631000000000036e+00
2.319468999999999781e+00
3.137668999999999819e+00
2.956869000000000192e+00
-2.465631000000000128e+00
-9.519309999999999716e-01
9.987690000000000179e-01
9.495689999999999964e-01
2.316269000000000133e+00
-1.525231000000000003e+00
-2.814430999999999905e+00
-1.562631000000000103e+00
