-2.493627000000000038e+00
-2.876326999999999856e+00
-2.707427000000000028e+00
-2.126526999999999834e+00
-1.685327000000000019e+00
-1.883726999999999929e+00
-1.983427000000000051e+00
-1.400427000000000088e+00
-9.339269999999999516e-01
-1.088227000000000055e+00
-3.490269999999999762e-01
1.640729999999999966e-01
8.528729999999999922e-01
1.756729999999999958e-01
8.060730000000000395e-01
2.096572999999999798e+00
2.785673000000000066e+00
2.171972999999999931e+00
-1.526227000000000000e+00
-3.483926999999999996e+00
4.081773000000000096e+00
4.789572999999999858e+00
4.207073000000000285e+00
2.918972999999999818e+00
-1.091426999999999925e+00
-1.821627000000000107e+00
-1.315727000000000091e+00
-7.565269999999999495e-01
-3.264270000000000227e-01
8.798730000000000162e-01
-6.530270000000000241e-01
3.254730000000000123e-01
2.558373000000000008e+00
-6.530270000000000241e-01
-1.730126999999999970e+00
-3.787827000000000055e+00
-3.627527000000000168e+00
4.554472999999999772e+00
5.792073000000000249e+00
4.749773000000000245e+00
2.501672999999999814e+00
-2.810426999999999786e+00
-1.965127000000000068e+00
-1.335026999999999964e+00
