-9.646689999999999987e-01
-2.291669000000000178e+00
-2.971268999999999938e+00
-2.262268999999999863e+00
-8.693689999999999474e-01
-2.779690000000000216e-01
-2.927268999999999899e+00
-2.233668999999999905e+00
-8.494690000000000296e-01
-1.643689999999999873e-01
-5.596899999999999792e-02
1.724310000000000009e-01
9.517309999999999937e-01
2.157430999999999877e+00
2.753430999999999962e+00
2.157830999999999833e+00
9.434310000000000196e-01
3.569309999999999983e-01
1.105930999999999997e+00
-3.001269000000000187e+00
2.743631000000000153e+00
2.139530999999999850e+00
9.441310000000000535e-01
3.495309999999999806e-01
-4.013468999999999731e+00
-2.776469000000000076e+00
-5.679689999999999461e-01
9.244310000000000027e-01
2.656630999999999965e+00
3.693331000000000142e+00
-5.779689999999999550e-01
1.634031000000000011e+00
1.476731000000000016e+00
-4.008468999999999838e+00
-2.517168999999999990e+00
3.679730999999999863e+00
2.604030999999999985e+00
4.721310000000000229e-01
-5.862690000000000401e-01
