-1.155786999999999898e+00
-2.463786999999999949e+00
-3.119387000000000132e+00
-2.418587000000000042e+00
-1.037387000000000059e+00
-4.573869999999999880e-01
-3.112887000000000182e+00
-2.478686999999999863e+00
-1.111587000000000103e+00
-3.783869999999999734e-01
9.013130000000000308e-01
-3.180787000000000031e+00
9.730130000000000168e-01
1.678412999999999933e+00
3.160712999999999884e+00
3.934813000000000116e+00
3.316313000000000066e+00
3.655113000000000056e+00
3.836713000000000040e+00
3.500713000000000186e+00
5.264612999999999765e+00
-4.186386999999999858e+00
-3.055987000000000009e+00
-6.574870000000000436e-01
1.428112999999999966e+00
1.225713000000000052e+00
-4.176086999999999883e+00
-2.713887000000000160e+00
1.553813000000000111e+00
1.275112999999999941e+00
