-1.538694999999999924e+00
-2.213394999999999779e+00
-1.987095000000000056e+00
-9.077950000000000186e-01
-3.540949999999999931e-01
-6.772949999999999804e-01
4.041049999999999920e-01
-3.619499999999999801e-02
-3.191495000000000193e+00
-1.702950000000000019e-01
5.578049999999999953e-01
1.904705000000000092e+00
2.483804999999999819e+00
1.742504999999999971e+00
1.803049999999999931e-01
-1.524794999999999900e+00
-2.449499999999999941e-02
7.129050000000000109e-01
2.038605000000000000e+00
2.635905000000000165e+00
2.947804999999999787e+00
6.887050000000000116e-01
-2.365949999999999998e-01
-3.739895000000000191e+00
-3.400894999999999779e+00
-1.208595000000000086e+00
3.524204999999999810e+00
2.235504999999999853e+00
9.397050000000000125e-01
6.863050000000000539e-01
-2.495950000000000113e-01
-7.789949999999999930e-01
-1.996795000000000098e+00
-2.302595000000000169e+00
-1.061295000000000099e+00
2.437050000000000050e-01
3.674304999999999932e+00
