-1.177146999999999943e+00
-2.473847000000000129e+00
-3.286947000000000063e+00
-2.753846999999999934e+00
-1.412247000000000030e+00
-6.701470000000000482e-01
-3.561046999999999851e+00
-3.051546999999999787e+00
-1.706847000000000003e+00
-8.881470000000000198e-01
-1.109747000000000039e+00
-3.348470000000000057e-01
6.670530000000000070e-01
4.009530000000000038e-01
1.368252999999999941e+00
2.622752999999999890e+00
2.930652999999999953e+00
1.954452999999999996e+00
6.953529999999999989e-01
-3.004347000000000101e+00
4.202853000000000172e+00
4.530953000000000230e+00
3.591852999999999962e+00
2.323153000000000024e+00
-1.064847000000000099e+00
-4.615247000000000099e+00
-3.704247000000000067e+00
-1.899947000000000052e+00
-4.717470000000000274e-01
-5.772469999999999546e-01
1.140452999999999939e+00
3.363153000000000059e+00
1.040953000000000017e+00
1.173453000000000079e+00
-3.984046999999999894e+00
-2.415347000000000133e+00
4.956353000000000009e+00
5.521353000000000399e+00
3.842052999999999940e+00
1.610452999999999912e+00
-3.865469999999999740e-01
-1.542446999999999901e+00
-1.844146999999999981e+00
