1.536901999999999990e+00
2.476019999999999888e-01
-3.987979999999999858e-01
3.096019999999999883e-01
1.650601999999999903e+00
2.230302000000000007e+00
-4.603979999999999739e-01
4.287020000000000275e-01
1.660701999999999900e+00
2.433301999999999854e+00
1.434201999999999977e+00
3.850020000000000109e-01
-2.388979999999999992e-01
1.563019999999999965e-01
-4.176980000000000137e-01
-1.401297999999999933e+00
-1.811298000000000075e+00
-1.251897999999999955e+00
3.549901999999999891e+00
-4.581979999999999942e-01
8.080199999999999882e-02
-4.717979999999999952e-01
-1.679197999999999968e+00
-2.944297999999999860e+00
-3.471098000000000017e+00
2.171019999999999894e-01
6.753019999999999579e-01
-9.750980000000000203e-01
-1.236097999999999919e+00
-1.514979999999999938e-01
7.742019999999999458e-01
2.350001999999999924e+00
3.227501999999999871e+00
2.936402000000000179e+00
1.199101999999999890e+00
2.382302000000000142e+00
9.473019999999999774e-01
-1.866597999999999979e+00
-2.570298000000000194e+00
4.240601999999999983e+00
3.870902000000000065e+00
-1.436098000000000097e+00
1.201999999999999943e-03
-1.547398000000000051e+00
-2.889979999999999771e-01
-3.673598000000000141e+00
-2.809898000000000007e+00
-4.429397999999999946e+00
-2.762198000000000153e+00
-3.605998000000000037e+00
-1.693979999999999930e-01
1.297901999999999889e+00
6.660199999999999454e-02
-1.543980000000000075e-01
1.592101999999999906e+00
7.994019999999999460e-01
