-1.879774000000000056e+00
-2.113973999999999798e+00
-1.902374000000000009e+00
-1.383674000000000071e+00
-8.943740000000000023e-01
-1.271673999999999971e+00
-4.827399999999999747e-02
-1.021374000000000004e+00
-2.608274000000000203e+00
-5.936740000000000350e-01
2.220260000000000011e-01
1.601825999999999972e+00
2.160826000000000136e+00
1.352225999999999928e+00
-2.806739999999999791e-01
-2.554974000000000078e+00
1.825425999999999993e+00
3.230226000000000042e+00
2.508226000000000067e+00
1.987425999999999915e+00
-5.847740000000000160e-01
-1.296674000000000104e+00
-2.810074000000000183e+00
-2.791574000000000222e+00
-1.671674000000000104e+00
-2.588739999999999930e-01
3.240625999999999785e+00
1.051259999999999972e-01
5.610260000000000247e-01
-6.573740000000000139e-01
-2.233573999999999948e+00
-3.024674000000000085e+00
-3.332574000000000147e+00
3.426826000000000150e+00
3.777626000000000150e+00
3.578025999999999929e+00
2.832326000000000121e+00
1.480226000000000042e+00
1.324926000000000048e+00
