-7.520590000000000330e-01
-1.859558999999999962e+00
-2.365359000000000211e+00
-1.710458999999999952e+00
-5.403590000000000337e-01
-1.060590000000000005e-01
-2.203859000000000012e+00
-1.559558999999999918e+00
-4.016589999999999883e-01
1.123409999999999964e-01
3.153409999999999824e-01
-4.983589999999999964e-01
6.360409999999999675e-01
1.632641000000000009e+00
2.560341000000000200e+00
2.498441000000000134e+00
1.506640999999999897e+00
5.491409999999999902e-01
1.019041000000000086e+00
-2.520958999999999950e+00
1.463041000000000036e+00
4.858410000000000228e-01
-4.637589999999999768e-01
-4.341590000000000171e-01
-3.114758999999999833e+00
-1.968059000000000003e+00
1.349841000000000069e+00
3.481409999999999783e-01
1.697840999999999934e+00
3.332940999999999931e+00
3.236841000000000079e+00
1.746741000000000099e+00
1.310640999999999945e+00
-3.365759000000000167e+00
-2.167158999999999835e+00
2.196940999999999811e+00
4.669409999999999950e-01
-1.231859000000000037e+00
-1.201959000000000000e+00
