8.117050000000000098e-01
-3.803949999999999831e-01
-9.303949999999999720e-01
-2.433950000000000002e-01
1.023104999999999931e+00
1.500704999999999956e+00
-8.438949999999999507e-01
-2.350949999999999984e-01
1.016504999999999992e+00
1.653405000000000014e+00
1.680104999999999960e+00
-8.495000000000000814e-03
4.150500000000000023e-02
-7.198949999999999516e-01
-1.535095000000000098e+00
-1.606894999999999962e+00
-8.542950000000000266e-01
2.733105000000000118e+00
-1.084195000000000020e+00
3.253905000000000047e+00
-7.504950000000000232e-01
-1.279500000000000082e-02
-8.590950000000000530e-01
-1.717195000000000027e+00
7.314049999999999718e-01
-1.825395000000000101e+00
-7.605950000000000211e-01
2.347205000000000208e+00
2.302204999999999835e+00
6.846050000000000191e-01
-2.127594999999999903e+00
-2.260394999999999932e+00
2.802305000000000046e+00
3.520204999999999806e+00
-1.992695000000000105e+00
-6.925949999999999607e-01
-1.853950000000000042e-01
-3.648950000000000249e-01
1.061304999999999943e+00
-1.612395000000000023e+00
-2.765095000000000081e+00
-1.420195000000000096e+00
6.256049999999999667e-01
