-2.816853000000000051e+00
-4.156252000000000280e+00
-4.893952999999999776e+00
-4.156652000000000236e+00
-2.770652000000000115e+00
-2.089653000000000205e+00
-4.677252000000000187e+00
-3.657153000000000098e+00
-2.445653000000000077e+00
-1.082653000000000088e+00
6.886470000000000091e-01
-7.280529999999999502e-01
-4.822452000000000183e+00
8.886469999999999647e-01
2.183546999999999905e+00
3.291647000000000212e+00
3.094148000000000120e+00
1.792747000000000090e+00
-9.709529999999999550e-01
4.234947000000000017e+00
4.072147000000000183e+00
4.598247999999999891e+00
4.829847000000000001e+00
-5.666052999999999784e+00
-3.882251999999999814e+00
-3.199529999999999874e-01
-8.533530000000000282e-01
-8.505300000000000360e-02
-3.520530000000000048e-01
-5.831552000000000291e+00
-4.301552000000000042e+00
4.124699999999999894e-02
2.286646999999999874e+00
1.614146999999999998e+00
5.069847000000000214e+00
3.550647999999999804e+00
3.560347000000000151e+00
5.912447000000000230e+00
4.430447000000000024e+00
4.419647000000000325e+00
