7.616260000000000252e-01
-5.698739999999999917e-01
-1.285873999999999961e+00
-6.217740000000000489e-01
7.736260000000000359e-01
1.423726000000000047e+00
-1.344473999999999947e+00
-7.220739999999999936e-01
6.695259999999999545e-01
1.414525999999999950e+00
2.803726000000000163e+00
-1.248574000000000073e+00
-1.544373999999999914e+00
-2.432873999999999981e+00
1.184026000000000023e+00
2.500926000000000204e+00
3.338525999999999883e+00
3.161525999999999836e+00
-2.257573999999999970e+00
-7.383739999999999748e-01
-1.746574000000000071e+00
-2.496674000000000060e+00
-1.022674000000000083e+00
