-1.773212999999999928e+00
-2.027613000000000110e+00
-1.799312999999999940e+00
-1.236312999999999995e+00
-7.460130000000000372e-01
-1.137413000000000007e+00
1.178870000000000057e-01
-8.703130000000000033e-01
-2.562212999999999852e+00
-4.101130000000000053e-01
4.150869999999999838e-01
1.790386999999999951e+00
2.337587000000000081e+00
1.515087000000000073e+00
-1.210129999999999956e-01
-2.373413000000000217e+00
1.969287000000000010e+00
3.367087000000000163e+00
-2.417130000000000112e-01
5.631869999999999932e-01
-3.976129999999999942e-01
-1.152613000000000110e+00
-2.780313000000000034e+00
-2.760412999999999784e+00
-1.487012999999999918e+00
2.474286999999999903e+00
3.416687000000000030e+00
2.995869999999999922e-01
6.959870000000000223e-01
-4.986129999999999729e-01
-2.017713000000000090e+00
-2.844313000000000091e+00
-3.158012999999999959e+00
3.548186999999999980e+00
3.942187000000000108e+00
3.696387000000000089e+00
-1.063130000000000047e-01
1.104387000000000008e+00
1.248286999999999924e+00
