3.910279999999999867e-01
-6.855719999999999592e-01
-1.609472000000000014e+00
-1.444272000000000000e+00
-3.593720000000000248e-01
5.346279999999999921e-01
-2.383572000000000024e+00
-2.241471999999999909e+00
-1.182072000000000012e+00
-2.144719999999999960e-01
-1.065271999999999997e+00
-8.313719999999999999e-01
-9.572000000000000647e-03
3.202280000000000126e-01
1.151327999999999907e+00
1.682228000000000057e+00
1.369328000000000101e+00
5.364280000000000159e-01
1.693727999999999900e+00
-8.503720000000000168e-01
2.558028000000000191e+00
2.863427999999999862e+00
3.002828000000000053e+00
-1.612371999999999916e+00
-3.023271999999999959e+00
-2.328719999999999957e-01
-1.968172000000000033e+00
-8.367199999999999638e-02
1.370727999999999946e+00
1.764828000000000063e+00
3.402279999999999749e-01
1.669828000000000090e+00
2.285527999999999782e+00
-1.654471999999999943e+00
-1.643719999999999903e-01
3.569328000000000056e+00
-9.897719999999999851e-01
-2.032671999999999812e+00
-2.465171999999999919e+00
