1.653320000000000067e-01
-1.085368000000000110e+00
-1.807368000000000086e+00
-1.226768000000000081e+00
7.683199999999999752e-02
7.283319999999999794e-01
7.206320000000000503e-01
5.393320000000000336e-01
1.136131999999999920e+00
1.956031999999999993e+00
2.151532000000000000e+00
1.537031999999999954e+00
-1.665467999999999948e+00
2.040232000000000046e+00
2.757632000000000083e+00
-1.937367999999999979e+00
-2.090667999999999971e+00
9.588320000000000176e-01
-2.465680000000000094e-01
-5.026680000000000037e-01
-1.898268000000000066e+00
5.286319999999999908e-01
5.940320000000000045e-01
9.971320000000000183e-01
1.063231999999999955e+00
7.276319999999999455e-01
3.254319999999999991e-01
2.588320000000000065e-01
-7.836799999999999322e-02
2.785832000000000086e+00
1.705732000000000026e+00
-2.610867999999999967e+00
-1.145167999999999964e+00
2.417431999999999803e+00
2.369331999999999994e+00
-2.594568000000000207e+00
-2.202468000000000092e+00
-9.102679999999999660e-01
-1.882668000000000008e+00
-3.139568000000000136e+00
-2.122867999999999977e+00
-2.083867999999999832e+00
-2.540868000000000126e+00
1.517732000000000081e+00
2.940320000000000156e-01
1.258232000000000017e+00
1.376832000000000056e+00
7.792320000000000357e-01
6.283199999999999896e-02
-5.796799999999999869e-02
