-3.422729999999999939e-01
-1.658673000000000064e+00
-2.271773000000000042e+00
-1.517873000000000028e+00
-1.121729999999999949e-01
4.141270000000000229e-01
5.897270000000000012e-01
-1.796729999999999994e-01
4.254269999999999996e-01
1.808626999999999985e+00
2.591927000000000092e+00
1.999227000000000087e+00
-2.428872999999999838e+00
1.772826999999999931e+00
-1.567973000000000061e+00
-2.212673000000000112e+00
4.308327000000000240e+00
-1.827729999999999910e-01
2.257426999999999850e+00
2.676626999999999867e+00
-3.434572999999999876e+00
-1.989673000000000025e+00
2.276927000000000145e+00
2.256327000000000194e+00
-2.176273000000000124e+00
-3.302273000000000014e+00
