-1.707329999999999959e-01
-1.356832999999999956e+00
-2.168733000000000022e+00
-1.777333000000000052e+00
-5.482329999999999703e-01
2.277669999999999972e-01
-2.665132999999999974e+00
-2.387732999999999883e+00
-1.215332999999999997e+00
-2.523329999999999740e-01
-1.058632999999999935e+00
-1.043833000000000011e+00
-2.997330000000000272e-01
-2.597329999999999917e-01
4.663669999999999760e-01
1.172867000000000104e+00
1.151766999999999985e+00
4.175670000000000215e-01
1.480666999999999955e+00
-1.766432999999999920e+00
1.062867000000000006e+00
3.991669999999999940e-01
2.170466999999999924e+00
7.320670000000000233e-01
4.012669999999999848e-01
9.164670000000000316e-01
1.130366999999999900e+00
-2.275033000000000083e+00
-3.177433000000000174e+00
-1.313330000000000053e-01
-1.867232999999999921e+00
-8.191330000000000000e-01
1.759166999999999925e+00
1.741667000000000076e+00
2.208267000000000202e+00
1.496466999999999992e+00
-2.666033000000000097e+00
-1.166833000000000009e+00
1.211066999999999894e+00
1.123666999999999971e+00
1.898066999999999949e+00
2.416367000000000154e+00
2.331067000000000000e+00
2.870867000000000058e+00
5.197669999999999790e-01
7.296700000000000408e-02
1.453167000000000098e+00
1.264566999999999997e+00
-1.491329999999999878e-01
7.587669999999999693e-01
2.200366999999999962e+00
-2.118433000000000010e+00
-3.039232999999999851e+00
-2.675333000000000183e+00
