-9.626649999999999929e-01
-2.206964999999999844e+00
-2.806465000000000209e+00
-2.099864999999999871e+00
-7.895649999999999613e-01
-2.812649999999999872e-01
-2.680064999999999920e+00
-1.984764999999999890e+00
-6.905649999999999844e-01
-8.646500000000000019e-02
1.064350000000000018e-01
7.051349999999999563e-01
1.353134999999999977e+00
2.764034999999999798e+00
3.447935000000000194e+00
2.728334999999999955e+00
1.338435000000000041e+00
6.579350000000000476e-01
1.027935000000000043e+00
-2.912564999999999849e+00
3.563934999999999853e+00
-1.075665000000000093e+00
3.708835000000000104e+00
-3.697564999999999991e+00
-2.452265000000000139e+00
-5.485649999999999693e-01
9.010350000000000303e-01
1.237135000000000096e+00
4.533534999999999648e+00
7.833350000000000035e-01
1.431535000000000002e+00
1.328635000000000010e+00
-3.856965000000000199e+00
-2.485065000000000079e+00
