-9.433470000000000466e-01
-2.178946999999999967e+00
-2.789146999999999821e+00
-2.106046999999999780e+00
-8.055470000000000130e-01
-2.745469999999999855e-01
-2.702847000000000222e+00
-2.032747000000000082e+00
-7.463469999999999827e-01
-1.246469999999999939e-01
2.605299999999999977e-02
7.019530000000000491e-01
1.344653000000000098e+00
2.749553000000000136e+00
3.454352999999999785e+00
2.776253000000000082e+00
1.381753000000000009e+00
6.701529999999999987e-01
9.936530000000000085e-01
-2.865247000000000099e+00
-1.057946999999999971e+00
5.176252999999999993e+00
-3.713747000000000131e+00
-2.513246999999999787e+00
-6.602470000000000283e-01
7.736530000000000351e-01
1.211252999999999913e+00
3.299653000000000169e+00
3.320653000000000077e+00
8.551530000000000520e-01
1.672952999999999912e+00
1.343552999999999997e+00
-3.804546999999999901e+00
-2.432347000000000037e+00
