-1.779118999999999895e+00
-2.462918999999999858e+00
-2.351018999999999970e+00
-1.405818999999999930e+00
-7.881190000000000140e-01
-1.001119000000000092e+00
6.381000000000000387e-03
-3.509189999999999809e-01
-3.320819000000000187e+00
-5.488189999999999458e-01
2.276809999999999945e-01
1.586681000000000008e+00
2.156880999999999826e+00
1.372281000000000084e+00
-3.366190000000000015e-01
-2.221019000000000077e+00
-3.869190000000000129e-01
-5.275189999999999602e-01
9.086809999999999610e-01
1.758280999999999983e+00
3.080680999999999781e+00
3.565881000000000078e+00
2.743780999999999803e+00
1.423680999999999974e+00
1.231681000000000026e+00
5.194480999999999682e+00
-1.047190000000000065e-01
-7.407190000000000163e-01
2.768809999999999882e-01
-4.804189999999999849e-01
-3.866219000000000072e+00
-3.436818999999999846e+00
-1.603418999999999928e+00
2.211580999999999797e+00
3.216581000000000135e+00
1.839881000000000100e+00
3.202809999999999824e-01
2.887810000000000099e-01
-7.977189999999999559e-01
-1.591518999999999906e+00
-2.745619000000000032e+00
-2.982819000000000109e+00
4.880999999999999922e-03
-1.469419000000000031e+00
-9.268189999999999484e-01
-1.139019000000000004e+00
3.730580999999999925e+00
3.118481000000000058e+00
7.924809999999999910e-01
-4.966189999999999771e-01
9.786810000000000231e-01
-1.821018999999999943e+00
-3.525190000000000268e-01
