-1.342532000000000059e+00
-2.634431999999999885e+00
-3.388431999999999888e+00
-2.796532000000000018e+00
-1.453632000000000035e+00
-7.713320000000000176e-01
-3.537132000000000165e+00
-2.953532000000000046e+00
-1.606232000000000104e+00
-8.675319999999999698e-01
5.655679999999999596e-01
-3.224731999999999932e+00
-1.052232000000000056e+00
1.495680000000000065e-01
9.499680000000000346e-01
2.135168000000000177e+00
2.551467999999999847e+00
1.755268000000000050e+00
5.673679999999999835e-01
3.737467999999999790e+00
4.133367999999999931e+00
3.349168000000000145e+00
2.167768000000000139e+00
-4.592532000000000281e+00
-3.562732000000000010e+00
1.135968000000000089e+00
1.019568000000000030e+00
-4.202931999999999668e+00
-2.681831999999999994e+00
-1.543131999999999948e+00
6.654679999999999485e-01
2.728168000000000148e+00
-4.363199999999999718e-02
4.364268000000000036e+00
5.054867999999999917e+00
3.656267999999999851e+00
1.568367999999999984e+00
