-3.457488999999999812e+00
-4.679588999999999999e+00
-5.063589000000000340e+00
-4.172388999999999903e+00
-2.863189000000000206e+00
-2.550889000000000184e+00
-4.592889000000000443e+00
-3.713489000000000040e+00
-2.387188999999999783e+00
-1.972088999999999981e+00
-1.569789000000000101e+00
-1.643890000000000073e-01
4.648109999999999742e-01
8.037109999999999532e-01
1.390111000000000097e+00
1.654010999999999898e+00
1.286111000000000004e+00
6.971110000000000362e-01
-1.301388999999999907e+00
-5.602988999999999997e+00
2.213410999999999795e+00
3.360611000000000015e+00
4.383810999999999680e+00
5.529010999999999676e+00
5.660311000000000092e+00
4.652611000000000274e+00
3.505811000000000011e+00
-4.129388999999999754e+00
-9.533890000000000420e-01
-1.976788999999999907e+00
3.778110000000000079e-01
-5.408899999999999819e-02
6.072109999999999452e-01
1.646711000000000036e+00
1.452911000000000064e+00
4.187109999999999999e-01
-4.825889999999999902e-01
-1.200889000000000095e+00
-6.537289000000000350e+00
-5.345888999999999669e+00
4.306911000000000378e+00
6.321911000000000058e+00
6.553111000000000352e+00
4.761311000000000071e+00
2.723611000000000004e+00
