-2.036620000000000097e+00
-2.879220000000000113e+00
-2.794319999999999915e+00
-1.691719999999999891e+00
-1.045919999999999961e+00
-1.197419999999999929e+00
-4.439199999999999813e-01
-3.857200000000000073e-01
-3.868619999999999948e+00
-9.916199999999999459e-01
-4.120199999999999974e-01
7.247799999999999798e-01
1.300880000000000036e+00
7.155799999999999939e-01
-6.771200000000000552e-01
-2.324720000000000120e+00
1.059979999999999922e+00
1.704679999999999973e+00
2.395379999999999843e+00
1.412279999999999980e+00
1.825879999999999947e+00
1.382179999999999964e+00
1.742280000000000051e+00
2.551579999999999959e+00
2.999379999999999935e+00
2.638079999999999981e+00
1.335080000000000044e+00
-1.132319999999999993e+00
3.722799999999999998e-01
-4.455200000000000271e-01
-4.535519999999999996e+00
-3.966720000000000024e+00
-1.884020000000000028e+00
2.213480000000000114e+00
1.206579999999999986e+00
8.397999999999999909e-02
-1.630199999999999982e-01
-1.175219999999999931e+00
-1.580419999999999936e+00
-2.868819999999999926e+00
-3.046219999999999928e+00
-2.282000000000000001e-02
1.470979999999999954e+00
8.213799999999999990e-01
7.478799999999999892e-01
1.388579999999999925e+00
2.833079999999999821e+00
3.632680000000000131e+00
3.010679999999999801e+00
