-5.087517000000000067e+00
-5.819917000000000229e+00
-5.835117000000000331e+00
-5.025516999999999790e+00
-4.226816999999999602e+00
-4.273216999999999821e+00
-4.880817000000000405e+00
-3.995916999999999941e+00
-3.568817000000000128e+00
-2.600817000000000156e+00
-1.423016999999999976e+00
-3.543416999999999817e+00
-6.615217000000000347e+00
-1.508316999999999908e+00
-3.704169999999999963e-01
9.055830000000000268e-01
1.023382999999999932e+00
-1.257169999999999954e-01
-2.558317000000000174e+00
2.089583000000000190e+00
1.999583000000000110e+00
3.245382999999999907e+00
4.482582999999999984e+00
5.363682999999999979e+00
6.430382999999999960e+00
4.856182999999999694e+00
5.238883000000000401e+00
6.260283000000000264e+00
6.863183000000000256e+00
6.716783000000000392e+00
7.630482999999999905e+00
-3.800117000000000189e+00
-3.772317000000000142e+00
-2.837416999999999856e+00
-1.625116999999999923e+00
-2.863316999999999890e+00
-3.643717000000000095e+00
-7.183417000000000385e+00
-6.627017000000000380e+00
-2.475916999999999923e+00
-4.976169999999999760e-01
1.995983000000000063e+00
3.968300000000000299e-02
3.250783000000000200e+00
4.191182999999999659e+00
5.501782999999999646e+00
5.738283000000000023e+00
4.530782999999999561e+00
5.779482999999999926e+00
7.074283000000000321e+00
7.983382999999999896e+00
-3.609417000000000098e+00
-4.282617000000000118e+00
-4.514717000000000091e+00
