-2.670913000000000093e+00
-3.124712999999999852e+00
-2.994712999999999958e+00
-2.382413000000000114e+00
-1.869113000000000024e+00
-2.029913000000000078e+00
-2.281213000000000157e+00
-1.668112999999999957e+00
-1.129113000000000033e+00
-1.244113000000000024e+00
-5.200129999999999475e-01
7.768700000000000605e-02
7.480869999999999465e-01
2.090587000000000195e+00
2.700387000000000093e+00
1.985087000000000046e+00
6.542869999999999520e-01
2.788699999999999860e-02
-1.599113000000000007e+00
-3.768113000000000046e+00
2.464586999999999861e+00
3.817387000000000086e+00
-1.273913000000000073e+00
-2.041212999999999944e+00
2.722386999999999890e+00
4.021887000000000434e+00
-1.621013000000000037e+00
-8.572130000000000027e-01
-5.175130000000000008e-01
8.155869999999999509e-01
-6.844130000000000491e-01
3.734186999999999923e+00
1.278870000000000007e-01
-7.118130000000000290e-01
-1.777913000000000077e+00
-4.126113000000000142e+00
-3.887013000000000051e+00
4.035186999999999635e+00
3.960786999999999836e+00
4.508886999999999645e+00
-3.048413000000000039e+00
-2.131313000000000013e+00
-1.619912999999999936e+00
4.331787000000000276e+00
4.748287000000000369e+00
4.006486999999999910e+00
