3.543799999999999728e-01
-8.028199999999999781e-01
-1.371119999999999894e+00
-7.394199999999999662e-01
4.827799999999999869e-01
9.855800000000000116e-01
-1.332819999999999894e+00
-7.362199999999999855e-01
5.019799999999999818e-01
1.111080000000000068e+00
2.163980000000000015e+00
-1.448919999999999986e+00
1.261479999999999935e+00
-1.502220000000000111e+00
2.302080000000000126e+00
-2.952220000000000066e+00
1.686779999999999946e+00
2.743180000000000174e+00
3.878680000000000128e+00
4.501579999999999693e+00
3.451579999999999870e+00
-3.705119999999999969e+00
-3.272320000000000118e+00
-3.355919999999999792e+00
-2.585319999999999840e+00
-3.033720000000000194e+00
2.862179999999999946e+00
2.496780000000000221e+00
-2.328120000000000189e+00
-1.039819999999999967e+00
5.736799999999999677e-01
1.787179999999999991e+00
-9.763199999999999656e-01
-1.526820000000000066e+00
2.745179999999999954e+00
-3.473720000000000141e+00
1.183880000000000043e+00
9.312799999999999967e-01
2.276879999999999793e+00
3.148280000000000189e+00
3.495280000000000165e+00
4.645880000000000010e+00
5.273780000000000356e+00
4.998879999999999768e+00
3.929479999999999862e+00
3.066980000000000040e+00
-3.579120000000000079e+00
-4.779519999999999769e+00
-2.247320000000000206e+00
-3.907719999999999860e+00
-2.963220000000000187e+00
-4.407219999999999693e+00
-1.512720000000000065e+00
-2.734519999999999840e+00
-4.076319999999999943e+00
-2.450120000000000076e+00
