-1.076886999999999928e+00
-2.014387000000000150e+00
-2.488687999999999789e+00
-1.989787999999999890e+00
-1.007487000000000021e+00
-5.918870000000000520e-01
-2.475187000000000026e+00
-1.988186999999999927e+00
-1.006288000000000071e+00
-5.162879999999999692e-01
-5.087869999999999893e-01
-9.428870000000000307e-01
-1.584869999999999890e-01
-7.712869999999999449e-01
-1.122869999999999979e-01
1.173113000000000072e+00
1.821312999999999960e+00
1.164112999999999953e+00
3.993129999999999735e-01
-2.522686999999999902e+00
3.122412999999999883e+00
3.791513000000000133e+00
3.168311999999999795e+00
1.873812999999999951e+00
-2.442787000000000042e+00
2.617129999999999734e-01
2.053129999999999955e-01
-8.201869999999999994e-01
-2.014086999999999961e+00
-1.776188000000000100e+00
-5.999870000000000481e-01
1.670712999999999893e+00
4.255129999999999746e-01
6.200130000000000363e-01
-3.235087000000000046e+00
-2.183187000000000211e+00
3.630911999999999917e+00
4.799712999999999674e+00
3.686913000000000107e+00
1.428312999999999944e+00
