1.365359999999999907e-01
-1.055163999999999991e+00
-1.957163999999999904e+00
-1.633364000000000038e+00
-4.207640000000000269e-01
4.311360000000000192e-01
-2.539064000000000210e+00
-2.247663999999999884e+00
-1.022364000000000051e+00
-1.098640000000000033e-01
-6.693639999999999590e-01
-7.877640000000000198e-01
4.733600000000000307e-02
3.525360000000000160e-01
1.165736000000000105e+00
1.696636000000000033e+00
1.409936000000000078e+00
5.939360000000000195e-01
1.702836000000000016e+00
-1.373763999999999985e+00
2.947359999999999980e-01
8.091359999999999664e-01
2.473036000000000012e+00
3.044935999999999865e+00
-2.127263999999999822e+00
-3.499563999999999897e+00
-2.976163999999999810e+00
3.664359999999999840e-01
-1.295363999999999960e+00
-5.616399999999999865e-02
1.377335999999999894e+00
1.825936000000000003e+00
1.829136000000000095e+00
2.259436000000000000e+00
-2.269264000000000170e+00
-7.118640000000000523e-01
4.608360000000000234e-01
1.903736000000000095e+00
4.249359999999999804e-01
3.627136000000000138e+00
2.266636000000000095e+00
3.728936000000000028e+00
-2.108864000000000072e+00
-2.752164000000000055e+00
-2.615963999999999956e+00
