-1.899294999999999956e+00
-2.920494999999999841e+00
-3.067794999999999828e+00
-2.119095000000000173e+00
-1.001794999999999991e+00
-9.689950000000000507e-01
-2.230694999999999872e+00
-1.274794999999999900e+00
-1.920949999999999880e-01
-4.919500000000000262e-02
8.755049999999999777e-01
1.679005000000000081e+00
1.582405000000000062e+00
2.468405000000000182e+00
2.396605000000000096e+00
1.422604999999999897e+00
5.230050000000000532e-01
6.065049999999999608e-01
1.008050000000000057e-01
-3.878394999999999815e+00
2.656804999999999861e+00
-7.250950000000000450e-01
1.382204999999999906e+00
-3.081995000000000040e+00
-1.386295000000000055e+00
4.155050000000000132e-01
1.552705000000000002e+00
3.259005000000000152e+00
3.113105000000000011e+00
-1.331950000000000078e-01
5.708050000000000068e-01
4.890499999999999708e-02
-4.670295000000000307e+00
-3.805295000000000094e+00
2.493304999999999882e+00
3.678904999999999870e+00
2.578704999999999803e+00
