-3.445965999999999863e+00
-4.515066000000000024e+00
-5.116066000000000003e+00
-4.588365999999999723e+00
-3.486365999999999854e+00
-2.938365999999999811e+00
-2.960566000000000031e+00
-1.627966000000000024e+00
-1.377666000000000057e+00
-1.742660000000000042e-01
7.884339999999999682e-01
5.465339999999999643e-01
-6.545659999999999812e-01
-1.833066000000000084e+00
-5.030166000000000359e+00
-7.786600000000000465e-02
1.191434000000000104e+00
1.077633999999999981e+00
2.392933999999999894e+00
2.242233999999999838e+00
3.557033999999999807e+00
-9.675660000000000371e-01
-5.746600000000000319e-02
3.389933999999999781e+00
4.695833999999999619e+00
-5.097366000000000064e+00
-3.687765999999999877e+00
-2.910665999999999976e+00
-2.127666000000000057e+00
1.736734000000000000e+00
1.327633999999999981e+00
-1.996966000000000019e+00
-9.974659999999999638e-01
-5.834865999999999886e+00
-4.600565999999999711e+00
1.429934000000000038e+00
1.974833999999999978e+00
7.504340000000000455e-01
2.831339999999999968e-01
2.713233999999999924e+00
3.173433999999999866e+00
1.901334000000000080e+00
1.470334000000000030e+00
3.901434000000000069e+00
4.328733999999999860e+00
-4.899660000000000126e-01
9.023339999999999694e-01
7.183399999999999508e-02
3.038634000000000057e+00
2.627533999999999814e+00
4.552133999999999681e+00
5.060334000000000110e+00
5.468633999999999773e+00
