-1.291080000000000005e-01
-1.448708000000000107e+00
-2.050307999999999797e+00
-1.183707999999999982e+00
1.965919999999999890e-01
7.244920000000000249e-01
-1.582008000000000081e+00
-4.537080000000000002e-01
6.623919999999999808e-01
2.061592000000000091e+00
-2.243907999999999792e+00
-5.053079999999999794e-01
8.570919999999999650e-01
1.884292000000000078e+00
2.009891999999999790e+00
8.978920000000000234e-01
7.049199999999999910e-02
4.152919999999999945e-01
-3.462080000000000157e-01
-1.462507999999999919e+00
-1.816008000000000067e+00
-1.051508000000000109e+00
-2.362108000000000096e+00
-3.184807999999999861e+00
2.760892000000000124e+00
2.367891999999999886e+00
-3.242408000000000179e+00
-1.826907999999999976e+00
-8.736080000000000512e-01
-1.206808000000000103e+00
1.645391999999999966e+00
2.869092000000000198e+00
2.549992000000000036e+00
2.587791999999999870e+00
1.929491999999999985e+00
5.898919999999999719e-01
1.281392000000000087e+00
-6.030800000000000050e-02
-1.331908000000000092e+00
