-1.286621000000000015e+00
-2.576321000000000083e+00
-3.206221000000000210e+00
-2.500621000000000205e+00
-1.130320999999999909e+00
-5.752209999999999823e-01
-3.200021000000000004e+00
-2.590120999999999896e+00
-1.242820999999999954e+00
-4.872210000000000152e-01
7.578789999999999694e-01
-3.298721000000000014e+00
9.893790000000000084e-01
1.455179000000000000e+00
1.381178999999999935e+00
7.663790000000000324e-01
7.045789999999999553e-01
1.265778999999999987e+00
1.881178999999999935e+00
1.940379000000000076e+00
2.521978999999999971e+00
3.083079000000000125e+00
7.297900000000000220e-02
-7.120999999999999726e-03
-4.260321000000000247e+00
-3.166621000000000130e+00
-7.882209999999999495e-01
1.046778999999999904e+00
1.428579000000000043e+00
-4.281321000000000154e+00
-2.845321000000000211e+00
1.230579000000000089e+00
1.558878999999999904e+00
1.911578999999999917e+00
3.123790000000000178e-01
1.244178999999999924e+00
2.304679000000000144e+00
3.486978999999999829e+00
2.316778999999999922e+00
3.910378999999999827e+00
-5.319209999999999772e-01
9.906789999999999763e-01
-5.873209999999999820e-01
