-2.261469999999999869e-01
-1.479246999999999979e+00
-2.135546999999999862e+00
-1.483146999999999993e+00
-1.691469999999999918e-01
4.107529999999999792e-01
-2.130147000000000013e+00
-1.494146999999999892e+00
-1.848470000000000113e-01
4.797529999999999850e-01
5.276530000000000387e-01
9.585299999999999376e-02
5.032529999999999504e-01
1.454752999999999963e+00
1.960652999999999979e+00
1.526853000000000016e+00
5.829530000000000545e-01
7.585300000000000376e-02
1.700752999999999959e+00
-2.134746999999999950e+00
-1.151346999999999898e+00
-3.157046999999999937e+00
-2.021746999999999961e+00
3.408530000000000171e-01
1.609053000000000067e+00
1.404529999999999945e-01
1.822252999999999901e+00
2.698552999999999980e+00
1.919253000000000098e+00
2.392529999999999935e-01
2.349453000000000014e+00
2.083652999999999977e+00
-3.086546999999999930e+00
-1.668047000000000057e+00
