8.357799999999999951e-02
-1.206722000000000072e+00
-1.701521999999999979e+00
-7.539219999999999811e-01
6.092779999999999863e-01
1.020877999999999952e+00
-1.036621999999999932e+00
1.465780000000000138e-01
1.188477999999999923e+00
2.322477999999999820e+00
-2.089821999999999846e+00
2.284779999999999867e-01
1.530478000000000005e+00
2.659877999999999965e+00
2.577377999999999947e+00
1.755378000000000105e+00
8.035780000000000145e-01
7.577779999999999516e-01
-1.133220000000000061e-01
-9.170220000000000038e-01
-9.121219999999999883e-01
-3.502199999999999758e-02
-1.665421999999999958e+00
-3.050122000000000000e+00
-1.716622000000000092e+00
-9.937219999999999942e-01
-1.016220000000000040e-01
-1.127121999999999957e+00
3.076378000000000057e+00
2.542177999999999827e+00
-3.070321999999999996e+00
-1.753622000000000014e+00
1.346779999999999922e-01
-6.033220000000000249e-01
2.686078000000000188e+00
3.614278000000000102e+00
2.874077999999999911e+00
3.275577999999999879e+00
2.767377999999999894e+00
1.704677999999999916e+00
1.402678000000000091e+00
-1.242200000000000075e-02
-3.617322000000000148e+00
-3.409222000000000197e+00
-3.236022000000000176e+00
-1.666722000000000037e+00
-1.271220000000000128e-01
-6.807220000000000493e-01
-1.081422000000000105e+00
-2.121421999999999919e+00
-9.618219999999999548e-01
