-1.289799999999999974e-02
-1.019598000000000004e+00
-1.688997999999999999e+00
-1.330997999999999903e+00
-2.926980000000000137e-01
3.576019999999999754e-01
-2.017997999999999958e+00
-1.699097999999999997e+00
-6.731979999999999631e-01
2.330199999999999980e-02
-4.047979999999999912e-01
1.644019999999999926e-01
-1.137197999999999931e+00
-1.561098000000000097e+00
-6.886980000000000324e-01
6.359019999999999673e-01
1.053301999999999961e+00
1.391102000000000061e+00
-1.392398000000000025e+00
5.994019999999999904e-01
1.543501999999999930e+00
1.699302000000000090e+00
-1.165797999999999890e+00
-1.687497999999999942e+00
2.334502000000000077e+00
3.237502000000000102e+00
-2.830598000000000170e+00
-2.276397999999999922e+00
8.290020000000000167e-01
-9.689980000000000260e-01
-1.840098000000000011e+00
-2.579898000000000025e+00
2.075002000000000013e+00
1.779601999999999906e+00
-2.153198000000000167e+00
-9.083980000000000388e-01
7.576019999999999976e-01
1.558802000000000021e+00
1.033601999999999910e+00
1.538402000000000047e+00
2.728401999999999994e+00
-2.046997999999999873e+00
-9.096980000000000066e-01
-2.533497999999999806e+00
4.216102000000000238e+00
3.348701999999999845e+00
2.915702000000000016e+00
