-9.577210000000000445e-01
-2.245321000000000122e+00
-2.949221000000000092e+00
-2.337120999999999782e+00
-9.835209999999999786e-01
-3.340210000000000123e-01
-3.129920999999999953e+00
-2.622021000000000157e+00
-1.303921000000000108e+00
-4.525210000000000066e-01
-8.849209999999999576e-01
1.009678999999999993e+00
-2.885520999999999781e+00
9.937789999999999679e-01
7.789999999999999616e-04
-2.175209999999999921e-01
5.649790000000000090e-01
1.565879000000000021e+00
1.779878999999999989e+00
1.001978999999999953e+00
1.141779000000000099e+00
2.093779000000000057e+00
2.487790000000000001e-01
1.070278999999999980e+00
-3.339520999999999962e+00
-1.774221000000000048e+00
-4.097210000000000019e-01
1.260078999999999949e+00
1.653078999999999965e+00
-3.869320999999999788e+00
-2.377521000000000218e+00
1.251079000000000052e+00
1.220979000000000037e+00
1.649278999999999940e+00
-1.009621000000000102e+00
2.198878999999999806e+00
2.568678999999999935e+00
2.050279000000000185e+00
3.110278999999999794e+00
1.842778999999999945e+00
7.171790000000000109e-01
9.746789999999999621e-01
2.114379000000000008e+00
