-1.258358000000000088e+00
-2.009158000000000222e+00
-1.802658000000000094e+00
-6.608579999999999455e-01
-4.795800000000000063e-02
-3.506580000000000252e-01
7.084420000000000162e-01
3.684419999999999917e-01
-3.043858000000000175e+00
1.792420000000000124e-01
9.108420000000000405e-01
2.194341999999999793e+00
2.738341999999999832e+00
2.001342000000000176e+00
3.600419999999999732e-01
-1.217257999999999951e+00
3.156242000000000214e+00
1.710419999999999996e-01
1.162741999999999942e+00
1.907419999999999949e-01
-3.649957999999999814e+00
-3.239457999999999949e+00
-8.200579999999999536e-01
3.741341999999999945e+00
2.466441999999999801e+00
1.154042000000000012e+00
8.290419999999999456e-01
-1.214579999999999965e-01
-4.312579999999999747e-01
-1.732358000000000064e+00
-1.947357999999999922e+00
