-2.822735000000000216e+00
-3.840634999999999799e+00
-4.086834999999999773e+00
-3.190735000000000099e+00
-2.082034999999999858e+00
-1.933335000000000026e+00
-3.374734999999999818e+00
-1.974834999999999896e+00
-1.336335000000000051e+00
-4.723499999999999921e-02
-9.544350000000000334e-01
-4.697135000000000282e+00
-1.725349999999999939e-01
-1.395035000000000025e+00
8.493650000000000366e-01
2.230465000000000142e+00
3.170665000000000067e+00
2.764365000000000183e+00
1.412164999999999893e+00
4.719650000000000234e-01
8.819649999999999990e-01
1.807365000000000110e+00
2.569364999999999899e+00
3.951764999999999972e+00
-8.994349999999999845e-01
6.100649999999999684e-01
4.755650000000000155e-01
-2.806350000000000233e-01
-9.757350000000000190e-01
-5.482034999999999769e+00
-4.540734999999999744e+00
4.240565000000000140e+00
3.537265000000000104e+00
-5.872349999999999515e-01
1.229565000000000019e+00
2.418064999999999909e+00
2.431764999999999954e+00
4.027664999999999829e+00
4.387265000000000192e+00
4.503964999999999996e+00
-2.799349999999999894e-01
-1.818535000000000013e+00
-1.198334999999999928e+00
