-1.739408999999999983e+00
-3.017309000000000019e+00
-3.626708999999999961e+00
-2.818608999999999920e+00
-1.491009000000000029e+00
-9.436090000000000311e-01
-3.233408999999999978e+00
-2.178008999999999862e+00
-1.073309000000000069e+00
2.812910000000000132e-01
3.544910000000000005e-01
-3.754109000000000140e+00
3.650909999999999989e-01
1.502690999999999999e+00
2.844790999999999848e+00
3.898991000000000096e+00
3.649490999999999818e+00
2.340790999999999844e+00
1.288791000000000020e+00
3.331691000000000180e+00
2.011591000000000129e+00
-2.359909000000000034e+00
9.356910000000000505e-01
6.264910000000000201e-01
1.043390999999999957e+00
6.543909999999999449e-01
-4.719408999999999743e+00
-3.327008999999999883e+00
-5.267089999999999828e-01
4.928791000000000366e+00
4.476791000000000409e+00
2.732910000000000061e-01
