-3.042943000000000175e+00
-4.375643000000000171e+00
-5.027243000000000350e+00
-4.199442999999999593e+00
-2.812842999999999982e+00
-2.228543000000000163e+00
-4.656143000000000143e+00
-3.569542999999999910e+00
-2.397842999999999947e+00
-1.004342999999999986e+00
3.484570000000000167e-01
-8.796429999999999527e-01
-5.126443000000000083e+00
3.726570000000000160e-01
1.537557000000000063e+00
2.686656999999999851e+00
2.696457000000000104e+00
1.523257000000000083e+00
-8.363429999999999476e-01
3.882556999999999814e+00
3.922657000000000060e+00
3.830057000000000045e+00
3.861356999999999928e+00
1.516456999999999944e+00
1.788956999999999908e+00
-3.778742999999999963e+00
-6.665429999999999966e-01
-3.548430000000000195e-01
-1.787430000000000130e-01
-5.645430000000000170e-01
-6.133742999999999945e+00
-4.667943000000000175e+00
-5.244429999999999925e-01
1.515157000000000087e+00
-1.594143000000000088e+00
4.930056999999999690e+00
3.219157000000000046e+00
3.738157000000000174e+00
4.790156999999999776e+00
3.023356999999999850e+00
3.861956999999999862e+00
1.814157000000000020e+00
2.763856999999999786e+00
9.975570000000000270e-01
