-1.404225000000000056e+00
-2.712025000000000130e+00
-3.345324999999999882e+00
-2.621125000000000149e+00
-1.238825000000000065e+00
-6.899250000000000105e-01
-3.278525000000000134e+00
-2.561424999999999841e+00
-1.197025000000000006e+00
-5.143250000000000322e-01
-4.405249999999999999e-01
2.052750000000000130e-01
7.228750000000000453e-01
4.491749999999999909e-01
8.490750000000000242e-01
1.538874999999999993e+00
1.831174999999999997e+00
1.426474999999999937e+00
6.790749999999999842e-01
-3.450625000000000053e+00
1.973375000000000101e+00
1.701275000000000093e+00
2.522574999999999790e+00
2.808075000000000099e+00
-3.130325000000000024e+00
-1.090324999999999989e+00
3.970750000000000113e-01
-8.232499999999999540e-02
6.035749999999999726e-01
1.670274999999999954e+00
1.186474999999999946e+00
1.016175000000000050e+00
-4.446424999999999628e+00
-3.000024999999999942e+00
2.111575000000000202e+00
2.197575000000000056e+00
6.233750000000000124e-01
3.332974999999999799e+00
1.886374999999999913e+00
3.470575000000000188e+00
