-9.117549999999999821e-01
-2.060554999999999914e+00
-2.854255000000000209e+00
-2.467655000000000154e+00
-1.283355000000000024e+00
-5.400549999999999518e-01
-8.529550000000000187e-01
-1.176954999999999973e+00
-7.559550000000000436e-01
-5.854999999999999961e-03
2.996449999999999947e-01
-1.079549999999999954e-01
-2.451754999999999907e+00
6.818450000000000344e-01
4.826449999999999907e-01
-4.668454999999999799e+00
-3.381155000000000133e+00
4.195450000000000013e-01
1.162544999999999940e+00
4.834450000000000136e-01
1.172244999999999981e+00
2.558745000000000047e+00
3.236145000000000049e+00
2.548445000000000071e+00
-1.169154999999999944e+00
-2.251255000000000006e+00
-4.327550000000000008e-01
3.341145000000000032e+00
2.560344999999999871e+00
2.797645000000000159e+00
3.043845000000000134e+00
3.800644999999999829e+00
-1.758655000000000079e+00
8.818449999999999900e-01
1.705450000000000021e-01
-3.322855000000000114e+00
-1.876954999999999929e+00
8.241450000000000164e-01
1.136344999999999938e+00
9.736449999999999827e-01
-5.269754999999999967e+00
-5.271855000000000402e+00
-4.458854999999999791e+00
-2.833155000000000090e+00
-3.654755000000000198e+00
8.766450000000000076e-01
-6.201550000000000118e-01
-5.922549999999999759e-01
6.098449999999999704e-01
4.313245000000000218e+00
3.101844999999999963e+00
4.216045000000000265e+00
1.943745000000000056e+00
3.686444999999999972e+00
2.109144999999999825e+00
3.598745000000000083e+00
