-1.722396999999999956e+00
-3.010797000000000168e+00
-3.597596999999999934e+00
-2.844796999999999798e+00
-1.477897000000000016e+00
-9.787970000000000281e-01
-3.456596999999999920e+00
-2.710897000000000112e+00
-1.360197000000000100e+00
-7.232969999999999677e-01
-5.821969999999999645e-01
1.848702999999999985e+00
2.566002999999999812e+00
3.890302999999999845e+00
4.515602999999999589e+00
3.820002999999999815e+00
2.496002999999999972e+00
3.713029999999999942e-01
-3.778796999999999962e+00
-9.424970000000000292e-01
-5.016969999999999485e-01
-8.647970000000000379e-01
4.216030000000000055e-01
-3.245797000000000043e+00
4.862029999999999963e-01
-8.212970000000000548e-01
2.103603000000000112e+00
4.436602999999999852e+00
5.548302999999999763e+00
4.310003000000000029e+00
1.973203000000000040e+00
8.742029999999999523e-01
6.678030000000000355e-01
-4.760697000000000401e+00
-3.362797000000000036e+00
4.361030000000000184e-01
-2.169700000000000101e-02
