-1.754456999999999933e+00
-3.072257000000000016e+00
-3.821156999999999915e+00
-3.209257000000000026e+00
-1.833557000000000103e+00
-1.141156999999999977e+00
-3.968357000000000134e+00
-3.398556999999999828e+00
-2.028957000000000122e+00
-1.251357000000000053e+00
-1.397156999999999982e+00
1.081342999999999943e+00
1.360943000000000014e+00
2.247043000000000124e+00
2.851043000000000216e+00
2.580942999999999987e+00
1.698042999999999969e+00
2.225429999999999908e-01
-3.699157000000000028e+00
-4.794570000000000221e-01
1.489429999999999921e-01
-1.885699999999999876e-02
2.436443000000000136e+00
3.353842999999999908e+00
3.241642999999999830e+00
3.006043000000000021e+00
-5.041756999999999600e+00
-4.041756999999999600e+00
-1.805569999999999953e-01
-8.654570000000000318e-01
-2.161757000000000151e+00
8.966429999999999678e-01
3.543442999999999898e+00
1.471043000000000101e+00
8.165430000000000188e-01
6.127430000000000376e-01
-4.697156999999999805e+00
-3.162757000000000041e+00
3.398842999999999837e+00
4.360843000000000025e+00
3.006242999999999999e+00
3.603343000000000185e+00
3.332542999999999811e+00
1.953842999999999996e+00
