1.266003999999999907e+00
1.053039999999999948e-01
-4.365959999999999841e-01
2.260040000000000104e-01
1.458004000000000078e+00
1.929704000000000086e+00
-3.643959999999999977e-01
2.220040000000000069e-01
1.437103999999999937e+00
2.063703999999999983e+00
2.069404000000000021e+00
3.389039999999999830e-01
4.302039999999999753e-01
-3.571960000000000135e-01
-1.257495999999999947e+00
-1.351895999999999987e+00
-5.590960000000000374e-01
3.131304000000000087e+00
-5.737959999999999727e-01
3.619304000000000077e+00
-3.211959999999999815e-01
5.289040000000000408e-01
1.086804000000000103e+00
-2.010895999999999795e+00
-3.254595999999999822e+00
-2.236196000000000073e+00
-2.316196000000000144e+00
-1.318596000000000101e+00
-2.910960000000000214e-01
2.751704000000000150e+00
2.671203999999999912e+00
1.131404000000000076e+00
-6.190959999999999797e-01
3.149903999999999815e+00
3.943503999999999898e+00
-1.457996000000000070e+00
-1.879959999999999964e-01
4.034039999999999848e-01
2.425039999999999973e-01
1.580403999999999920e+00
9.658039999999999958e-01
-3.833596000000000004e+00
-3.834296000000000149e+00
-3.095596000000000014e+00
-3.037596000000000185e+00
-1.352195999999999954e+00
-2.684896000000000171e+00
