1.050480999999999998e+00
-2.754190000000000249e-01
-9.541190000000000504e-01
-2.393190000000000039e-01
1.137081000000000008e+00
1.747381000000000073e+00
-1.030119000000000007e+00
-1.565189999999999915e-01
1.110081000000000095e+00
1.905780999999999947e+00
1.089080999999999966e+00
3.405810000000000226e-01
3.112480999999999831e+00
-9.841189999999999660e-01
9.863809999999999523e-01
3.784810000000000119e-01
-8.966190000000000548e-01
-1.572419000000000011e+00
-9.428189999999999626e-01
9.411810000000000453e-01
2.174980999999999831e+00
-2.828619000000000216e+00
-3.816918999999999951e+00
-1.512019000000000002e+00
-1.231419000000000041e+00
-1.863418999999999937e+00
-1.610219000000000067e+00
-1.751219000000000081e+00
-7.294190000000000396e-01
8.628099999999999659e-02
2.344180999999999848e+00
2.755681000000000047e+00
7.399809999999999999e-01
2.127680999999999933e+00
3.730580999999999925e+00
3.439681000000000211e+00
-1.988118999999999970e+00
-5.000189999999999912e-01
1.991781000000000024e+00
2.070680999999999994e+00
2.446181000000000161e+00
2.975381000000000054e+00
-4.799718999999999625e+00
-3.772819000000000145e+00
-3.713019000000000069e+00
-1.715019000000000071e+00
-1.643418999999999963e+00
-1.552189999999999959e-01
