-1.615714000000000095e+00
-2.592814000000000174e+00
-3.096713999999999967e+00
-2.588114000000000026e+00
-1.550313999999999970e+00
-1.105413999999999897e+00
-3.147514000000000145e+00
-2.722913999999999835e+00
-1.701513999999999971e+00
-1.088913999999999938e+00
-1.296513999999999944e+00
-7.631400000000000683e-02
5.816860000000000364e-01
1.759686000000000083e+00
2.474686000000000163e+00
1.998685999999999963e+00
8.385860000000000536e-01
1.420859999999999901e-01
-9.301399999999999946e-02
-3.112713999999999981e+00
4.348599999999999688e-02
4.745860000000000078e-01
-7.034139999999999837e-01
2.712086000000000219e+00
2.267786000000000080e+00
3.609685999999999950e+00
4.750886000000000386e+00
-3.948913999999999813e+00
-3.202713999999999839e+00
-2.100013999999999825e+00
-1.182214000000000098e+00
2.774860000000000104e-01
2.131886000000000170e+00
-7.625140000000000251e-01
-2.999140000000000139e-01
8.258860000000000090e-01
-3.857013999999999943e+00
-2.749814000000000203e+00
3.393860000000000210e-01
-2.486140000000000017e-01
9.420859999999999790e-01
-8.422140000000000182e-01
-1.586014000000000035e+00
-5.949140000000000539e-01
2.842185999999999879e+00
2.454686000000000146e+00
1.206585999999999936e+00
5.635685999999999751e+00
4.877585999999999977e+00
4.679386000000000045e+00
