2.772766999999999982e+00
1.978366999999999987e+00
1.128066999999999931e+00
1.070467000000000057e+00
1.842767000000000044e+00
2.718067000000000011e+00
5.666700000000000209e-02
2.375670000000000004e-01
4.949669999999999903e-01
1.777566999999999897e+00
-7.319329999999999448e-01
-6.345330000000000137e-01
-8.952329999999999455e-01
-7.095329999999999693e-01
-9.551330000000000098e-01
-1.448333000000000093e+00
-1.630632999999999999e+00
-1.358333000000000013e+00
3.542266999999999832e+00
2.035566999999999904e+00
-7.681329999999999547e-01
5.907670000000000421e-01
-2.075232999999999883e+00
-2.242033000000000165e+00
-1.679332999999999965e+00
-3.017733000000000221e+00
-2.386330000000000118e-01
-9.416330000000000533e-01
1.107670000000000043e-01
-6.423330000000000428e-01
1.090667000000000053e+00
6.897670000000000190e-01
2.638167000000000151e+00
1.899866999999999972e+00
-8.453330000000000011e-01
-1.659632999999999914e+00
-3.592330000000000245e-01
-1.513333000000000039e+00
3.968167000000000222e+00
4.139766999999999975e+00
1.444366999999999956e+00
2.669067000000000078e+00
6.914670000000000538e-01
8.535669999999999646e-01
1.278966999999999965e+00
-2.579733000000000054e+00
-3.012433000000000138e+00
-1.292232999999999965e+00
-3.173433000000000170e+00
-3.169033000000000211e+00
-3.751733000000000207e+00
-1.017533000000000021e+00
7.059670000000000112e-01
-8.403299999999999659e-02
