-1.032990000000000075e+00
-2.345590000000000064e+00
-2.987089999999999801e+00
-2.267490000000000006e+00
-8.786899999999999711e-01
-3.181899999999999729e-01
-2.937089999999999979e+00
-2.225290000000000212e+00
-8.525899999999999590e-01
-1.573900000000000021e-01
-1.151900000000000007e-01
-8.848999999999999921e-02
4.363099999999999756e-01
4.102100000000000191e-01
8.923100000000000476e-01
1.406609999999999916e+00
1.434609999999999941e+00
9.456099999999999506e-01
1.041909999999999892e+00
-3.080690000000000150e+00
8.018100000000000227e-01
1.274710000000000010e+00
1.959810000000000052e+00
2.023309999999999942e+00
-2.804990000000000094e+00
-6.049900000000000277e-01
9.090099999999999847e-01
-2.887899999999999912e-01
3.210000000000000180e-03
1.791909999999999892e+00
9.632100000000000106e-01
1.666409999999999947e+00
1.397510000000000030e+00
-4.079690000000000261e+00
-2.622889999999999944e+00
1.129310000000000036e+00
6.979100000000000303e-01
2.345410000000000217e+00
2.468409999999999993e+00
1.021609999999999907e+00
2.667009999999999881e+00
