-2.583666000000000018e+00
-3.924866000000000188e+00
-4.727765999999999913e+00
-4.056365999999999694e+00
-2.680365999999999804e+00
-1.926466000000000012e+00
-4.640165999999999791e+00
-3.666866000000000181e+00
-2.422766000000000197e+00
-1.057665999999999995e+00
6.709340000000000304e-01
-5.557659999999999823e-01
-4.519065999999999583e+00
1.079733999999999972e+00
2.434433999999999987e+00
3.403833999999999804e+00
2.996233999999999842e+00
1.629634000000000027e+00
-1.069166000000000061e+00
4.768633999999999595e+00
5.720533999999999786e+00
5.320333999999999897e+00
3.967134000000000160e+00
-5.638366000000000433e+00
-3.955566000000000138e+00
-5.026659999999999462e-01
-5.276659999999999684e-01
3.283400000000000207e-02
-1.059660000000000046e-01
-5.525765999999999956e+00
-3.947065999999999963e+00
3.519340000000000246e-01
2.725134000000000167e+00
1.317034000000000038e+00
5.102333999999999925e+00
6.775534000000000390e+00
6.061834000000000167e+00
3.675933999999999813e+00
