-7.519479999999999498e-01
8.905200000000000615e-02
6.041520000000000223e-01
2.429520000000000013e-01
-6.400479999999999503e-01
-1.095547999999999966e+00
7.654520000000000213e-01
4.160519999999999774e-01
-4.716480000000000117e-01
-1.001247999999999916e+00
-8.266480000000000494e-01
-1.420147999999999966e+00
-6.412480000000000402e-01
-9.919480000000000519e-01
-2.290480000000000016e-01
8.703520000000000145e-01
1.262051999999999952e+00
5.065520000000000023e-01
-1.985848000000000058e+00
4.476519999999999944e-01
-6.685480000000000311e-01
3.220520000000000049e-01
2.373352000000000128e+00
2.810052000000000216e+00
1.601852000000000054e+00
1.025152000000000063e+00
-2.767948000000000075e+00
-3.515448000000000128e+00
8.896519999999999984e-01
-1.702947999999999906e+00
-1.567147999999999985e+00
5.765200000000000186e-02
-1.840348000000000095e+00
7.922519999999999563e-01
-1.870748000000000077e+00
-2.245347999999999900e+00
1.069152000000000102e+00
4.865200000000000080e-02
-2.020480000000000054e-01
9.482519999999999838e-01
9.388520000000000199e-01
3.709652000000000172e+00
2.054251999999999967e+00
3.076652000000000164e+00
1.667351999999999945e+00
2.845200000000000159e-02
9.803520000000000012e-01
-3.162047999999999970e+00
