-9.782739999999999769e-01
-2.235774000000000150e+00
-2.980573999999999835e+00
-2.444173999999999847e+00
-1.132274000000000003e+00
-4.311740000000000017e-01
-3.269474000000000213e+00
-2.832873999999999892e+00
-1.563274000000000052e+00
-6.865740000000000176e-01
-1.221073999999999993e+00
-2.229740000000000055e-01
7.233260000000000245e-01
2.062225999999999893e+00
3.091925999999999952e+00
2.764126000000000083e+00
1.440525999999999973e+00
4.151259999999999950e-01
8.882259999999999600e-01
-2.795373999999999803e+00
7.021260000000000279e-01
-9.085739999999999927e-01
-1.245074000000000014e+00
4.509926000000000101e+00
5.451025999999999705e+00
4.836725999999999637e+00
4.766525999999999819e+00
-6.498739999999999517e-01
-3.569974000000000203e+00
-2.126273999999999997e+00
-8.651739999999999986e-01
2.306826000000000043e+00
3.538926000000000016e+00
1.246626000000000012e+00
1.045125999999999999e+00
1.560526000000000080e+00
-3.750074000000000130e+00
-2.247774000000000161e+00
8.840259999999999785e-01
1.449225999999999903e+00
8.607259999999999911e-01
-2.328473999999999933e+00
-7.692740000000000133e-01
-9.919740000000000224e-01
2.073260000000000103e-01
-1.227773999999999921e+00
-1.276974000000000053e+00
