-7.020619999999999639e-01
-1.110162000000000093e+00
-9.523620000000000418e-01
-3.190620000000000123e-01
1.492380000000000095e-01
-9.836200000000000498e-02
8.712379999999999569e-01
1.845380000000000076e-01
8.610379999999999701e-01
2.257438000000000056e+00
2.956237999999999921e+00
2.268238000000000198e+00
-1.721262000000000070e+00
3.316379999999999884e-01
3.164038000000000128e+00
-6.133619999999999628e-01
-1.178619999999999945e-01
8.963799999999999546e-02
3.240379999999999927e-01
-4.261619999999999853e-01
-1.630262000000000100e+00
1.564437999999999995e+00
2.599638000000000115e+00
-1.516861999999999933e+00
-2.274561999999999973e+00
-2.196061999999999959e+00
-1.354162000000000088e+00
-5.790619999999999656e-01
-6.620620000000000394e-01
-1.996200000000000058e-02
1.157737999999999934e+00
3.173538000000000192e+00
2.932037999999999922e+00
-1.195761999999999992e+00
-2.136061999999999905e+00
-9.008620000000000516e-01
4.037837999999999816e+00
2.834738000000000202e+00
-2.045761999999999858e+00
-1.848562000000000038e+00
3.376379999999999937e-01
1.018379999999999980e-01
-4.024619999999999864e-01
-1.693462000000000023e+00
-1.181620000000000031e-01
9.521380000000000399e-01
-6.402619999999999978e-01
-1.895861999999999936e+00
-2.458362000000000158e+00
-2.937861999999999973e+00
-2.804462000000000010e+00
9.113799999999999679e-02
-5.396200000000000302e-02
-8.740620000000000056e-01
2.466379999999999961e-01
8.669379999999999864e-01
1.998037999999999981e+00
3.823637999999999870e+00
2.099537999999999904e+00
3.139238000000000195e+00
-1.937761999999999984e+00
-3.162262000000000128e+00
-2.014461999999999975e+00
