-6.494609999999999550e-01
-1.230161000000000060e+00
-1.210860999999999965e+00
-5.387610000000000454e-01
1.160390000000000033e-01
-6.961000000000000174e-03
8.788390000000000368e-01
2.247389999999999943e-01
9.377389999999999892e-01
2.342039000000000204e+00
3.008639000000000063e+00
2.281639000000000195e+00
-1.885960999999999999e+00
5.829389999999999850e-01
3.306839000000000084e+00
-1.199961000000000055e+00
-5.388610000000000344e-01
1.900390000000000135e-01
3.540389999999999926e-01
-4.068609999999999727e-01
-1.597960999999999965e+00
1.428439000000000014e+00
2.588639000000000134e+00
-1.536361000000000088e+00
-2.419461000000000084e+00
-2.385761000000000021e+00
-1.461360999999999910e+00
-5.800610000000000488e-01
-6.144610000000000349e-01
-9.166100000000000636e-02
1.125038999999999900e+00
3.353739000000000026e+00
2.800139000000000156e+00
-1.426560999999999968e+00
-1.591609999999999969e-01
-2.105061000000000071e+00
-1.971861000000000086e+00
-8.647610000000000019e-01
4.095838999999999785e+00
2.822338999999999931e+00
-2.340961000000000070e+00
-1.921661000000000064e+00
6.014389999999999459e-01
4.234390000000000098e-01
-1.173060999999999909e+00
-2.248861000000000221e+00
-6.848610000000000531e-01
4.957389999999999852e-01
-1.066661000000000081e+00
-1.774761000000000033e+00
-2.455160999999999927e+00
-3.148160999999999987e+00
-3.090660999999999881e+00
1.434390000000000109e-01
8.223900000000000654e-02
-9.661610000000000475e-01
9.013899999999999690e-02
9.149389999999999468e-01
1.982939000000000007e+00
3.743339000000000194e+00
1.984039000000000108e+00
2.853939000000000004e+00
