-1.261279999999999901e-01
-1.451327999999999951e+00
-2.058727999999999891e+00
-1.191828000000000110e+00
1.941720000000000113e-01
7.276719999999999855e-01
-1.595528000000000057e+00
-4.653280000000000194e-01
6.579720000000000013e-01
2.070371999999999879e+00
-2.246328000000000102e+00
-5.204280000000000017e-01
8.239720000000000377e-01
1.894371999999999945e+00
2.008372000000000046e+00
8.722720000000000473e-01
2.767199999999999868e-02
4.216719999999999913e-01
-3.123279999999999945e-01
-1.451327999999999951e+00
-1.862827999999999928e+00
-1.127428000000000097e+00
-1.710828000000000015e+00
-2.358827999999999925e+00
2.769671999999999912e+00
2.380371999999999932e+00
-3.249028000000000027e+00
-1.825128000000000084e+00
-8.344279999999999475e-01
-1.263527999999999984e+00
1.708971999999999936e+00
2.868072000000000177e+00
2.502472000000000030e+00
2.625071999999999850e+00
1.903272000000000075e+00
6.272720000000000518e-01
1.310572000000000070e+00
1.267199999999999924e-02
-2.755628000000000188e+00
