-9.638919999999999710e-01
-2.275192000000000103e+00
-2.892091999999999885e+00
-2.066892000000000174e+00
-6.967919999999999670e-01
-1.453919999999999935e-01
-2.687892000000000170e+00
-1.150091999999999892e+00
-1.718919999999999892e-01
1.189607999999999999e+00
-3.041291999999999884e+00
1.237008000000000107e+00
-9.171920000000000073e-01
4.720079999999999831e-01
1.293107999999999924e+00
7.546079999999999455e-01
1.623080000000000078e-01
4.395080000000000098e-01
1.325407999999999920e+00
1.932307999999999915e+00
1.650308000000000108e+00
1.901507999999999976e+00
1.489308000000000076e+00
-4.036092000000000013e+00
-2.606791999999999998e+00
1.780008000000000035e+00
1.745108000000000104e+00
-1.610292000000000057e+00
-1.161691999999999947e+00
2.349308000000000174e+00
9.484080000000000288e-01
-5.200919999999999987e-01
-3.789200000000000207e-02
1.542807999999999957e+00
2.627008000000000010e+00
2.141808000000000156e+00
