-8.783779999999999921e-01
-2.109678000000000164e+00
-2.859777999999999931e+00
-2.358277999999999874e+00
-1.086678000000000033e+00
-3.628779999999999784e-01
-3.140578000000000092e+00
-2.679678000000000004e+00
-1.433977999999999975e+00
-6.379780000000000451e-01
-1.006577999999999973e+00
-1.628678000000000070e+00
-6.039780000000000149e-01
-2.878780000000000228e-01
6.245220000000000216e-01
1.243622000000000005e+00
9.645219999999999905e-01
4.032199999999999673e-02
9.073219999999999619e-01
-2.637178000000000022e+00
2.096222000000000030e+00
2.353622000000000103e+00
1.496021999999999963e+00
2.925921999999999912e+00
-3.223779999999999979e-01
7.154220000000000024e-01
1.472200000000000071e-02
-3.414978000000000069e+00
3.629220000000000224e-01
-2.230077999999999783e+00
-2.325778000000000123e+00
-7.645779999999999799e-01
8.126219999999999555e-01
1.557722000000000051e+00
1.326821999999999946e+00
-3.575277999999999956e+00
-2.093377999999999961e+00
3.041821999999999804e+00
2.842321999999999793e+00
1.435321999999999987e+00
3.222821999999999854e+00
3.318222000000000005e+00
3.363122000000000167e+00
2.438220000000000109e-01
1.290821999999999914e+00
1.380522000000000027e+00
-1.477799999999999947e-02
1.014621999999999913e+00
-1.423780000000000046e-01
