-1.559692000000000078e+00
-2.866692000000000018e+00
-3.848991999999999969e+00
-3.438892000000000060e+00
-2.106392000000000042e+00
-1.144792000000000032e+00
-4.253391999999999840e+00
-3.408891999999999811e+00
-2.086791999999999980e+00
-8.643920000000000492e-01
1.422080000000000011e-01
2.108079999999999954e-01
-3.222992000000000079e+00
6.265079999999999538e-01
1.815207999999999933e+00
2.542908000000000168e+00
2.057408000000000126e+00
8.685079999999999467e-01
-1.136392000000000069e+00
3.809007999999999949e+00
4.171108000000000260e+00
4.530908000000000158e+00
5.824207999999999608e+00
7.008607999999999727e+00
5.943908000000000413e+00
6.648507999999999640e+00
8.193208000000000268e+00
4.933907999999999738e+00
5.106107999999999869e+00
4.255907999999999802e+00
5.889908000000000143e+00
-5.690191999999999695e+00
-6.466592000000000340e+00
-7.863292000000000392e+00
-8.505592000000000041e+00
-7.751692000000000249e+00
-6.355392000000000152e+00
-3.807992000000000044e+00
-2.150920000000000054e-01
-3.099919999999999898e-01
6.251079999999999970e-01
8.265080000000000204e-01
-4.199591999999999992e+00
-2.506991999999999887e+00
7.690800000000000414e-02
2.142208000000000112e+00
2.604207999999999856e+00
5.132079999999999975e-01
-1.783091999999999899e+00
-1.686692000000000080e+00
4.279907999999999824e+00
5.903407999999999767e+00
6.958508000000000138e+00
5.807208000000000148e+00
7.490707999999999700e+00
3.911108000000000029e+00
5.068707999999999991e+00
4.436107999999999940e+00
-6.027992000000000239e+00
-8.448292000000000357e+00
-9.591191999999999496e+00
-8.248692000000000135e+00
-5.825992000000000282e+00
