-3.117814999999999781e+00
-3.658115000000000006e+00
-3.451315000000000133e+00
-2.555915000000000159e+00
-2.071015000000000050e+00
-2.375214999999999854e+00
-1.251214999999999966e+00
-1.870814999999999895e+00
-4.472814999999999763e+00
-1.809614999999999974e+00
-9.983149999999999524e-01
3.943849999999999856e-01
9.590849999999999653e-01
1.444850000000000023e-01
-1.383115000000000094e+00
-3.368015000000000203e+00
2.744485000000000063e+00
2.185585000000000111e+00
3.005984999999999907e+00
4.392084999999999795e+00
4.958685000000000009e+00
4.139685000000000059e+00
1.273684999999999956e+00
2.028185000000000127e+00
1.102184999999999970e+00
1.857385000000000064e+00
-1.299015000000000031e+00
-2.075515000000000221e+00
-4.915314999999999657e+00
-4.662415000000000198e+00
-2.889215000000000089e+00
-1.465414999999999912e+00
2.040484999999999882e+00
6.105850000000000444e-01
-7.324150000000000382e-01
-7.690150000000000041e-01
-1.744115000000000082e+00
-2.753614999999999924e+00
-3.808215000000000128e+00
-4.194715000000000416e+00
1.103885000000000005e+00
2.562184999999999935e+00
5.031385000000000218e+00
6.041385000000000005e+00
4.599884999999999557e+00
2.000884999999999803e+00
6.800850000000000506e-01
2.605185000000000084e+00
2.751885000000000137e+00
5.207850000000000534e-01
3.820850000000000080e-01
2.445085000000000175e+00
1.130584999999999951e+00
