-6.322849999999999859e-01
-1.848184999999999967e+00
-2.601785000000000014e+00
-2.103184999999999860e+00
-8.385850000000000248e-01
-1.501850000000000129e-01
-2.875884999999999803e+00
-2.388984999999999914e+00
-1.146085000000000020e+00
-3.471850000000000214e-01
-6.329850000000000199e-01
1.248415000000000052e+00
1.311315000000000008e+00
1.968714999999999993e+00
2.565014999999999823e+00
2.506114999999999871e+00
1.849914999999999976e+00
1.140314999999999968e+00
-2.352584999999999926e+00
1.281500000000000000e-02
5.679149999999999476e-01
5.255149999999999544e-01
-3.041984999999999939e+00
-1.459484999999999921e+00
9.011500000000000066e-02
8.564150000000000373e-01
2.015015000000000001e+00
3.076515000000000111e+00
2.971915000000000084e+00
1.813414999999999999e+00
1.391415000000000068e+00
1.577315000000000023e+00
-3.268584999999999852e+00
-1.800184999999999924e+00
