-6.307000000000000384e-01
-1.695000000000000062e+00
-2.130999999999999783e+00
-1.459500000000000020e+00
-3.244000000000000217e-01
4.540000000000000285e-02
-1.917799999999999949e+00
-1.250299999999999967e+00
-1.272999999999999965e-01
3.521000000000000241e-01
5.661000000000000476e-01
-2.484000000000000097e-01
2.112999999999999878e-01
7.197999999999999954e-01
1.259400000000000075e+00
1.302100000000000035e+00
7.947999999999999510e-01
2.315000000000000113e-01
1.126500000000000057e+00
-2.383300000000000196e+00
-3.346999999999999975e-01
6.443999999999999728e-01
1.022299999999999986e+00
-1.656099999999999905e+00
7.687000000000000499e-01
1.535400000000000098e+00
-5.201000000000000068e-01
1.665499999999999980e+00
1.729200000000000070e+00
8.306000000000000050e-01
1.886500000000000066e+00
1.370999999999999996e+00
-3.196200000000000152e+00
-2.072200000000000042e+00
-7.516000000000000458e-01
-1.153699999999999948e+00
4.484000000000000208e-01
8.445000000000000284e-01
4.078999999999999848e-01
2.088900000000000201e+00
