-2.445863999999999816e+00
-2.577463999999999977e+00
-1.518464000000000036e+00
-2.542639999999999900e-01
-1.192639999999999950e-01
1.197735999999999912e+00
1.205735999999999919e+00
2.853599999999999887e-02
-1.257563999999999904e+00
-1.257563999999999904e+00
-7.866640000000000299e-01
-1.775563999999999920e+00
7.136360000000000481e-01
4.505359999999999920e-01
1.340359999999999885e-01
-8.768639999999999768e-01
-7.841639999999999722e-01
3.524360000000000270e-01
1.379135999999999918e+00
1.251835999999999949e+00
2.500636000000000081e+00
3.502136000000000138e+00
4.685360000000000080e-01
1.281359999999999999e-01
-1.736064000000000052e+00
-2.977964000000000055e+00
-1.057463999999999960e+00
2.029835999999999974e+00
-3.362264000000000141e+00
2.008535999999999877e+00
1.406536000000000008e+00
1.169736000000000109e+00
2.157735999999999876e+00
-1.483764000000000083e+00
-2.054063999999999890e+00
-1.745263999999999927e+00
2.041236000000000050e+00
4.342535999999999952e+00
3.130036000000000040e+00
3.864236000000000004e+00
-6.639999999999999852e-04
9.360359999999999792e-01
-8.135639999999999539e-01
-3.642463999999999924e+00
-3.451264000000000109e+00
-2.846963999999999828e+00
-3.233639999999999848e-01
-1.994464000000000015e+00
2.594835999999999920e+00
2.148935999999999957e+00
