-6.354100000000000026e-02
-1.009840999999999989e+00
-1.617741000000000096e+00
-1.256640999999999897e+00
-2.614409999999999790e-01
3.015590000000000215e-01
-1.930040999999999896e+00
-1.664541000000000048e+00
-7.113410000000000011e-01
3.935899999999999815e-02
-5.469410000000000105e-01
-9.589410000000000434e-01
-1.805410000000000070e-01
1.752589999999999981e-01
9.539590000000000014e-01
1.354859000000000036e+00
1.060459000000000040e+00
2.814590000000000147e-01
1.291859000000000091e+00
-1.381540999999999908e+00
1.419758999999999993e+00
2.822958999999999996e+00
2.033158999999999939e+00
1.104459000000000080e+00
1.131458999999999993e+00
1.212358999999999964e+00
2.604258999999999880e+00
-2.390641000000000016e+00
-3.111241000000000145e+00
-2.571140999999999899e+00
-2.276340999999999948e+00
-1.131640999999999897e+00
5.038589999999999458e-01
-1.231410000000000005e-01
2.075899999999999967e-02
2.197359000000000062e+00
1.030059000000000058e+00
-2.099841000000000069e+00
-9.328410000000000313e-01
3.098758999999999819e+00
3.427458999999999811e+00
3.040258999999999823e+00
1.681559000000000026e+00
4.413590000000000013e-01
5.196589999999999820e-01
2.067258999999999958e+00
8.346590000000000398e-01
1.375059000000000031e+00
2.784259000000000039e+00
2.863259000000000221e+00
3.246358999999999995e+00
-2.899541000000000146e+00
-4.185241000000000433e+00
-2.983140999999999821e+00
-2.743440999999999796e+00
-3.620540999999999787e+00
-2.299040999999999890e+00
-1.968240999999999907e+00
