8.116900000000000504e-02
-9.317309999999999759e-01
-1.473330999999999946e+00
-9.562310000000000532e-01
1.021689999999999959e-01
5.771690000000000431e-01
6.734689999999999843e-01
1.172689999999999982e-01
6.328690000000000149e-01
1.759268999999999972e+00
2.314569000000000099e+00
1.777368999999999977e+00
-1.448031000000000068e+00
1.652069000000000010e+00
2.638869000000000131e+00
-2.701131000000000171e+00
-1.579631000000000007e+00
-4.293099999999999694e-02
-1.333100000000000084e-02
-8.507310000000000150e-01
-1.413531000000000093e+00
-9.444310000000000205e-01
-1.211630999999999903e+00
-1.606309999999999960e-01
9.989689999999999959e-01
1.970469000000000026e+00
1.795269000000000004e+00
6.491689999999999960e-01
-3.234310000000000240e-01
-7.529310000000000169e-01
3.192069000000000045e+00
2.239269000000000176e+00
-2.216031000000000084e+00
-1.060430999999999901e+00
1.768769000000000036e+00
1.911469000000000085e+00
-3.090631000000000128e+00
-2.345330999999999833e+00
-3.531630999999999965e+00
-1.983130999999999977e+00
-7.989309999999999468e-01
5.443689999999999918e-01
-1.230431000000000052e+00
-2.208631000000000011e+00
1.152968999999999911e+00
2.865969000000000211e+00
2.553768999999999956e+00
5.121689999999999854e-01
-1.212131000000000070e+00
