2.899120000000000030e-01
-1.025787999999999922e+00
-1.756688000000000027e+00
-1.114888000000000101e+00
2.551120000000000054e-01
9.069120000000000514e-01
9.576120000000000188e-01
1.033511999999999986e+00
1.701511999999999913e+00
2.302112000000000158e+00
2.242411999999999850e+00
1.574111999999999956e+00
3.120512000000000175e+00
-2.124388000000000165e+00
-1.990688000000000013e+00
-1.609288000000000052e+00
-3.102088000000000179e+00
-3.229388000000000147e+00
-3.273588000000000164e+00
-4.236087999999999631e+00
2.293912000000000173e+00
3.271211999999999787e+00
2.784412000000000109e+00
4.636612000000000400e+00
3.077812000000000214e+00
5.681119999999999504e-01
1.745411999999999964e+00
2.709411999999999932e+00
1.534912000000000054e+00
-2.779987999999999904e+00
-2.553587999999999969e+00
-1.154587999999999948e+00
-1.622787999999999897e+00
-2.986688000000000009e+00
-9.519879999999999454e-01
-5.247787999999999897e+00
-4.026688000000000045e+00
-4.138387999999999955e+00
2.768911999999999818e+00
3.769912000000000152e+00
3.327411999999999814e+00
2.053612000000000215e+00
