-1.430749000000000049e+00
-2.738049000000000177e+00
-3.353648999999999880e+00
-2.596649000000000207e+00
-1.226949000000000067e+00
-6.883489999999999887e-01
-3.248848999999999876e+00
-2.578749000000000180e+00
-1.137348999999999943e+00
-4.132489999999999775e-01
-3.783489999999999909e-01
-2.983489999999999753e-01
5.153510000000000035e-01
1.885850999999999944e+00
2.634551000000000087e+00
2.017450999999999883e+00
6.514510000000000023e-01
-9.154900000000000537e-02
6.619509999999999561e-01
-3.497848999999999986e+00
3.969050999999999885e+00
4.731050999999999895e+00
1.499510000000000010e-01
-1.231449000000000016e+00
2.775551000000000101e+00
2.799751000000000101e+00
-4.258748999999999896e+00
-2.607048999999999950e+00
-3.126049000000000078e+00
-1.179248999999999992e+00
5.525510000000000144e-01
-2.179490000000000038e-01
-8.597489999999999855e-01
6.367509999999999559e-01
1.481510000000000049e-01
-1.300748999999999933e+00
2.370950999999999809e+00
-1.153748999999999914e+00
1.171351000000000031e+00
9.493509999999999449e-01
-4.490448999999999913e+00
-3.064548999999999968e+00
5.789350999999999914e+00
4.575451000000000157e+00
4.489850999999999814e+00
-1.460148999999999919e+00
-1.864249000000000045e+00
-1.445648999999999962e+00
3.397651000000000199e+00
3.272651000000000199e+00
1.792451000000000016e+00
