-7.784999999999999698e-01
-1.909499999999999975e+00
-2.402600000000000069e+00
-1.719999999999999973e+00
-5.251000000000000112e-01
-1.024000000000000049e-01
-2.236099999999999977e+00
-1.576799999999999979e+00
-3.779000000000000137e-01
1.514999999999999958e-01
2.974999999999999867e-01
-3.052000000000000268e-01
7.329999999999999849e-01
1.914900000000000047e+00
2.785600000000000076e+00
2.481700000000000017e+00
1.303099999999999925e+00
4.002000000000000002e-01
1.079900000000000082e+00
-2.611499999999999932e+00
1.018699999999999939e+00
-1.469999999999999918e-01
-1.046000000000000041e+00
-7.774999999999999689e-01
-2.063200000000000145e+00
1.090999999999999970e+00
1.382100000000000106e+00
1.142999999999999988e-01
2.170700000000000074e+00
3.702500000000000124e+00
3.178700000000000081e+00
1.340899999999999981e+00
1.285099999999999909e+00
-3.475000000000000089e+00
-2.263999999999999790e+00
1.709799999999999986e+00
-3.509999999999999787e-01
-1.959899999999999975e+00
-1.512000000000000011e+00
