3.322999999999999999e-03
-1.261976999999999904e+00
-1.916077000000000030e+00
-1.265676999999999941e+00
5.372299999999999992e-02
6.499230000000000285e-01
-1.945977000000000068e+00
-1.362576999999999927e+00
-2.817700000000000066e-02
6.715229999999999810e-01
1.970023000000000080e+00
-1.932776999999999967e+00
5.269230000000000302e-01
-2.126876999999999907e+00
-1.613077000000000094e+00
-2.941770000000000218e-01
2.064229999999999954e-01
1.518823000000000034e+00
2.344822999999999880e+00
1.856822999999999890e+00
1.710223000000000049e+00
2.339923000000000197e+00
2.292723000000000066e+00
-2.894076999999999789e+00
-1.463977000000000084e+00
-3.160477000000000203e+00
-2.263276999999999983e+00
-4.285769999999999857e-01
1.893223000000000100e+00
3.372622999999999927e+00
2.546723000000000070e+00
