-2.351271999999999807e+00
-3.675872000000000028e+00
-4.319571999999999967e+00
-3.491572000000000120e+00
-2.111772000000000205e+00
-1.536972000000000005e+00
-3.942072000000000020e+00
-2.857871999999999968e+00
-1.691872000000000043e+00
-3.016719999999999957e-01
-1.987720000000000042e-01
-4.426472000000000406e+00
-7.117199999999999915e-02
1.107528000000000068e+00
1.244127999999999901e+00
2.399227999999999916e+00
3.486927999999999805e+00
3.375128000000000128e+00
2.198528000000000038e+00
2.224279999999999868e-01
9.880280000000000173e-01
2.245127999999999791e+00
5.542280000000000539e-01
1.417527999999999899e+00
2.694328000000000056e+00
3.118828000000000156e+00
-3.062472000000000083e+00
-7.367200000000000137e-02
3.972280000000000255e-01
4.951280000000000125e-01
1.104279999999999984e-01
-5.427871999999999808e+00
-3.974272000000000027e+00
-7.484720000000000262e-01
4.397427999999999670e+00
4.201827999999999896e+00
2.166227999999999820e+00
-8.972000000000000808e-03
-6.768720000000000292e-01
-4.361720000000000041e-01
1.096827999999999914e+00
3.358227999999999991e+00
4.110427999999999749e+00
