-1.122460999999999931e+00
-2.331061000000000050e+00
-2.821461000000000219e+00
-2.065160999999999802e+00
-7.709610000000000074e-01
-3.527609999999999912e-01
-2.647161000000000097e+00
-1.974461000000000022e+00
-6.893610000000000015e-01
-6.296100000000000307e-02
-7.256100000000000050e-02
-1.397609999999999963e-01
3.290390000000000259e-01
1.345389999999999919e-01
5.465389999999999970e-01
1.197038999999999964e+00
1.405338999999999894e+00
9.757390000000000230e-01
8.941390000000000171e-01
-3.117160999999999849e+00
1.328038999999999970e+00
1.158139000000000030e+00
1.788639000000000090e+00
3.433390000000000053e-01
-2.528261000000000092e+00
-6.177610000000000046e-01
9.588389999999999969e-01
-5.773610000000000131e-01
-3.574609999999999732e-01
1.547139000000000042e+00
1.913939000000000057e+00
1.679038999999999948e+00
1.062939000000000078e+00
-4.044061000000000128e+00
-2.768460999999999839e+00
2.024138999999999911e+00
1.324739000000000111e+00
1.732939000000000007e+00
1.829239000000000059e+00
2.817339000000000038e+00
1.205238999999999949e+00
1.196539000000000019e+00
-5.690610000000000390e-01
2.371389999999999887e-01
