-1.994219999999999882e-01
-1.467521999999999993e+00
-2.131321999999999939e+00
-1.464722000000000079e+00
-1.395220000000000071e-01
4.468779999999999974e-01
5.806780000000000275e-01
5.000780000000000225e-01
1.178577999999999903e+00
1.949778000000000011e+00
2.038978000000000179e+00
1.359977999999999909e+00
-2.130122000000000071e+00
1.770278000000000018e+00
2.812177999999999845e+00
-2.250322000000000155e+00
1.020378000000000007e+00
-9.822200000000000375e-02
2.635978000000000154e+00
1.445378000000000052e+00
-3.090822000000000180e+00
-1.656622000000000039e+00
2.168978000000000073e+00
2.097177999999999987e+00
-2.346621999999999986e+00
-1.769122000000000083e+00
-3.260921999999999876e+00
