2.463579999999999937e-01
-9.830419999999999714e-01
-1.623142000000000085e+00
-9.760419999999999652e-01
3.128580000000000250e-01
8.749580000000000135e-01
1.030958000000000041e+00
8.320579999999999643e-01
1.508958000000000022e+00
2.420258000000000020e+00
2.632157999999999998e+00
1.941658000000000106e+00
-1.627642000000000033e+00
2.162758000000000180e+00
3.310957999999999846e+00
-1.505541999999999936e+00
-1.745741999999999905e+00
1.300858000000000070e+00
2.266579999999999984e-01
-3.424200000000000160e-02
-1.206841999999999970e+00
3.899580000000000268e-01
9.933579999999999632e-01
-1.836541999999999897e+00
-8.045419999999999794e-01
-3.485420000000000185e-01
1.384579999999999977e-01
3.337158000000000069e+00
2.125658000000000047e+00
-2.555642000000000191e+00
-1.166142000000000012e+00
2.515458000000000194e+00
2.471858000000000111e+00
-2.097541999999999796e+00
-1.793741999999999948e+00
-4.524420000000000108e-01
-1.509741999999999917e+00
-2.816441999999999890e+00
-1.941642000000000090e+00
-8.878420000000000201e-01
1.167958000000000052e+00
6.115799999999999709e-02
1.490558000000000050e+00
1.746158000000000099e+00
-2.288041999999999909e+00
-2.639041999999999888e+00
-1.266642000000000046e+00
-1.132441999999999949e+00
