-3.093824000000000130e+00
-3.831323999999999952e+00
-4.240423999999999971e+00
-3.887523999999999980e+00
-3.109624000000000166e+00
-2.740423999999999971e+00
-4.337024000000000434e+00
-4.050524000000000235e+00
-3.289823999999999860e+00
-2.797324000000000144e+00
-3.015924000000000049e+00
-1.666123999999999938e+00
-1.096824000000000021e+00
2.293759999999999966e-01
8.787760000000000016e-01
1.781760000000000010e-01
-1.141523999999999983e+00
-1.765924000000000049e+00
-1.973524000000000056e+00
-4.193223999999999840e+00
-1.945923999999999987e+00
8.381760000000000321e-01
2.290076000000000001e+00
2.629376000000000158e+00
3.176276000000000099e+00
4.608576000000000228e+00
5.151176000000000421e+00
4.699475999999999765e+00
6.250175999999999732e+00
5.375175999999999732e+00
6.710776000000000074e+00
6.937876000000000154e+00
7.690076000000000356e+00
-4.935923999999999978e+00
-4.430124000000000173e+00
-3.738224000000000213e+00
-3.177324000000000037e+00
-1.132223999999999897e+00
7.793759999999999577e-01
-1.703724000000000016e+00
-2.794723999999999986e+00
-2.409123999999999821e+00
-1.020224000000000020e+00
-4.756923999999999708e+00
-3.900024000000000157e+00
-1.748923999999999923e+00
-2.446924000000000099e+00
-9.632239999999999691e-01
2.837775999999999854e+00
4.691375999999999991e+00
6.509576000000000029e+00
5.521276000000000295e+00
4.834775999999999740e+00
8.516776000000000124e+00
