-6.730279999999999596e-01
-1.988328000000000095e+00
-2.598727999999999927e+00
-1.856128000000000000e+00
-4.554279999999999995e-01
8.347200000000000453e-02
-2.563527999999999807e+00
-1.919227999999999934e+00
-5.438279999999999781e-01
2.214720000000000022e-01
5.577200000000000213e-02
1.517271999999999954e+00
2.279072000000000209e+00
1.733672000000000102e+00
1.444671999999999956e+00
-2.760727999999999849e+00
-2.567628000000000021e+00
-3.152800000000000047e-02
-5.107279999999999598e-01
1.950671999999999962e+00
1.597871999999999959e+00
2.193772000000000055e+00
3.345972000000000168e+00
2.104972000000000065e+00
2.149971999999999994e+00
1.936471999999999971e+00
1.942471999999999976e+00
-3.766627999999999865e+00
-2.322128000000000192e+00
