2.451969999999999983e-01
-9.898029999999999884e-01
-1.696903000000000050e+00
-1.119502999999999915e+00
1.675969999999999960e-01
8.058969999999999745e-01
8.044970000000000176e-01
5.853969999999999452e-01
1.168797000000000086e+00
2.021297000000000121e+00
2.240296999999999983e+00
1.636997000000000035e+00
-1.569803000000000059e+00
2.102297000000000082e+00
2.954096999999999973e+00
-3.301902999999999810e+00
-1.939103000000000021e+00
8.378970000000000029e-01
9.626970000000000249e-01
4.868970000000000242e-01
5.759700000000000236e-02
2.436969999999999970e-01
-7.740299999999999958e-02
2.904396999999999895e+00
1.835396999999999945e+00
-2.504303000000000168e+00
-1.062402999999999986e+00
2.413196999999999814e+00
2.470696999999999921e+00
-3.823703000000000074e+00
-3.930803000000000047e+00
-3.202303000000000122e+00
-1.372802999999999995e+00
-2.096703000000000205e+00
1.325196999999999958e+00
4.173970000000000180e-01
